Player           Team PS GP  Min  FGM  FGA  3M  3A FTM  FTA  OR   TR   AS  ST  TO  BK  PF  DQ   PTS  TC  EJ  FF Sta
abdul-rauf,mahmo  van PG 41  486  120  246   4  14  22   29   5   25   76   9  26   1  50   0   266   1   0   0   0
abdul-wahad,tari  den SG 29  420   43  111   4  10  21   36  14   59   22  14  34  13  54   0   111   0   0   0  12
abdur-rahim,shar  van SF 81 3241  604 1280  12  64 443  531 175  735  250  90 231  77 238   1  1663   9   0   0  81
alexander,cory    orl PG 24  222   18   56   4  16  12   18   0   25   36  16  25   0  29   0    52   0   0   0   0
alexander,courtn  was SG 65 1382  239  573  17  46 123  150  42  143   62  45  75   5 139   1   618   0   0   0  24
allen,ray         mil SG 82 3129  628 1309 202 467 348  392 101  428  374 124 204  20 192   2  1806   1   0   0  82
alston,rafer      mil PG 37  288   30   84   8  30   9   13   4   31   68  13  20   0  27   0    77   0   0   0   2
amaechi,john      orl  C 82 1710  237  592   0   7 176  279  77  268   74  28 124  29 175   1   650   3   0   0  36
anderson,derek    san SG 82 2859  413  993 101 253 342  402  75  363  301 120 165  14 188   1  1269   0   0   0  82
anderson,kenny    bos PG 33  849   88  227  11  33  59   71  16   73  134  44  52   2  62   0   246   1   0   0  28
anderson,nick     sac SG 21  169   14   57  10  39   0    0   3   25   13  10   7   4  13   0    38   0   0   0   0
anderson,shandon  hou SG 82 2396  263  590  46 170 138  188  72  333  189  82 131  40 202   0   710   1   0   0  82
anthony,greg      por PG 58  856   97  253  65 159  23   35  21   61   82  40  43   3  63   0   282   0   0   0   0
armstrong,darrel  orl PG 75 2767  413 1002 143 403 220  249  94  343  524 135 200  13 155   2  1189   5   1   0  75
artest,ron        chi SF 76 2363  327  815  43 148 210  280  59  294  228 152 159  45 254   6   907   7   1   1  74
atkins,chucky     det PG 81 2363  380  952 121 339  90  130  28  173  330  67 149   5 184   2   971   2   0   0  75
augmon,stacey     por SG 66 1182  127  266   0   4  57   87  60  159   98  48  48  21 105   0   311   4   1   0  23
austin,isaac      van  C 52  845   96  270   6  24  28   40  50  222   58  20  54  23  94   0   226   0   0   1  16
avery,william     min PG 55  463   55  144  16  59  28   36   5   29   75  13  45   4  48   0   154   0   0   0   0
bagaric,dalibor   chi  C 35  259   17   65   0   1  13   28  22   56   10   9  21  16  44   0    47   1   0   0   0
baker,vin         sea PF 76 2129  347  822   1  16 232  321 179  430   90  38 158  73 264   2   927  14   2   0  27
barkley,erick     por PG  8   38    8   22   3   8   0    0   0    3    6   2   5   0   2   0    19   0   0   0   0
barros,dana       det PG 60 1079  183  412  44 105  68   80   6   94  110  30  60   2  63   0   478   1   0   1   0
barry,brent       sea SG 67 1778  198  401 109 229  84  103  33  211  225  80  86  14 126   1   589   1   0   0  20
barry,jon         sac SF 62 1010  103  255  46 132  64   73  16   94  130  28  53   6  66   0   316   3   0   0   2
battie,tony       bos  C 40  845  108  201   0   3  44   69  73  233   16  27  37  60 126   3   260   1   0   0  25
bell,raja         phi SG  5   30    2    7   1   3   0    0   0    1    0   1   2   0   1   0     5   0   0   0   0
bender,jonathan   ind SF 59  574   66  186  11  41  50   68  14   74   32   7  42  28  73   0   193   0   0   0   7
benjamin,corey    chi SG 65  857  115  302  21  81  56   83  38  100   69  28  63  16 128   2   307   2   0   0   5
benoit,david      uta SF 49  446   71  147   5  13  31   39  20   81   22   6  28   6  75   0   178   0   0   0   2
best,travis       ind PG 77 2457  347  788  37  97 187  226  38  222  473 110 127  11 246  10   918   4   0   0  21
bibby,mike        van PG 82 3190  525 1157 108 285 143  188  47  304  685 107 248  12 148   1  1301   5   1   0  82
billups,chauncey  min SG 77 1790  248  587  73 194 144  171  32  158  260  51 111  11 178   2   713   3   0   1  33
blaylock,mookie   gsw PG 69 2352  317  801  73 225  53   76  71  272  462 163 128  20 134   1   760   3   0   0  59
blount,corie      gsw PF 68 1305  130  294   2   8  51   83 181  400   59  42  73  22 165   3   313   2   0   0   6
blount,mark       bos  C 64 1098  101  200   0   0  46   66  97  231   32  39  62  76 183   0   248   2   0   0  50
bogues,muggsy     tor PG  3   34    0    2   0   1   0    0   0    3    5   2   4   0   3   0     0   0   0   0   0
bohannon,etdrick  cle PF  6   19    2    4   0   0   4    4   3    7    0   0   1   2   4   0     8   0   0   0   0
booth,calvin      dal  C 55  933  120  252   0   0  53   78  77  246   42  29  53 111 146   1   293   0   0   0  29
bowdler,cal       atl PF 44  375   53  114   1   5  33   40  30   77    4  10  11  21  45   0   140   0   0   0   0
bowen,bruce       mia SF 82 2685  211  581 103 307  98  161  45  245  132  83  74  53 269   8   623   2   0   1  72
bowen,ryan        den SF 57  696   80  144   4  11  27   44  62  113   30  37  24  12  95   0   191   0   0   0   0
bowman,ira        atl PF  3   19    0    2   0   0   0    0   1    2    7   0   1   0   0   0     0   0   0   0   0
boykins,earl      lac PG 10  149   25   63   1   8  14   17   4   11   32   5   9   0   9   0    65   0   0   0   0
bradley,shawn     dal  C 82 2001  219  447   1   6 140  178 160  608   38  36  88 228 256   6   579  20   2   0  35
brand,elton       chi PF 74 2906  578 1215   0   2 334  472 285  746  240  71 219 118 243   4  1490   4   1   2  74
brandon,terrell   min PG 78 2821  511 1134  33  91 195  224  60  298  583 161 155  21 138   1  1250   0   0   0  78
brown,chucky      cle SF 26  339   40   95   0   3  22   34   8   54   11   9   8   7  37   0   102   2   0   0   2
brown,dee         orl PG  7  155   16   44  12  32   4    5   0   11   12   4   7   0  10   0    48   0   0   0   0
brown,p.j.        cha PF 80 2811  249  561   0   4 178  209 257  742  127  78 108  92 260   6   676   4   0   1  79
brown,randy       bos PG 54 1238  100  237   0   3  23   40  23   99  154  62  56  10 132   1   223   1   0   0  36
brunson,rick       ny PG 22  208   18   54   2  14   8   15   5   21   31   8  17   1  21   0    46   0   0   0   0
bryant,kobe       lal SG 68 2783  701 1510  61 200 475  557 104  399  338 114 220  43 222   3  1938   6   1   0  68
bryant,mark       dal PF 18  101    8   20   0   0   3    5   4   21    3   1   5   2  29   1    19   0   0   0   1
buckner,greg      dal PG 37  820   84  192   2   7  59   81  60  157   49  33  27   9 118   2   229   0   0   0   9
buechler,jud      det SG 57  737   76  164  32  77   9   12  20   94   39  21  25  10  83   0   193   0   0   0   3
buford,rodney     phi SF 47  573  104  241  16  38  24   29  16   74   17  17  29   6  68   0   248   0   0   0   0
bullard,matt      hou PF 61 1000  129  305  86 213  10   14  22  130   42  10  12   9  76   0   354   0   0   0   5
burrell,scott     cha SF  4   41    7   15   2   6   1    4   1    3    1   3   0   0   8   0    17   0   0   0   0
caffey,jason      mil PF 70 1460  179  367   0   0 142  211 135  353   53  38  77  25 184   8   500   0   0   0  33
camby,marcus      nyk  C 63 2127  304  580   1   8 150  225 196  723   52  66  63 136 205   4   759   3   1   0  63
campbell,elden    cha  C 78 2337  367  834   0   6 288  406 157  608  104  60 144 140 280   1  1022   8   1   1  78
cardinal,brian    det PF 15  126   10   31   0   5  11   18   8   23    3   7   9   2  27   0    31   0   0   0   0
carr,chris        bos SG 35  309   53  112  17  37  46   60  11   44   11   4  19   3  45   1   169   0   0   0   0
carter,anthony    mia PG 72 1630  195  480   6  40  65  103  46  180  268  73 119  10 154   1   461   2   0   3   6
carter,vince      tor SG 75 2979  762 1656 162 397 384  502 176  416  291 114 167  82 205   1  2070   9   0   0  75
cassell,sam       mil PG 76 2709  537 1132  30  98 277  323  46  290  580  88 220   8 214   4  1381  11   1   2  75
cato,kelvin       hou  C 35  624   64  111   0   0  37   57  47  141   11  13  25  31  89   1   165   0   0   0  13
causwell,duane    mia  C 31  384   32   85   0   0  12   25  23   83    5   8  23  18  67   0    76   2   0   0  14
ceballos,cedric   mia SF 40  559  101  229  22  73  37   43  34  106   20  16  32   7  61   0   261   1   0   0   0
cheaney,calbert   den SF  9  153   10   30   0   0   1    2   5   20    9   4   5   2  14   0    21   0   0   0   5
childs,chris      tor PG 77 1859  135  335  32 106  60   71  24  202  355  59 156  15 242   3   362  11   0   3   5
christie,doug     sac SG 81 2939  311  788  94 250 280  312  95  355  289 183 154  45 224   2   996   2   0   0  81
clark,keon        tor PF 81 1720  249  519   0   1 142  240 136  434   72  32  90 154 244   6   640   5   0   1   3
cleaves,mateen    det PG 78 1268  160  400   5  17  97  137  26  132  207  49 139   1 153   1   422   1   0   1   8
coker,john        gsw  C  6   32    1    8   0   0   0    0   3    5    2   1   2   0   4   0     2   0   0   0   0
coleman,derrick   cha PF 34  683   97  255  20  51  63   92  46  184   39  10  42  21  53   1   277   1   0   1   3
coles,bimbo       cle PG 47  804   91  239   2  16  48   56   9   48  138  27  59   6  87   0   232   9   2   1   0
collier,jason     hou PF 23  222   27   71   0   1  17   24  12   37    6   2  11   3  27   1    71   0   0   0   0
colson,sean       hou PG 13   44    6   24   1   5   2    4   2    6   10   1   2   0   6   0    15   0   0   0   0
corbin,tyrone     tor SF 15  117    9   38   0   5   2    4   3   13    4   2   3   0  18   0    20   0   0   0   1
crawford,chris    atl PF 47  901  122  270   6  22  68   83  28  110   37  21  62  16 117   3   318   2   0   0  22
crawford,jamal    chi PG 61 1050  107  304  41 117  27   34   9   89  141  43  85  14  68   0   282   0   0   0   8
croshere,austin   ind PF 81 1874  276  701  70 207 200  231 123  387   92  36 136  50 180   1   822   0   0   0  23
crotty,john       uta PG 31  264   22   65   4   7  17   19  13   28   34   6  19   0  32   0    65   0   0   0   0
cummings,vonteeg  gsw PG 66 1495  178  517  48 143  79  116  47  137  227  67  91  14 160   2   483   1   0   1  11
curley,bill       gsw PF 20  192   25   47   1   2  12   19  21   37    3   7  16   9  45   1    63   0   0   0   2
curry,dell        tor SG 71  956  162  382  62 145  43   51  16   85   75  27  39   8  66   0   429   2   1   0   1
curry,michael     det SF 68 1485  145  319   4   9  62   73  21  121  132  27  61   3 173   0   356   1   0   0  58
dampier,erick     gsw  C 43 1038  126  314   0   2  67  126  97  250   59  17  82  58 123   3   319   0   0   0  26
daniels,antonio   san PG 79 2060  275  588  74 183 121  156  26  163  304  61 109  14 120   0   745   1   0   0  23
david,kornel      det PF 27  209   25   51   0   0  12   13  15   52    7   6  11   4  28   0    62   0   0   0   0
davis,antonio     tor  C 78 2729  375  866   0   1 319  423 274  787  106  22 135 151 230   4  1069  10   2   1  77
davis,baron       cha PG 82 3192  409  957  85 274 228  337 129  408  598 170 226  36 267   1  1131   9   0   0  82
davis,dale        por PF 81 2162  242  487   0   4  96  152 233  606  103  44  67  76 199   0   580   9   2   0  43
davis,emanual     sea SG 62 1290  133  318  50 127  45   55  28  154  137  64  77  12 101   0   361   1   0   0  39
davis,hubert      was SG 66 1692  196  433  78 171  54   62  28  139  110  35  81   1 121   0   524   0   0   0  18
davis,ricky       mia SG  7   70   12   29   1   1   7    8   1    7   11   5   5   2   7   0    32   0   0   0   0
davis,terry       den PF 19  228   12   25   0   0   9   22  24   53    7   1   5   1  34   0    33   0   0   0   1
day,todd          min SG 31  345   44  118  26  69  18   23  10   37   28  10  24   7  52   0   132   2   0   0   0
declercq,andrew   orl PF 67  903  107  193   0   0  47   82  91  236   32  41  51  33 198   2   261   2   0   1  51
delk,tony         pho SG 82 2288  383  923  54 168 185  235  76  261  160  75 101  17 171   1  1005   1   0   0  11
delnegro,vinny    pho PG 65  922  106  234   1  13  41   44  12   82  126  26  34   3  78   0   254   2   0   0   1
dial,derrick      san SG 33  207   36   83   2  10  12   21  12   38   21   4  12   6  22   0    86   0   0   0   0
dickerson,michae  van SG 70 2618  425 1020  86 230 206  270  70  229  233  62 162  27 207   0  1142   2   0   0  69
divac,vlade       sac  C 81 2420  364  755   4  14 242  350 207  673  231  87 192  93 242   5   974   9   0   0  81
doleac,michael    orl  C 77 1398  220  527   0   3  50   59  70  273   65  37  59  41 239  10   490   2   0   2  21
dooling,keyon     lac PG 76 1237  148  362  28  80 125  179   8   89  177  41  94  11 107   0   449   3   0   0   1
douglas,sherman   njn PG 59 1094  122  303   8  40  86  115  21   74  144  36  79   4  93   0   338   7   0   0   7
drew,bryce        chi PG 48 1305  124  327  40 105  14   19  12   69  185  32  68   3  99   1   302   0   0   0  41
dudley,chris      pho  C 53  613   29   73   0   0  14   36  64  183   18  14  26  29 111   1    72   4   1   0  33
duncan,tim        san PF 82 3174  702 1406   7  27 409  662 259  997  245  70 242 192 247   0  1820   3   0   1  82
edney,tyus        ind PG 24  263   35   91   1   6  35   39   5   24   54  17  25   0  17   0   106   0   0   0   0
edwards,kevin     van SG 46  634   56  170   5  19  43   53  23   82   52  29  37   8  46   0   160   1   0   0   5
eisley,howard     dal PG 82 2426  265  675 107 269 104  126  23  197  295  99 102  12 218   3   741   1   0   0  40
ekezie,obinna     dal PF 33  281   32   81   0   0  37   53  31   78    9   5  14   5  48   0   101   0   0   0   0
el-amin,khalid    chi PG 50  936  115  311  28  84  56   72  21   81  145  48  54   2  99   0   314   0   0   0  14
elie,mario        pho SG 68 1506  104  246  36 100  55   69  38  155  131  58  60  12 112   0   299   4   1   0  67
elliott,sean      san SF 52 1229  147  339  55 129  60   84  17  170   81  23  51  25  80   0   409   1   0   0  34
ellis,laphonso    min SF 82 1948  298  642   7  22 169  214 199  494   93  67 108  74 290   7   772   2   0   2   5
ellison,pervis    sea  C  9   40    2    7   0   0   2    2   2   12    3   0   3   2  13   0     6   0   0   0   0
eschmeyer,evan    njn  C 74 1331   92  200   0   0  67  102 135  366   40  41  53  58 220   5   251   1   0   0  51
ewing,patrick     sea  C 79 2107  294  684   0   2 172  251 124  585   92  53 151  91 229   1   760   4   1   0  79
feick,jamie       njn PF  6  149    8   23   0   0   6   12  12   56    5   8   7   3  15   0    22   0   0   0   0
ferry,danny       san SF 80 1688  178  375  70 156  22   30  55  223   71  28  50  21 169   1   448   3   1   0  29
finley,michael    dal SG 82 3443  711 1552  91 263 252  325 109  425  360 118 190  32 174   2  1765   4   0   1  82
fisher,derek      lal PG 20  709   77  187  25  63  50   62   5   59   87  39  29   2  50   0   229   1   0   0  20
fizer,marcus      chi SF 72 1580  278  646  10  39 117  161  76  313   76  30 124  19 175   0   683   8   0   0  13
fortson,danny     gsw PF  6  203   29   50   0   0  42   54  29   98    5   2  10   0  22   1   100   0   0   0   6
foster,greg       lal  C 62  451   56  133   3   9  10   14  29  112   32   9  25  12  76   0   125   4   1   0   8
foster,jeff       ind  C 71 1152  100  213   2   7  47   91 144  389   33  39  52  28 152   3   249   1   0   1   9
fox,rick          lal SF 82 2291  287  646 118 300  95  122  80  325  262  70 136  29 225   1   787   2   0   0  77
foyle,adonal      gsw  C 58 1457  156  375   0   0  30   68 156  405   48  31  79 156 136   0   342   0   0   0  37
francis,steve     hou PG 80 3194  550 1219 133 336 358  438 190  553  517 141 265  31 274   7  1591  23   1   1  79
fuller,todd       mia  C 10   77   10   35   0   0   8    8   7   18    1   3   3   2  10   0    28   0   0   0   0
funderburke,lawr  sac PF 59  698  120  242   0   0  48   77  74  196   17   9  32  13  44   0   288   3   0   0   2
garces,ruben      gsw PF 13   73    7   22   0   0   2    8  16   29    5   3   5   2  14   0    16   1   0   0   0
garner,chris      gsw PG  8  149    7   37   0   7   5    6   2   12   18   7   9   1  18   0    19   0   0   0   0
garnett,kevin     min PF 81 3202  704 1475  19  66 357  467 219  921  401 111 230 145 204   0  1784  14   1   0  81
garrett,dean      min  C 70  831   75  156   0   0  27   39  65  217   24  26  25  49  93   0   177   0   0   0  21
garrity,pat       orl SF 76 1579  223  576  97 224  85   98  51  210   51  40  68  15 241   3   628   4   0   0   1
gatling,chris     cle PF 74 1670  329  733  28  92 156  228  99  391   61  52 119  27 185   0   842  18   4   2   6
geiger,matt       phi  C 35  542   88  224   0   2  37   54  50  139   14  12  25   8  73   0   213   1   0   0   4
george,devean     lal SF 59  593   64  207  15  68  39   55  35  110   19  15  34  15  87   1   182   0   0   0   1
gill,eddie        njn PG  8  152   16   41   3   9   4    5   0    9   24   4  10   1   9   0    39   0   0   0   0
gill,kendall      njn SG 31  892  107  323   4  14  65   90  32  131   87  47  48   7  64   0   283   1   0   0  26
glover,dion       atl SG 57  929  141  336   9  46  47   69  39  131   69  49  54  10  92   1   338   2   0   1   7
goldwire,anthony  den PG 20  201   30   80   9  34  13   17   1   12   34   9  15   0  13   0    82   0   0   0   0
goodrich,steve    chi PF 12  133    7   18   1   3   4    7   7   21    6   2   8   1  14   0    19   0   0   0   0
grant,brian       mia PF 82 2771  484 1010   0   1 282  354 217  718  101  60 170  71 293   5  1250   6   0   0  79
grant,gary        por PG  4   17    5    7   0   0   0    0   0    0    1   0   0   0   1   0    10   0   0   0   0
grant,horace      lal PF 77 2390  263  569   0   3 131  169 220  545  121  51  48  61 181   2   657   2   0   0  77
green,a.c.        mia PF 82 1411  144  324   0   6  79  111 107  313   39  30  45   8 119   0   367   1   0   1   1
griffin,adrian    bos SF 44  377   33   97   9  26  18   24  27   87   27  18  18   5  45   0    93   0   0   0   0
gugliotta,tom     pho PF 57 1159  149  380   3  12  61   77  76  255   55  47  50  21 109   0   362   2   1   0   2
guyton,a.j.       chi PG 33  630   78  192  27  69  15   18  10   36   64   9  24   5  35   0   198   0   0   0   8
ham,darvin        mil SF 29  540   39   80   2   3  29   49  56  121   25  17  33  21  85   0   109   3   0   0  13
hamilton,richard  was SG 78 2519  547 1249  40 146 277  319  75  238  224  75 201  10 203   2  1411   6   1   0  42
hamilton,zendon   lac  C  3   19    2    9   0   0   5    8   3    8    0   0   2   0   4   0     9   0   0   0   0
hammonds,tom      min PF  7   30    3   10   0   0   1    2   2    4    1   0   3   0   8   1     7   1   0   0   0
hardaway,anferne  pho SG  4  112   15   36   2   8   7   11   5   18   15   6   3   1   6   0    39   0   0   0   4
hardaway,tim      mia PG 77 2613  408 1042 189 517 145  181  26  204  483  90 189   6 155   1  1150  10   1   2  77
harper,ron        lal SG 47 1139  127  271  19  72  34   48  46  166  113  39  62  25  70   0   307   2   0   0  46
harpring,matt     cle SG 56 1615  238  524  13  52 134  165  90  242  102  42  90  17 161   1   623   4   0   0  55
harrington,al     ind PF 78 1892  241  543   1   7 103  157 119  381  130  63 148  18 223   2   586   5   1   3  38
harrington,othel  nyk PF 74 1815  247  507   0   3 171  224 139  388   56  34 145  45 237   4   665   3   0   0  45
harris,lucious    njn SG 73 2071  265  624  46 132 107  139  71  288  135  74  64  16 127   1   683   1   0   0  50
hart,jason        mil PG  1   10    1    1   0   0   0    0   0    0    1   0   2   0   0   0     2   0   0   0   0
harvey,antonio    por PF 12   72   13   28   0   0   5    6   5   14    4   1   3   6  10   0    31   0   0   0   0
harvey,donnell    dal PF 18   65    8   14   0   0   6   16   6   20    2   3   7   1  15   0    22   0   0   0   0
hawkins,hersey    cha SG 59  681   56  137  17  46  54   63  17   80   72  33  19   9  45   0   183   1   0   0   0
hawkins,michael   cle PG 10   76    3    9   2   4   0    0   2    5   13   2   6   0  13   0     8   0   0   0   0
henderson,alan    atl PF 73 1810  298  671   0   1 173  271 180  406   50  51 126  29 164   2   769   3   0   0  42
henderson,cedric  cle SF 55  961  102  262   1   8  30   46  19   90   79  29  63  23 101   0   235   1   0   0  10
herren,chris      bos PG 25  408   29   96  16  55   9   12   4   21   56  14  20   0  43   0    83   1   0   0   7
hill,grant        orl SF  4  133   19   43   1   1  16   26   8   25   25   5  11   2   9   0    55   0   0   0   4
hill,tyrone       phi PF 76 2363  278  587   0   1 172  273 239  687   48  37 127  27 242   2   728   9   0   0  75
hoiberg,fred      chi SG 74 2247  217  495 103 250 136  157  21  308  263  98  74  12 155   0   673   0   0   1  37
horry,robert      lal PF 79 1587  147  380  54 156  59   83  93  296  128  54  79  54 210   3   407   6   1   1   1
house,eddie       mia PG 50  550  104  247  19  55  24   35   5   42   52  13  35   0  58   0   251   0   0   0   0
houston,allan     nyk SG 78 2858  542 1208  96 252 279  307  20  283  173  52 161  10 190   5  1459   0   0   0  78
howard,juwan      dal PF 81 2974  583 1218   0   3 296  383 171  572  224  75 242  37 292   2  1462   8   1   0  81
hudson,troy       orl PG 75 1008  125  372  22 109  85  104  38  105  162  37  92   3  82   0   357   0   0   0   7
hughes,larry      gsw SG 50 1846  308  805  14  75 193  252  76  276  223  96 152  29 147   2   823   7   1   0  45
hunter,lindsey    mil PG 82 2002  298  783 152 407  77   96  32  169  222 102  68  12 172   1   825   1   0   0   5
ilgauskas,zydrun  cle  C 24  616  114  234   0   2  53   78  65  160   18  15  60  37  78   0   281   4   0   1  24
iverson,allen     phi SG 71 2979  762 1813  98 306 585  719  50  273  325 178 237  20 147   0  2207  18   0   0  71
jackson,bobby     sac PG 79 1648  231  526  39 104  65   88  74  246  161  87 103   7 139   0   566   4   1   1   7
jackson,jaren     san SG 16  114   16   40   7  18   0    2   1   12    7   5   3   0  13   0    39   0   0   0   0
jackson,jimmy     cle SG 56 1690  239  632  26  80 139  169  53  224  163  53 130  10 139   0   643   3   0   0  40
jackson,marc      gsw  C 48 1410  237  508   5  23 154  192 119  361   59  34  93  27 138   1   633   4   0   2  35
jackson,mark      nyk PG 83 2588  244  583  70 207  73   93  63  305  661  84 175   7 139   0   631   1   0   0  82
jackson,stephen   njn SF 77 1660  243  572  52 155  97  135  41  208  140  86 130  14 166   2   635   6   0   0  40
jacobson,sam      min SG 14   59    9   18   0   0   2    3   3    6    4   3   0   0  19   0    20   0   0   0   0
james,tim         cha SF 30  197   16   52   1   3  12   14  15   35    8   2   8   5  27   0    45   0   0   0   0
jamison,antawn    gsw PF 82 3394  800 1812  62 205 382  534 280  715  164 114 199  28 225   2  2044   1   0   0  82
johnson,anthony   cle PG 53  511   53  152   1   5  23   33  10   44   78  23  34   6  62   0   130   0   0   0   0
johnson,avery     san PG 55 1290  134  300   1   6  41   60  21   85  237  33  60   4  90   0   310   1   0   1  20
johnson,dermarr   atl SF 78 1313  146  390  41 127  64   87  56  178   64  43  93  30 134   0   397   0   0   0  21
johnson,ervin     mil  C 82 1981  108  198   0   0  50   93 205  613   40  44  47  97 257   4   266   5   0   0  19
johnson,larry     nyk PF 65 2105  246  598  51 163 102  128  90  363  127  39  97  29 209   2   645   5   1   0  65
jones,damon       van PG 71 1415  170  416  84 231  37   52  16  124  224  36  76   1  58   0   461   1   0   0  10
jones,eddie       mia SG 63 2282  388  871  90 238 228  270  75  292  171 110 135  58 183   5  1094   1   0   0  58
jones,jumaine     phi PF 65  866  122  275  20  60  40   53  63  189   32  30  39  15  68   0   304   0   0   0   0
jones,popeye      was PF 45  638   60  153   1   6  41   55  83  220   31  19  21   8  95   0   162   1   0   2   1
joseph,garth      den  C  4   16    1    5   0   0   0    2   2    2    1   0   2   1   1   0     2   0   0   0   0
keefe,adam        gsw PF 67  836   64  159   1   3  39   63  90  209   36  28  40  20 102   0   168   2   0   0  13
kemp,shawn        por PF 68 1083  168  413   4  11 101  131  63  259   65  45  99  23 184   3   441   7   2   1   3
kerr,steve        san PG 55  650   67  159  33  77  14   15   6   35   57  16  21   1  30   0   181   0   0   1   1
kersey,jerome     mil PF 22  243   32   69   0   1   8   16   8   45   15  14   6   8  36   1    72   2   0   1   2
ketner,lari       ind  C  3    7    0    0   0   0   0    0   0    0    1   0   2   0   0   0     0   0   0   0   0
kidd,jason        pho PG 77 3065  451 1097  69 232 328  403  91  494  753 166 286  23 171   1  1299   2   0   0  76
king,gerard       was PF 45  706   90  176   0   0  36   45  39  129   31  14  47  11  94   2   216   1   0   0   3
knight,brevin     atl PG 53 1457  139  371   1  10  54   66  23  168  311 101  91   4 155   2   333   4   1   0  43
knight,travis     nyk  C 45  256   10   53   0   1   9   18  19   53    5   5  10  11  47   0    29   0   0   0   0
kukoc,toni        atl SF 65 1597  275  582  70 157 101  160  66  259  199  48 111  11  98   0   721   2   0   0  19
laettner,christi  was PF 78 1663  277  551   4  13 170  204 118  365  124  71 137  46 242   1   728   2   0   0  48
lafrentz,raef     den  C 78 2457  387  812  51 139 183  262 173  607  107  37  97 206 290   9  1008   2   0   0  74
langdon,trajan    cle SG 65 1116  135  313  51 124  68   76  12   89   81  38  52   9 114   0   389   0   0   0   5
langhi,dan        hou PF 33  241   37   99   0   1  16   29  13   41    4   7   8   1  16   0    90   0   0   0   0
lenard,voshon     den SG 80 2331  336  846 147 382 153  192  47  231  190  65 102  18 170   1   972   2   0   0  58
lewis,quincy      uta SF 35  402   50  123   9  25  15   21  14   47   18  10  17  10  78   1   124   1   0   0   2
lewis,rashard     sea SF 78 2720  426  887 123 285 176  213 143  541  125  91 129  45 191   2  1151   2   0   0  78
livingston,randy  gsw PG  2    7    0    2   0   1   0    0   0    1    1   0   0   0   0   0     0   0   0   0   0
long,art          sac PF  9   20    0    4   0   0   0    2   2    8    1   0   2   3   5   0     0   0   0   0   0
long,grant        van PF 66 1507  140  319   4  15 112  157  76  274   83  72  62  15 160   2   396   0   0   0  27
longley,luc       nyk  C 25  301   18   54   0   0  13   17  26   66    7   3  22   9  51   0    49   0   0   0   2
lopez,felipe      min SF 70 1565  211  478  19  52 109  156  55  234  107  62  83  30 156   0   550   2   0   0  48
lue,tyronn        lal PG 38  468   50  117  11  34  19   24   5   32   45  19  27   0  54   1   130   0   0   0   1
lynch,george      phi SF 82 2649  274  616  15  57 123  171 200  590  139  99 109  30 222   2   686   1   0   0  80
macculloch,todd   phi  C 63  597  109  185   0   0  42   66  69  168   10   7  27  19  96   0   260   0   0   0   3
maclean,don       mia SF  8   76   10   20   2   2   9   12   7   18    4   5  10   1   9   0    31   0   0   1   1
madsen,mark       lal PF 70  641   55  113   1   1  26   37  74  152   24   8  27   8 111   2   137   1   0   0   3
maggette,corey    lac SF 69 1359  225  487  17  56 223  288  88  291   82  35 106   9 140   1   690   5   0   0   9
magloire,jamaal   cha  C 74 1095  122  271   0   2  95  145 103  295   27  18  61  78 139   0   339   3   0   1   0
majerle,dan       mia SG 53 1306   87  259  57 181  36   44  20  166   88  53  35  15  98   0   267   0   0   1  19
malone,karl       uta PF 81 2895  670 1345   2   5 536  676 114  669  361  93 244  62 216   0  1878  21   2   0  81
maloney,matt      atl PG 55 1403  146  348  51 142  26   34  14  117  154  56  70   5  94   1   369   0   0   0  27
manning,danny     uta SF 82 1305  247  500   7  28 102  140  66  214   92  47  96  29 219   0   603   5   1   0   0
marbury,stephon   njn PG 67 2557  563 1277 110 335 362  458  53  205  506  79 197   5 150   1  1598   3   0   0  67
marion,shawn      pho SF 79 2857  557 1160  21  82 234  289 220  848  160 132 129 108 211   2  1369   1   0   0  79
marshall,donyell  uta SF 81 2326  427  849  41 128 205  273 172  566  133  85 128  78 196   0  1100   6   0   2  49
martin,darrick    sac PG 31  176   29   76  14  27  31   35   2   16   14   7  10   0  27   0   103   0   0   0   0
martin,kenyon     njn PF 68 2272  346  777   1  11 121  192 137  502  131  78 138 113 281  10   814   2   1   2  68
mashburn,jamal    cha SF 76 2989  573 1388 103 289 279  364  92  576  411  85 211  13 185   1  1528   7   1   0  76
mason,anthony     mia SF 80 3254  460  954   0   0 370  474 169  770  248  80 179  25 231   5  1290  15   0   1  80
mason,desmond     sea SF 78 1522  189  439  18  67  67   91  72  249   63  39  53  20 146   0   463   0   0   1  14
massenburg,tony   van PF 52  823   92  199   0   0  49   70  75  210    9  10  48  28 122   0   233   1   0   0  20
maxwell,vernon    dal SG 43  660   73  223  34 111  21   32   4   66   49  21  35   3  64   0   201   4   0   0   6
mccarty,walter    bos SF 60  478   45  126  19  56  22   28  24   81   39  14  20   7  82   0   131   0   0   0   1
mcclintock,dan    den  C  6   58    9   18   0   0   0    5  10   17    1   0   3   2  11   1    18   0   0   1   1
mccloud,george    den SF 76 2007  250  655  77 234 152  181  55  224  279  53 117  27 165   1   729   1   0   2   8
mccoy,jelani      sea  C 70 1143  138  264   0   0  41   93  92  251   57  18  75  49 141   0   317   4   0   0  44
mcdyess,antonio   den PF 70 2555  577 1165   0   0 304  434 240  845  146  43 162 102 220   2  1458   9   1   0  70
mcgrady,tracy     orl SF 77 3087  788 1724  59 166 430  587 192  580  352 116 198 118 160   0  2065  10   2   1  77
mcilvaine,jim     njn  C 18  193   10   28   0   0   8   12   8   35    4   7   9  15  35   0    28   0   0   0   3
mcinnis,jeff      lac PG 81 2831  432  933  52 144 130  161  41  220  447  75 113   7 199   2  1046   4   1   1  81
mckey,derrick     ind SF 66  987   60  136   4  20  21   27  49  176   74  48  47  13 136   1   145   1   1   1  20
mckie,aaron       phi PG 76 2394  338  714  53 170 149  194  33  311  377 106 203   8 178   3   878   2   0   0  33
mcleod,roshown    phi SF 35  922  145  332   2  22  45   51  38  120   58  23  58   8  90   0   337   0   0   0  25
mcpherson,paul    gsw SG 55  595  109  216   2  12  42   58  40   79   38  25  47   4  80   0   262   1   0   0   0
medvedenko,stan   lal PF  7   39   12   25   1   1   7   12   1    9    2   1   3   1   9   0    32   1   0   0   0
mercer,ron        chi SG 61 2535  500 1121  14  46 188  228  72  236  201  78 129  27 148   3  1202   1   0   0  61
mihm,chris        cle  C 59 1166  173  391   0   1 100  126 106  280   16  20  80  53 156   2   446   1   0   0  43
miles,darius      lac SF 81 2133  318  630   1  19 124  238 127  477   99  51 147 125 191   1   761   4   0   0  21
miller,andre      cle PG 82 2848  452  999  17  64 375  450  94  360  657 119 265  28 229   0  1296   3   0   1  82
miller,anthony    phi PF  4   11    1    2   0   0   0    0   0    2    0   0   1   0   1   0     2   0   0   0   0
miller,brad       chi  C 57 1434  168  386   1   5 168  226 144  419  107  33  73  38 176   6   505   2   0   1  45
miller,mike       orl SG 82 2390  368  845 148 364  91  128  66  327  140  51  97  19 200   2   975   1   0   1  62
miller,reggie     ind SG 81 3181  517 1176 170 464 323  348  38  285  260  81 133  15 162   0  1527  14   1   1  81
mills,chris       gsw SF 15  493   71  191   7  25  31   36  24   93   18   9  20   5  43   1   180   1   0   0   8
mills,terry       ind PF 14  113   11   34   3  17   0    0   4   21    5   3  10   1  20   1    25   0   0   1   0
mitchell,sam      min SF 82  983  118  289   9  43  40   55  28  123   57  26  36  10 117   0   285   0   0   1   4
mobley,cuttino    hou SG 79 3002  527 1214  90 252 394  474  83  397  195  84 165  26 169   1  1538   9   0   0  49
mohammed,nazr     atl  C 58  912  176  369   0   1  89  126 115  307   19  29  64  35 113   0   441   0   0   0  22
moiso,jerome      bos PF 24  135   12   30   0   1  11   26  12   42    3   3  18   4  29   0    35   0   0   0   0
montross,eric     tor  C 54  649   56  138   0   0   8   31  52  173   19  11  41  26 115   0   120   0   0   0  21
moore,mikki       det  C 81 1154  132  268   0   1  95  130 121  316   33  24  74  61 202   2   359   3   0   1   2
mottola,hanno     atl  C 73  989  123  277   0   3  73   90  49  174   25  11  67   9 163   3   319   0   0   0   3
mourning,alonzo   mia  C 13  306   73  141   0   1  31   55  35  101   12   4  28  31  24   0   177   3   0   0   3
mullin,chris      gsw SF 20  374   36  106  19  52  24   28  10   41   19  16  19  10  28   0   115   0   0   0   8
murray,lamond     cle SF 78 2225  391  925  61 165 155  211 104  340  124  83 141  27 173   0   998   5   1   1  46
murray,tracy      tor SF 51  588   94  248  36 103  33   42  22   81   23  12  26   7  53   0   257   0   0   0   1
mutombo,dikembe   phi  C 75 2591  269  556   0   0 211  291 307 1015   76  29 144 203 204   2   749   8   0   0  75
nailon,lee        cha PF 42  469   66  136   0   1  32   43  29   92   24   9  27   5  60   0   164   2   0   0   0
najera,eduardo    dal SF 40  431   58  111   1   3  14   33  41   95   27  13  17   8  48   0   131   2   0   0   4
nash,steve        dal PG 70 2387  386  792  89 219 231  258  46  223  509  72 205   5 158   0  1092   1   0   0  70
ndiaye,mamadou    tor  C  3   10    1    4   0   0   2    2   1    2    0   0   0   0   3   0     4   0   0   0   0
nesby,tyrone      was SF 62 1556  189  530  49 180  85  106  51  173   76  51  65  20 155   1   512   4   0   0  34
nesterovic,rados  min  C 73 1233  147  319   0   1  34   65  99  286   45  25  55  63 189   3   328   2   0   1  39
newble,ira        san SF 27  184   21   55   4   9   8   16  13   35    6   2   7   4  18   0    54   0   0   0   6
newman,johnny     njn SF 82 2049  291  695  59 176 254  297  34  176  115  63 106  10 229   3   895   5   0   1  17
norris,moochie    hou PG 82 1654  184  413  25  89 151  194  44  198  283  69 107   2  84   0   544   1   0   0   6
nowitzki,dirk     dal PF 82 3125  591 1247 151 390 451  538 119  754  173  79 156 101 245   1  1784   5   0   1  82
o'neal,jermaine   ind  C 81 2641  404  868   0   5 233  388 249  794   98  49 161 228 280   5  1041  13   2   1  80
o'neal,shaquille  lal  C 74 2924  813 1422   0   2 499  972 291  940  277  47 218 204 256   6  2125   7   1   4  74
oakley,charles    tor PF 78 2767  305  786  11  49 127  152 142  741  264  76 139  48 258   0   748  12   0   1  77
odom,lamar        lac SF 76 2836  481 1046  80 253 262  386 110  592  392  74 264 122 236   4  1304  14   2   0  74
olajuwon,hakeem   hou  C 58 1545  283  568   0   1 123  198 124  431   72  70  81  88 141   0   689   0   0   0  55
ollie,kevin       phi PG 70  925   76  192   1   3  63   89  16   95  146  30  49   1  84   0   216   0   0   0   4
olowokandi,micha  lac  C 82 2127  308  708   0   0  85  156 168  525   46  30 169 108 250   4   701   4   1   1  82
ostertag,greg     uta  C 81 1491  139  281   1   2  84  151 164  415   22  22  63 142 215   3   363   5   0   2   3
outlaw,charles    orl PF 80 2534  226  368   1   2 129  225 211  619  225 105 141 137 241   4   582   5   0   0  69
overton,doug      njn PG 21  475   52  139  11  36  10   16   4   39   72   8  31   0  37   0   125   0   0   0  10
owens,billy       det SF 45  793   88  230   3  20  19   40  84  205   55  32  39  12  93   0   198   0   0   0  14
oyedeji,olumide   sea  C 30  221   18   37   0   0   9   12  24   67    2   7  11  10  40   0    45   0   0   0   1
pack,robert       den PG 74 1260  181  426  12  31 105  137  30  137  293  65 135   1 114   0   479   2   0   0  11
padgett,scott     uta SF 27  127   18   43   5   9  15   20  19   39    5   6  10   3  21   0    56   0   0   0   0
palacio,milt      bos PG 58 1141  126  267  12  36  78   92  25  102  151  48  80   0  83   0   342   0   0   0   9
panko,andy        atl PF  1    1    0    0   0   0   0    0   0    0    0   0   0   0   0   0     0   0   0   0   0
parks,cherokee    lac PF 65 1054  134  274   0   6  31   44  71  229   46  25  41  36 122   0   299   2   0   0  31
patterson,ruben   sea SF 76 2059  370  749   2  36 246  361 183  382  161 103 155  45 176   1   988   9   0   0  22
payton,gary       sea PG 79 3244  725 1591 102 272 271  354  73  361  642 127 209  26 184   0  1823  14   0   0  79
peeler,anthony    min SG 75 2126  308  732 100 256  75   87  44  192  192  91 105  18 166   1   791   1   0   1  41
penberthy,mike    lal PG 53  851   92  222  55 139  28   31  10   63   71  22  34   2  57   0   267   0   0   0   0
perdue,will       por  C 13   58    6    9   0   0   2    4   6   18    2   3   0   2   8   0    14   0   0   0   0
perkins,sam       ind  C 64  999   86  226  38 110  32   38  32  168   41  33  19  18  61   0   242   2   0   0  41
perry,elliot      pho PG 51  504   65  140   1   5  16   22   9   46   79  22  38   1  29   0   147   0   0   0   6
person,wesley     cle SG 44  958  128  292  34  84  24   30  11  130   64  27  40  11  62   0   314   0   0   3  22
peterson,morris   tor SF 80 1809  290  673  63 165 104  145 112  259  105  63  78  20 164   0   747   1   0   0  49
piatkowski,eric   lac SG 81 2144  291  672 120 297 158  181  54  241   96  46  76  19 123   0   860   1   0   0  40
pierce,paul       bos SF 82 3120  687 1513 147 384 550  738  94  522  253 138 262  69 251   3  2071   9   1   0  82
pippen,scottie    por SF 64 2133  269  596  64 186 119  161  70  333  294  94 154  35 158   2   721  10   1   0  60
pollard,scot      sac  C 77 1658  185  395   0   2 128  171 173  465   47  48  66  97 206   4   498   5   0   2   8
polynice,olden    uta  C 81 1619  206  415   0   1  17   65 157  378   31  27  78  77 241   2   429   5   0   2  79
pope,mark         mil PF 63  942   62  142   5  24  22   35  56  147   38  16  17  26 140   2   151   0   0   0  45
porter,chris      gsw SF 51 1147  173  445   0   5  94  141  89  189   61  45  59   6 111   2   440   0   0   0  35
porter,terry      san PG 80 1678  197  440  87 205  92  116  24  201  251  52 104  11  88   1   573   5   1   0  42
posey,james       den SF 82 2255  243  590  65 217 115  141 125  431  163  93 102  40 226   2   666   3   0   0  82
postell,lavor     nyk SG 26  169   17   54   3  11  22   27   8   25    5   4  17   2  12   0    59   0   0   0   0
potapenko,vitaly  bos  C 82 1901  248  521   0   0 115  158 206  495   64  52 105  23 228   2   611   7   0   1   7
price,brent       van PG  6   30    3   11   1   4   6    7   1    4    5   2   4   0   8   0    13   0   0   0   0
profit,laron      was SG 35  605   56  142   7  26  33   45  18   64   89  36  46  11  43   0   152   0   0   0  12
przybilla,joel    mil  C 33  270   12   35   0   0   3   11  29   71    2   3  13  30  56   0    27   1   0   0  13
ratliff,theo      phi  C 50 1800  228  457   0   0 165  217 125  413   58  30 126 187 165   3   621   1   0   0  50
recasner,eldridg  cha SG 43  403   38  114  13  39  14   18  13   50   39   6  27   1  30   0   103   0   0   0   0
redd,michael      mil SG  6   35    5   19   0   3   3    6   3    4    1   1   1   0   2   0    13   0   0   0   0
reeves,bryant     van  C 75 1832  254  552   1   4 113  142 132  452   80  43  90  54 243   5   622   2   0   0  48
reid,don          orl PF 65  764   82  145   0   0  46   75  84  242   21  23  48  54 190   4   210   0   0   1   7
reid,j.r.         cle PF  6   39    2    5   0   0   6    8   5    8    1   2   1   1   4   0    10   0   0   0   0
rice,glen         nyk SF 75 2212  331  752  82 211 155  182  61  307   89  41  96  13 179   1   899   1   0   0  25
richardson,quent  lac SG 76 1358  232  525  50 151  99  158 105  257   62  42  64   7  98   0   613   2   0   0  28
richmond,mitch    was SG 37 1216  205  504  45 133 143  160  15  109  111  43  84   7  86   0   598   1   0   0  30
rider,isaiah      lal SG 67 1206  201  472  34  92  71   83  44  156  111  27  98   7 105   0   507   6   1   1   6
roberson,terranc  cha SF  3   13    0    2   0   1   0    0   0    1    1   0   2   0   3   0     0   0   0   0   0
robinson,cliff    pho PF 82 2751  501 1186  90 249 253  357 105  334  237  87 186  82 258   6  1345   9   0   1  82
robinson,david    san  C 80 2371  400  823   0   1 351  470 208  691  116  80 122 197 212   1  1151   1   0   1  80
robinson,eddie    cha SF 67 1201  216  407   2   4  64   88  60  198   59  50  43  32  66   0   498   0   0   0   6
robinson,glenn    mil SF 76 2813  684 1460  55 184 251  306 124  526  252  86 219  62 191   2  1674   8   1   4  74
robinson,jamal    mia SF  6   72    3   22   0   2   0    0   3   11    2   6   3   0   7   0     6   0   0   0   0
robinson,james    orl SG  6   50    4   11   2   5   0    0   0    8    0   4   4   1   5   0    10   0   0   0   0
robinson,larry    cle PG 34  632   67  184  44 116  21   24  23   87   36  28  25   2  46   0   199   0   0   0   1
rogers,carlos     hou PF 39  544   75  110   0   1  29   52  48  139    9  10  17  18  33   0   179   2   0   0   0
rogers,rodney     pho SF 82 2183  377  876  56 189 188  247  94  359  180  97 157  47 269   5   998   7   1   0   3
rooks,sean        lac  C 82 1553  169  395   1   2 107  143  91  303   77  34  73  64 197   2   446   2   1   2   0
rose,jalen        ind SF 72 2943  567 1242  59 174 285  344  37  359  435  65 211  43 230   2  1478   7   0   1  72
rose,malik        san PF 57 1219  160  368   3  17 114  160  95  308   48  59  74  40 148   1   437   1   0   0   9
ruffin,michael    chi PF 45  879   40   90   0   0  39   77 101  262   39  30  46  38 131   2   119   0   0   0  16
russell,bryon     uta SF 78 2473  308  700  95 230 222  285  94  330  160  96 113  20 229   1   933   1   0   1  46
sabonis,arvydas   por  C 61 1299  247  516   1  15 121  156  51  331   91  40  85  62 137   2   616   1   0   1  42
samake,soumaila   njn  C 34  226   18   48   0   0  10   24  22   53    1   2   4  14  23   0    46   1   0   0   0
sanchez,pepe      atl PG 29  150    9   28   0   1   2    2   3   15   41  11   6   1  21   0    20   0   0   0   0
santiago,daniel   pho  C 54  581   64  134   0   0  42   61  35  102   11  17  47  21 101   1   170   1   0   0   2
schrempf,detlef   por SF 26  397   39   95   3   8  23   27  17   78   44   7  28   3  43   0   104   1   1   0   0
scott,shawnelle   san  C 27  144   17   41   0   0   9   22  23   50    4   5  11   6  23   0    43   0   0   0   1
shaw,brian        lal PG 80 1833  164  411  42 135  51   64  48  304  258  49  97  27 159   1   421   2   0   1  28
skinner,brian     lac PF 39  584   64  161   0   0  32   59  55  168   18  14  32  11  61   0   160   0   0   0  23
slater,reggie     min PF 55  686   90  175   0   0  74  110  78  186   26  18  43   9 126   1   254   1   0   1  16
smith,jabari      sac  C  9   66   11   22   0   0   4    6   1    8    6   4   3   0   7   0    26   1   0   0   0
smith,joe         det PF 69 1941  308  765   0   5 231  287 160  491   79  47  88  50 258   5   847   4   0   1  59
smith,michael     was PF 79 1610  106  218   0   1  89  154 172  562  101  57  62  37 156   0   301   5   1   0  29
smith,mike        was SF 17  180   19   59   3  18  10   16  10   22   10   5   7   3   8   0    51   0   0   0   0
smith,steve       por SG 81 2542  359  788  78 230 309  347  87  272  213  48 137  24 203   0  1105   1   0   0  36
smith,tony        atl PG  6   78    8   23   0   2   1    2   2    3   10   7   9   0  12   0    17   0   0   0   0
snow,eric         phi PG 50 1740  182  435   5  19 122  154  27  166  369  77 124   7 123   1   491   4   1   0  50
spencer,felton    nyk  C 18  113   12   20   0   0  15   25  16   35    2   2  11   2  24   0    39   0   0   0   0
sprewell,latrell  nyk SF 77 3017  524 1219  41 135 275  351  49  347  269 106 218  28 159   1  1364   5   0   0  77
stackhouse,jerry  det SG 80 3215  774 1927 166 473 666  810  99  315  410  97 326  54 160   1  2380  17   2   0  80
starks,john       uta SG 75 2122  273  686  64 182  89  111  29  154  178  73  94  10 217   2   699   5   0   0  64
stepania,valdimi  njn  C 29  280   28   88   1   4  25   34  35  109   16  10  19  11  47   0    82   0   0   0   0
stevenson,deshaw  uta SG 40  293   31   91   1  12  26   38   9   28   18  10  28   2  29   0    89   0   0   0   2
stewart,michael   tor  C 26  123   11   34   0   0  11   18  16   29    2   4   5   3  19   0    33   0   0   0   0
stith,bryant      bos SG 78 2504  245  611  91 242 175  207  65  284  168  93  90  14 182   0   756   1   0   0  73
stockton,john     uta PG 82 2397  328  651  61 132 227  278  54  227  713 132 203  21 194   1   944   4   0   0  82
stojakovic,predr  sac SF 75 2905  559 1189 144 360 267  312  93  434  164  91 146  13 144   0  1529   0   0   0  75
stoudamire,damon  por PG 82 2655  406  935  82 219 172  207  69  303  468 106 191   8 202   1  1066   4   0   0  82
strickland,erick  van PG 50  830   81  267  30  95  68   79  18  128   95  44  48   2  88   0   260   3   0   0   0
strickland,mark   njn PF 55  719  103  239   1   2  45   70  54  161   24  16  34  22  72   0   252   1   0   0   2
strickland,rod    por PG 54 1371  182  429   4  17 130  173  36  140  303  53 107   5  76   0   498   0   0   0  28
strong,derek      lac PF 28  491   45  117   0   1  28   37  34  108    7  14  22   1  30   0   118   1   0   0   8
sundov,bruno      ind  C 11  120   20   41   0   4   3    5   4   23    2   2   3   4  21   2    43   0   0   0   4
sura,bob          gsw SG 53 1684  202  518  47 172 135  189  54  227  242  54 160   8 127   0   586   7   0   1  42
swift,stromile    van PF 80 1312  153  339   0   4  85  141 109  284   28  62  64  82 160   0   391   0   0   0   6
szczerbiak,wally  min SF 82 2856  469  920  26  77 181  208 133  447  260  59 138  33 226   4  1145   2   0   0  82
tabak,zan         ind  C 55  777   98  186   0   0  20   47  65  213   33  10  57  30 125   0   216   0   0   0  14
tarlac,dragan     chi  C 43  598   39   99   0   0  25   33  37  122   31   7  38  19  95   2   103   0   0   1  12
taylor,maurice    hou PF 69 1972  390  797   0   4 119  162 109  378  104  28 125  38 208   3   899   8   0   0  69
terry,jason       atl PG 82 3089  596 1367 124 314 303  358  42  269  403 104 239  12 204   2  1619   0   0   4  77
thomas,jamel      njn SF  5   56    6   19   1   3   0    0   4    9    0   3   6   0   6   0    13   0   0   0   0
thomas,kenny      hou SF 74 1820  206  465  25  92  91  126 122  417   77  40 116  43 178   4   528   2   0   0  21
thomas,kurt       nyk PF 77 2125  314  614   1   3 171  210 172  515   63  61  99  69 287   6   800   7   1   1  29
thomas,tim        mil SF 76 2086  326  758 107 260 195  253  79  313  138  78 114  45 194   5   954   5   1   0  16
thorpe,otis       cha PF 49  647   59  131   0   0  20   24  50  145   29  12  32   7 108   0   138   0   0   0   4
traylor,robert    cle PF 70 1212  161  324   0   2  80  141 124  300   63  49  98  76 204   3   402   4   0   1   7
trent,gary        dal PF 33  319   57  130   0   1  19   36  39   92   10  13  22   8  52   0   133   1   0   0   4
tsakalidis,iako   pho  C 57  947  101  215   0   0  54   91  83  242   19  10  66  55 137   1   256   0   0   0  39
turkoglu,hidaye   sac SF 74 1245  138  335  28  86  87  112  49  210   69  52  55  24 139   1   391   0   0   0   7
vanexel,nick      den PG 71 2688  460 1112 135 358 204  249  44  241  600  61 165  18 109   1  1259  15   2   2  70
vanhorn,keith     njn PF 49 1733  308  708  65 170 150  186  78  347   82  40 103  20 150   4   831   1   0   1  47
vanterpol,david   was PG 22  411   46  110   0   6  30   50  15   37   66  23  37   3  44   0   122   0   0   0   0
vaughn,jacque     uta PG 82 1620  170  393  30  78 128  164  18  150  323  48 129   3 145   0   498   0   0   0   0
vaught,loy        was PF 51  549   80  169   0   0   8   10  51  173   23  21  26   7  74   0   168   0   0   0   1
voskuhl,jake      chi  C 16  143   11   25   0   0   8   14  12   34    5   5  12   6  38   0    30   0   0   0   2
walker,antoine    bos PF 81 3396  711 1720 221 603 249  348 151  719  445 138 301  49 251   2  1892  16   2   0  81
walker,samaki     san PF 61  963  121  252   1   3  78  124  67  243   29  10  68  41 103   0   321   0   0   0   1
wallace,ben       det PF 80 2760  215  439   1   4  80  238 303 1052  123 107 117 186 192   0   511   5   0   0  80
wallace,john      det SF 40  527  100  236   2  15  35   45  25   83   23  13  36  16  72   1   237   1   0   1   0
wallace,rasheed   por PF 77 2940  590 1178  52 162 245  320 147  602  212  90 158 135 206   2  1477  40   7   1  75
ward,charlie      nyk PG 61 1492  155  373  67 175  56   70  32  159  273  70 112  10 132   0   433   1   0   1  33
weatherspoon,cla  cle PF 82 2774  347  692   0   0 230  291 223  796  103  85 112 105 171   0   924   2   0   0  82
webber,chris      sac PF 70 2836  786 1635   2  28 324  461 179  777  294  93 195 118 226   1  1898  11   2   1  70
wells,bonzi       por SG 75 1995  387  726  17  50 159  240 120  367  208  94 169  20 203   1   950  12   3   3  46
wesley,david      cha PG 82 3106  523 1239  97 258 271  339  64  224  361 128 171  16 220   2  1414   4   0   0  82
west,doug         van SG 15  171   11   38   0   2   6    7   4   15   14   3   4   4  21   0    28   0   0   0   6
white,jahidi      was  C 68 1609  203  408   0   1 177  312 178  521   20  32 136 111 211   3   583   4   0   0  56
whitney,chris     was PG 59 1532  182  470  93 248 101  113  12  106  248  55 103   3 150   5   558   1   0   0  31
williams,aaron    njn PF 82 2336  297  650   0   2 244  310 211  590   88  59 132 113 319   9   838   1   0   1  25
williams,alvin    tor PG 82 2394  330  767  33 108 109  145  50  212  407 123 103  26 171   1   802   1   0   0  34
williams,eric     bos SF 81 1745  162  448  46 139 165  231  64  207  112  64  76  13 179   1   535   0   0   0  10
williams,jason    sac PG 77 2290  281  690  98 311  60   76  19  185  416  94 160   9 114   0   720   3   0   0  77
williams,jerome   tor PF 59 1182  136  294   0   3 100  135 133  382   45  57  63  20 124   0   372   0   0   0   2
williams,monty    orl SF 82 1211  162  364   1  13  85  133  86  243   79  29  85  16 136   1   410   3   1   1   0
williams,scott    mil  C 66 1272  171  361   1   4  60   70  97  364   35  48  41  32 178   1   403   7   0   1  31
williams,shammon  sea PG 69 1238  161  368  61 133  84   96  34  132  190  31  82   4  83   0   467   1   0   0   6
williams,walt     hou SF 72 1583  202  513  98 248  97  126  31  245   97  30  73  28 153   2   599   4   1   0  31
williamson,corli  det SF 69 1686  325  647   0   2 151  237 110  321   61  50 110  21 185   0   801   3   1   0  40
willis,kevin      den  C 78 1830  304  690   1   6 113  147 177  532   50  57  87  52 216   0   722  14   1   3  22
wingate,david     sea SG  1    9    3    3   0   0   0    0   0    0    2   0   0   0   1   0     6   0   0   0   0
woklowyski,ruben  sea PF 34  305   25   79   0   2  25   34  12   46    3   6  12  18  38   0    75   0   0   0   1
wright,lorenzen   atl PF 71 1988  363  811   0   2 155  216 180  535   87  42 125  63 232   2   881   5   1   0  46
zhizhi,wang       dal  C  5   38    8   19   0   2   8   10   1    7    0   0   1   0   8   0    24   0   0   0   0
