Player           Team PS GP  Min  FGM  FGA  3M  3A FTM  FTA  OR   TR   AS  ST  TO  BK  PF  DQ   PTS  TC  EJ  FF Sta
abdul-wahad,tari  dal SG 24  441   55  147   1   2  24   33  41   84   24  20  27  10  56   1   135   0   0   0  12
abdur-rahim,shar  atl PF 77 2980  598 1297  21  70 419  523 198  696  239  98 250  81 214   2  1636  17   1   0  77
alexander,courtn  was SG 56 1325  223  474   5  18  98  121  43  148   86  35  60   7 113   0   549   0   0   1  28
alexander,victor  det PF 15   97   18   51   0   2   4    8   7   29    6   0   5   1   6   0    40   0   0   0   0
allen,malik       mia PF 12  161   22   51   0   1   8   10  15   38    5   3   2   8  16   0    52   0   0   0   2
allen,ray         mil SG 69 2525  530 1148 229 528 214  245  81  312  271  88 159  18 157   0  1503   2   0   0  68
alston,rafer      mil PG 50  600   66  191  27  71  18   29  10   72  143  32  40   2  42   0   177   1   0   0   7
amaechi,john      uta  C 54  586   54  166   0   0  67  105  52  109   29   7  55  10  64   0   175   2   0   0   0
anderson,chris    den  C 24  262   25   74   0   4  22   28  38   76    7   7  13  28  35   0    72   0   0   0   1
anderson,derek    por SG 70 1860  247  612  85 228 178  208  47  189  216  68  87   8 113   1   757   0   0   0  27
anderson,kenny    bos ?? 76 2430  312  716   9  33  98  132  57  275  403 141 119  10 210   4   731   9   1   1  76
anderson,nick     mem SG 15  219   21   76  13  48   5    9   1   33   14   6  14   6  17   0    60   0   0   0   0
anderson,shandon  nyk SF 82 1596  149  373  39 141  74  107  57  249   76  48  97  15 134   1   411   1   1   2   6
anthony,greg      mil PG 60 1514  183  475  48 163  60   91  22  132  282  77  94   5 114   1   474   7   0   0  38
arenas,gilbert    gsw PG 47 1155  174  384  39 113 124  160  41  132  174  69  97  11 115   3   511   1   0   0  30
armstrong,brando  njn SG 35  196   27   85   5  17   5   10  10   16    8   7   8   1  26   0    64   0   0   0   0
armstrong,darrel  orl PG 82 2730  347  828 139 398 182  205  83  319  453 157 175  10 166   2  1015   6   1   0  79
arroyo,carlos     den PG 38  383   49  111   0   2  13   18  12   40   70  11  23   1  30   0   111   0   0   0   1
artest,ron        ind SF 55 1641  269  636  53 170 136  204  73  271  127 141 118  39 217  10   727   8   0   2  50
atkins,chucky     det PG 79 2284  368  790 138 336  83  120  31  158  263  72 128  11 177   1   957   0   0   0  63
augmon,stacey     cha SF 77 1320  140  328   0   3  77  101  59  225  103  56  54  12 115   0   357   0   0   0   3
austin,isaac      mem  C 21  306   36   92   0   3   4    4  11   71   13   9  11   5  36   0    76   1   0   0   8
avery,william     min PG 28  258   26   90   6  35  13   19   4   24   36   7  19   0  17   0    71   0   0   0   0
bagaric,dalibor   chi  C 50  638   72  178   0   1  41   70  55  162   23  17  46  24 108   0   185   3   0   3   0
baker,vin         sea ?? 55 1710  315  649   1   8 143  226 168  350   72  22 127  36 197   4   774   3   0   0  41
barkley,erick     por PG 19  228   24   68   1   7   9   10   5   18   34  17  12   1  29   0    58   0   0   0   4
barros,dana       det PG 29  582   74  192  24  71  21   27   1   57   78  14  33   2  37   0   193   0   0   0  19
barry,brent       sea ?? 81 3041  401  790 164 387 198  234  58  441  426 147 165  37 182   3  1164   2   0   0  81
barry,jon         det SG 82 1986  255  522 121 258 108  116  42  234  274  94 111  20 134   0   739   7   1   1   6
bateer,menk       den  C 27  408   53  132   4  12  29   37  32   96   22  10  32   5  94   3   139   1   0   0  10
battie,tony       bos  C 74 1819  211  390   0   2  88  130 184  481   35  60  51  67 219   3   510   2   0   0  73
battier,shane     mem SG 78 3097  412  961 103 276 198  283 180  418  216 121 155  81 215   2  1125   0   0   0  78
bell,charlie      dal PG  7   44    3   11   0   6   2    2   2    5    2   0   5   0   3   0     8   0   0   0   0
bell,raja         phi SG 74  890  103  240  12  44  36   48  31  111   71  21  48   4 109   0   254   3   0   0  12
bender,jonathan   ind SF 78 1647  198  460  45 125 140  181  64  244   62  19  96  49 147   1   581   2   0   0  17
best,travis       chi PG 74 1747  228  518  21  59 104  116  20  151  324  89  99   7 173   6   581   0   0   0  21
bibby,mike        sac PG 80 2659  446  985  51 138 155  193  37  222  403  87 134  15 133   1  1098   3   0   0  80
billups,chauncey  min ?? 82 2356  348  823 124 315 207  234  35  226  450  66 138  17 169   1  1027   1   0   0  54
blaylock,mookie   gsw PG 35  599   50  146  15  42   4    8   8   52  114  24  37   4  20   0   119   0   0   0   0
blount,corie      phi PF 72 1427  115  251   0   1  29   45 149  368   44  49  52  26 176   1   259   4   1   0  21
blount,mark       bos  C 44  415   32   76   0   0  30   37  26   85   10  16  23  19  59   0    94   1   0   0   0
booth,calvin      sea  C 15  279   35   82   0   0  23   24  20   54   16   6  16  13  47   1    93   0   0   0  15
boumtje,ruben     por  C 33  245   13   32   0   0  13   25  21   55    4   3  14  16  38   0    39   0   0   0   1
bowdler,cal       atl PF 52  584   61  174   1   5  39   47  38  110   11  18  11  15  64   1   162   0   0   0   0
bowen,bruce       san SF 59 1700  155  398  56 148  46   96  42  162   88  62  66  25 116   0   412   2   0   1  58
bowen,ryan        den SF 75 1686  147  307   1  12  69   92 134  299   52  75  41  41 171   1   364   0   0   0  21
bownam,ira        phi SG  3   29    5    7   0   1   0    0   0    1    1   2   0   0   3   0    10   0   0   0   0
boykins,earl      lac PG 68  761  110  275  13  42  47   61  27   54  145  20  44   2  44   0   280   0   0   0   2
bradley,michael   tor PF 26  117   13   25   0   2   4    8   7   24    3   0   6   6  10   0    30   0   0   0   0
bradley,shawn     dal  C 53  757   78  163   0   1  59   64  53  176   20  28  25  64 128   3   215   6   0   1  16
brand,elton       lac PF 80 3021  532 1010   0   0 389  524 396  925  191  80 173 163 254   3  1453   2   0   1  80
brandon,terrell   min PG 32  962  155  365   4  23  83   84  17   93  264  52  43   6  49   1   397   1   0   0  28
brewer,jamison    ind SG 13   43    2    5   0   1   0    0   2    8    9   2   3   0   3   0     4   0   0   0   0
brezec,primoz     ind PF 22  160   14   29   0   0  15   25  16   28    6   0   6   7  28   0    43   0   0   0   4
brown,chucky      sac SF 18   92   10   27   0   0   1    2  10   33    6   2   5   4  12   0    21   0   0   0   0
brown,damone      phi SF 17   66    8   21   0   1   7    8   2    4    2   1   9   1  11   0    23   0   0   0   0
brown,dee         orl PG  7   65    3   20   1  12   0    0   0    9    2   3   4   1   4   0     7   0   0   0   0
brown,ernest      mia  C  3   21    1    6   0   0   1    4   1    6    0   0   3   1   4   0     3   0   0   0   0
brown,kedrick     bos SG 29  245   23   70   5  27  12   20  11   50   15  18   7   7  18   0    63   0   0   0   5
brown,kwame       was  C 57  818   94  243   0   1  70   99  63  198   43  16  43  26 105   2   258   0   0   0   3
brown,p.j.        cha PF 80 2563  250  527   0   0 169  197 273  786  107  59  85  78 222   1   669   1   0   0  80
brown,randy       bos PG  1    6    0    1   0   0   0    0   0    0    2   0   0   1   1   0     0   0   0   0   0
brown,tierre      hou PG 40  403   49  115   4  12  21   28  12   42   70  19  40   3  26   0   123   0   0   0   1
brunson,rick      por PG 59  520   45  113   6  11  29   41  23   68  114  25  47   2  51   0   125   0   0   0   2
bryant,kobe       lal SG 80 3063  749 1597  33 132 488  589 112  441  438 118 223  35 228   1  2019  14   1   2  80
bryant,mark       san PF 30  206   25   55   0   0   6    8  25   44   10   7   6   2  38   1    56   1   0   0   3
buckner,greg      dal PG 44  885  104  198   5  16  40   58  67  173   48  31  27  19 124   1   253   0   0   0  16
buechler,jud      orl SF 66  684   44  118  21  60   2    4  29  116   32  21  15   8  53   0   111   1   0   0   2
buford,rodney     mem SG 63 1769  258  593  17  70  58   80  52  272   71  42  63  12 110   1   591   2   0   0  21
bullard,matt      cha PF 31  350   39  115  16  57  11   12  10   47   16   2  12   2  29   0   105   0   0   0   0
butler,mitchell   por SG 11   90   10   23   1   3   8   12   6   14    5   0   5   1  10   0    29   0   0   0   0
caffey,jason      mil PF 23  283   36   72   0   1  27   43  24   50   12   4  19   5  39   0    99   1   0   0   0
camby,marcus      nyk  C 29 1007  130  290   0   1  62   99  89  322   33  34  42  50 107   3   322   1   0   0  29
campbell,elden    cha  C 77 2155  384  794   0   2 306  384 133  530  102  60 138 137 264   4  1074   8   1   1  74
cardinal,brian    det PF  8   43    6   13   3   7   2    2   2    6    2   1   0   0   5   0    17   0   0   0   0
carter,anthony    mia PG 46 1050   89  260   1  19  19   36  19  117  214  50  72   3  85   2   198   4   0   0  18
carter,vince      tor SG 60 2385  559 1307 121 313 245  307 138  313  239  94 154  43 191   4  1484   8   0   0  60
cassell,sam       mil PG 74 2604  554 1197  71 204 282  328  54  312  493  90 177  12 208   3  1461   9   2   0  73
cato,kelvin       hou  C 75 1915  190  326   0   1 113  194 176  525   29  40  53  95 208   5   493   8   0   1  73
chandler,tyson    chi PF 71 1389  151  304   0   0 134  222 114  343   54  28  99  93 179   1   436   2   0   1  31
cheaney,calbert   den SF 68 1632  224  466   0   4  46   67  57  240  110  34  70  21 156   1   494   2   0   0  47
childs,chris      tor PG 69 1576   97  296  33 120  58   71  18  154  351  56 123   5 177   3   285   6   0   3   4
christie,doug     sac SG 81 2798  338  735  90 256 206  242  74  374  340 160 164  25 209   3   972   4   0   0  81
clark,keon        tor PF 81 2185  380  775   0   5 155  230 182  603   88  58 140 122 258   4   915   3   0   1  31
claxton,speedy    phi PG 67 1528  181  452   4  33 114  136  46  160  198  95  95   6 145   1   480   1   0   0  18
cleaves,mateen    sac PG 32  153   30   68   2   8   8    9   1    8   25   7  27   0   9   0    70   1   0   0   0
coleman,derrick   phi PF 58 2080  331  735  28  83 185  227 167  509   98  42 119  51 158   0   875   7   2   3  58
coles,bimbo       cle PG 47  693   56  146   4  20  33   37  12   55  107  13  31   4  59   0   149   1   0   0   1
collier,jason     hou PF 25  365   41   95   0   1  24   32  31   82    9   6  13   4  40   0   106   0   0   0   2
collins,jarron    uta PF 70 1441  158  343   0   1 134  181 138  296   58  29  56  22 234   4   450   1   0   0  68
collins,jason     njn  C 77 1407  117  278   1   2 115  164 132  301   81  29  72  47 173   1   350   1   0   1   9
crawford,chris    atl PF  7  131   21   45   0   1  11   15   9   25    5   2  10   5  21   1    53   0   0   1   4
crawford,jamal    chi PG 23  481   89  187  26  58  10   13   5   34   55  18  32   5  18   0   214   0   0   0   6
crispin,joseph    pho PG 21  156   26   68  15  39  12   13   2   11   26   5  10   0  10   0    79   0   0   0   0
croshere,austin   ind PF 76 1286  185  448  49 145  97  114  74  294   77  26  67  29 106   0   516   0   0   1   1
crotty,john       uta PG 41  802   98  208  31  69  57   66  16   75  141  19  51   1  77   1   284   1   0   0   0
cummings,vonteeg  phi PG 58  501   78  187  12  46  24   32  14   52   60  18  36   5  53   0   192   0   0   0   1
curry,dell        tor SG 56  886  141  347  45 131  33   37  23   81   61  22  41   6  50   0   360   1   0   0   4
curry,eddy        chi  C 72 1150  189  377   0   0 105  160 111  272   25  16  69  53 173   0   483   5   0   1  31
curry,michael     det SF 82 1912  125  276   7  26  72   91  15  168  127  47  60  10 207   1   329   3   0   2  75
dalembert,samuel  phi  C 34  178   22   50   0   0   7   18  25   68    5   6  14  13  30   0    51   0   0   0   0
dampier,erick     gsw  C 73 1740  209  480   0   0 136  211 167  387   87  17 156 167 235   4   554   3   0   0  46
daniels,antonio   san PG 82 2175  269  612  57 196 158  210  23  176  228  48  70  12 104   0   753   3   0   0  14
davis,antonio     tor  C 77 2977  410  963   0   1 293  358 254  740  155  54 159  83 225   3  1113   5   0   1  77
davis,baron       cha PG 82 3319  559 1341 170 478 196  338  93  349  698 172 246  47 241   0  1484  16   2   0  82
davis,dale        por PF 78 2447  296  580   0   0 150  212 262  688   96  62  62  83 193   1   742  12   1   2  77
davis,emanual     atl PG 29  775   70  198  29  85  16   18  19   74   68  27  52   5  68   0   185   0   0   0  20
davis,hubert      was SG 51 1231  146  326  57 126  16   21   7   77  107  28  44   3  58   0   365   1   0   0  17
davis,ricky       cle SF 82 1954  376  781  11  35 196  248  63  243  178  69 148  23 145   0   959   2   0   1   8
declercq,andrew   orl  C 61  633   67  149   0   0  28   50  74  163   22  23  34  24 130   0   162   3   0   2  14
delk,tony         bos PG 63 1447  226  588  67 214  78   97  58  203  132  53  59  10  98   0   597   3   0   0  17
delnegro,vinny    pho PG  2    6    1    4   0   0   0    0   0    0    2   0   0   0   0   0     2   0   0   0   0
dial,derrick      tor PG 32  299   41  120   1  11  18   24  14   56   35  10  16   4  13   0   101   0   0   0   0
dickerson,michae  mem SG  4  124   15   48   8  21   5    6   3   12    9   3   8   1  12   0    43   0   0   0   4
diop,desagana     cle  C 18  109   12   29   0   0   1    5   5   17    5   1  12  10  19   0    25   0   0   0   1
divac,vlade       sac  C 80 2420  338  716   3  13 209  340 205  671  297  79 158  94 229   1   888  12   2   1  80
doleac,michael    cle  C 42  705   78  187   0   0  38   46  47  168   25  15  37  11  98   4   194   0   0   0  15
dooling,keyon     lac PG 14  155   22   57   4  14  10   12   0    3   12   4  10   3  20   0    58   0   0   0   0
drew,bryce        cha PG 61  774   78  182  31  73  23   29  14   72  101  32  33   2  49   0   210   0   0   0   0
drobnjak,predrag  sea  C 64 1174  191  414   0   2  55   73  75  219   51  20  51  31 109   0   437   1   0   0  12
dudley,chris      por  C 43  327   20   50   0   2   8   15  27   80   13   3  14  14  42   0    48   6   0   0   2
duncan,tim        san PF 82 3329  764 1504   1  10 560  701 268 1042  307  61 263 203 217   2  2089   9   1   0  82
eisley,howard     nyk PG 39  609   59  175  14  58  39   49   9   49  100  24  53   3  55   0   171   0   0   0   0
ekezie,obinna     lac PF 29  152   13   39   0   0  28   40  12   34    3   2  10   6  16   0    54   0   0   0   1
ellis,laphonso    mia PF 66 1684  189  452  38 124  53   84 107  287   56  30  73  37 196   4   469   1   0   2  15
eschmeyer,evan    dal  C 31  299   21   50   0   0  20   33  35   98    9  10  16   9  60   1    62   1   0   1   6
evans,maurice     min ?? 10   45    9   19   0   3   3    4   3    4    4   0   2   0   9   0    21   0   0   0   0
ewing,patrick     orl  C 65  901  148  333   0   1  94  134  60  263   35  22  65  45 129   0   390   0   0   0   4
ferry,danny       san SF 50  797   76  177  43  99  34   36  15   90   48  16  22   9  70   0   229   3   0   1   2
finley,michael    dal SG 69 2755  569 1228  76 224 210  251  90  360  230  65 117  25 144   1  1424   3   0   0  69
fisher,derek      lal PG 70 1974  274  666 144 349  94  111  15  146  181  66  62   9 121   0   786   0   0   0  34
fizer,marcus      chi SF 76 1963  371  848   7  41 189  283 128  427  120  49 131  24 186   1   938   8   0   0  20
fontaine,isaac    mem PG  6   76    3   14   1   5   4    6   0    5    4   0   4   0   6   0    11   0   0   0   0
ford,alton        pho PF 53  452   61  118   0   0  42   57  32  107    7   6  32   7  99   1   164   2   0   2   0
forte,joseph      bos ??  8   39    1   12   0   3   4    4   1    6    6   2   3   0   1   0     6   0   0   0   0
fortson,danny     gsw PF 77 2216  309  722   1   4 245  308 290  899  127  44 160  17 255   5   864  17   2   4  76
foster,greg       mil  C  6   24    2    9   0   4   3    4   0    8    1   0   0   0   4   0     7   0   0   0   0
foster,jeff       ind  C 82 1787  177  394   2  15 111  182 206  556   70  71  79  38 232   4   467   2   0   2  48
fotsis,antonis    mem SF 28  319   42  104   7  23  17   20  25   62   10   9  21  11  22   0   108   0   0   0   1
fowlkes,tremain   lac SF 22  340   25   64   0   0  24   31  32   64   17  11  13   1  39   0    74   0   0   0  17
fox,rick          lal SF 82 2289  255  605  65 208  70   85  90  389  283  67 132  21 244   2   645   4   1   2  82
foyle,adonal      gsw  C 79 1485  171  385   0   0  37   93 150  384   41  36  76 168 179   2   379   0   0   0  36
francis,steve     hou PG 57 2343  420 1007  68 210 326  422 102  401  362  71 221  25 172   2  1234  13   1   1  56
funderburke,lawr  sac PF 56  722  115  245   0   3  34   56  76  198   32  11  33  18  65   0   264   1   0   0   1
garnett,kevin     min SF 81 3175  659 1401  37 116 359  448 243  981  422  96 229 126 184   0  1714   9   1   0  81
garrett,dean      gol ?? 34  183   18   55   0   0   0    3  16   57    5   7  10  10  32   0    36   0   0   0   0
garrity,pat       orl SF 80 2406  327  767 169 396  61   73  77  338   99  61  68  28 230   1   884   2   0   0  43
gasol,pau         mem PF 82 3007  551 1064   1   5 338  477 238  730  223  41 224 169 195   2  1441   6   0   0  79
gatling,chris     mia PF 54  809  131  293   1   8  82  117  71  206   25  17  58  11 109   1   345   5   0   0   1
geiger,matt       phi  C  4   36    1    8   0   0   1    2   3    6    0   0   2   2   2   0     3   0   0   0   0
george,devean     lal SF 82 1759  215  523  66 178  85  126  78  303  111  71  66  42 190   3   581   4   1   0   1
gill,eddie        mem PG 23  382   39   92   7  22  31   39   7   28   49  11  34   3  38   0   116   0   0   0   5
gill,kendall      mia SG 65 1410  162  422   6  44  42   62  29  184  100  44  55   8 140   0   372   3   0   0  49
glover,dion       atl SF 55 1156  192  456  30  91  78  103  36  169   84  45  76  14  89   1   492   0   0   0  25
goodrich,steve    njn  C  9   50    2   10   0   0   1    2   1    5    5   1   3   2  10   0     5   0   0   0   0
grant,brian       mia PF 72 2256  286  610   0   2 101  119 168  575  137  48 122  31 236   6   673   5   0   2  72
grant,horace      orl PF 76 2210  264  515   0   0  80  111 159  481  104  57  51  49 118   0   608   0   0   0  76
griffin,adrian    dal SF 58 1383  179  359  16  54  41   49  68  229  106  75  42  12 142   2   415   1   0   0  34
griffin,eddie     hou SF 73 1895  244  666  90 273  64   86 117  416   53  17  47 134 117   1   642   0   0   0  24
gugliotta,tom     pho PF 44 1129  127  301   3   9  28   37  59  221   77  39  61  30 116   1   285   1   0   0  40
guyton,a.j.       chi PG 45  607   88  244  46 123  22   27  12   44   81  10  37   7  23   0   244   0   0   0   6
ham,darvin        mil SF 70 1208  120  211   1   7  62  123  91  202   73  25  83  37 175   0   303   3   0   1   2
hamilton,richard  was SG 63 2203  472 1084  16  42 300  337  73  216  171  38 132  14 136   0  1260   3   1   1  57
hamilton,tang     mia SF  9   98   10   19   0   1   0    1   6   18    5   4   2   0  10   0    20   0   0   0   1
hamilton,zendon   den  C 54  848  103  245   0   0 118  181 110  253   14  21  60  18 104   0   324   2   0   0  15
hardaway,anferne  pho SG 80 2462  389  931  23  83 158  195  98  350  324 122 189  32 184   0   959   1   0   0  56
hardaway,tim      den PG 68 1601  226  620 123 354  77   97  14  124  278  57 111  10 109   0   652   7   1   0  16
harpring,matt     phi SF 81 2540  386  838  21  69 165  222 203  573  107  70 127   5 201   1   958   4   0   3  81
harrington,al     ind PF 44 1313  230  484   1   3 115  144  96  276   54  41  78  21 166   4   576   6   2   0   1
harrington,othel  nyk PF 77 1564  237  450   0   2 122  172 125  349   37  30  95  36 250   4   596   6   0   1   5
harris,lucious    njn SG 74 1553  249  537  44 118 133  158  49  207  116  53  61   6  99   1   675   2   0   0   0
hart,jason        san PG 10   92   10   19   0   2   6    6   4   13   12   7   8   1  16   0    26   0   0   0   0
harvey,antonio    sea PF  5   47    4   12   0   0   1    2   5    9    5   1   3   3   8   0     9   0   0   0   3
harvey,donnell    den PF 47  841  108  217   0   0  54   90  80  227   37  21  33  24 114   1   270   1   0   0   4
hassell,trenton   chi SG 78 2237  267  628  60 165  87  114  65  255  172  55 101  44 184   2   681   0   0   0  47
haston,kirk       cha SF 15   77   11   39   0   3   4    8   5   20    5   0   3   1   9   0    26   0   0   0   0
haywood,brendan   was  C 62 1266  109  221   0   0  97  160 143  322   29  21  50  91 158   1   315   3   0   1   2
henderson,alan    atl PF 26  422   59  116   1   1  24   45  31   97   11  11  21  15  40   0   143   0   0   0   1
henderson,cedric  gsw SF 12   70   15   31   2   4   4    7   1    3    4   6   8   2   4   0    36   0   0   0   0
hill,grant        orl SF 14  512   83  195   0   2  69   80  29  125   64   8  37   4  40   2   235   0   0   0  14
hill,tyrone       cle PF 26  810   71  182   0   1  67  103  79  274   23  17  48  13 102   3   209   6   0   0  26
hoiberg,fred      chi SG 79 1409  121  291  24  92  79   94  18  210  136  61  32   5  87   2   345   0   0   0   8
horry,robert      lal PF 81 2140  183  460  76 203 108  138 130  479  232  77  88  89 208   1   550   7   0   1  24
house,eddie       mia PG 64 1230  209  524  54 157  42   49  17  110  123  43  80   5  98   1   514   0   0   0   3
houston,allan     nyk SG 77 2914  568 1301 136 346 295  339  37  252  190  54 170  10 182   0  1567   0   0   0  77
howard,juwan      den PF 81 2635  462 1005   0   2 261  343 223  612  169  46 152  47 264   4  1185  12   0   3  72
hudson,troy       orl PG 81 1854  354  815  66 187 176  201  30  145  255  57 163   6 119   0   950   0   0   0   4
hughes,larry      gsw PG 73 2050  343  810  18  93 191  259  83  245  316 113 171  23 150   0   895   5   0   0  56
hunter,lindsey    lal PG 82 1616  187  490  79 208  20   40  18  121  129  66  55  19 120   0   473   0   0   0  47
hunter,steven     orl  C 53  516   67  147   0   0  55   94  40   97    5   5  16  43  81   0   189   1   0   0  21
ilgauskas,zydrun  cle  C 62 1329  241  567   0   5 208  276 136  334   70  17  94  84 187   4   690   5   1   1  23
iverson,allen     phi SG 60 2622  665 1669  78 268 475  585  44  269  331 168 237  13 102   0  1883  12   1   0  59
jackson,bobby     sac PG 81 1750  334  754  79 219 149  184  82  251  164  73  93  11 145   1   896   2   0   0   3
jackson,jaren     orl SG  9  144   15   37   7  20   2    4   1   17    8   5   8   0  13   0    39   0   0   0   0
jackson,jermaine  tor PG 24  280   20   42   1   2  16   24   3   27   57   9  14   1  24   0    57   0   0   0   0
jackson,jimmy     mia SG 55 1825  238  538  38  81  75   87  54  290  140  42 106  14 145   0   589   3   0   0  19
jackson,marc      min  C 39  496   60  164   0   1  66   80  48  128   14  11  30   6  69   0   186   5   2   4   0
jackson,mark      nyk PG 82 2367  260  592  79 195  87  110  56  309  605  74 150   1 162   0   686   1   0   1  81
jackson,stephen   san SG 23  227   34   91   9  36  12   17   3   26   11  15  23   3  29   0    89   0   1   1   1
james,jerome      sea  C 56  949  134  273   0   0  30   60  89  232   24  25  74  86 174   0   298   0   0   0  40
james,mike        mia PG 15  119   15   43   8  21   4    7   2   14   19   6  13   1  17   0    42   0   0   0   0
james,tim         phi SF  9   41    5   13   0   0   2    6   5    7    1   0   3   1   5   0    12   0   0   0   0
jamison,antawn    gsw SF 82 3033  614 1375  68 210 323  440 211  556  161  70 161  45 187   0  1619   2   0   1  82
jamison,harold    lac PF 25  176   22   43   0   0  10   15  24   39    6   5   6   1  23   0    54   0   0   0   2
jefferson,richar  njn SF 79 1917  270  591  13  56 189  265  85  293  140  64 107  48 211   5   742   1   0   0   9
johnson,anthony   njn PG 34  366   37   90   4  12  16   25  10   29   48  31  20   1  30   0    94   1   0   0   0
johnson,avery     dal PG 68 1352  207  432   0   5 121  163  14   69  286  40  76   9  86   0   535   1   0   0  13
johnson,dermarr   atl SF 72 1727  214  540  89 247  85  105  59  247   81  62 102  56 163   1   602   0   0   0  46
johnson,ervin     mil  C 81 1659   89  193   0   1  30   66 142  466   27  37  52  82 219   4   208   4   0   1   9
johnson,joe       pho SG 77 1916  251  584  38 130  41   53  76  257  179  59  71  20 114   0   581   1   0   0  60
jones,alvin       phi PF 23  126    8   20   0   0  10   20  13   36    3   3  11   9  35   0    26   1   0   0   2
jones,damon       det PG 67 1084  114  284  69 186  43   59  13  103  140  23  61   1  83   0   340   1   0   0   0
jones,eddie       mia SG 81 3156  517 1198 149 382 297  355  61  378  262 117 148  77 258   2  1480   1   0   0  81
jones,jumaine     cle SF 81 2142  287  640  52 168  45   68 125  490  116  75  79  46 184   2   671   1   0   0  36
jones,popeye      was PF 79 1920  222  508   4  11 106  130 233  578  127  50  88  19 209   4   554   1   0   0  40
jordan,michael    was SG 60 2092  551 1324  10  53 263  333  50  339  310  85 162  26 119   0  1375   2   0   0  53
kemp,shawn        por PF 75 1233  175  407   0   4 104  131  90  288   52  43  81  33 184   1   454   3   0   2   5
kerr,steve        por SG 65  775  102  217  26  66  39   40   6   60   63  13  24   1  49   0   269   1   0   0   0
kidd,jason        njn PG 82 3056  445 1138 117 364 201  247 130  595  808 175 286  20 136   0  1208   2   0   0  82
kirilenko,andrei  uta SF 82 2151  285  633  25 100 285  371 149  402   94 116 108 159 156   2   880   0   0   0  40
kittles,kerry     njn SG 82 2601  438  940  98 242 128  172  68  275  216 130 109  31 108   0  1102   0   0   0  82
knight,brevin     mem PG 53 1151  141  334   2   8  87  115  11  109  302  79 111   7 135   1   371   3   0   0  11
knight,travis     nyk  C 49  429   41  113   0   0  16   21  48  104    8  11  27  10  95   0    98   0   0   0   0
kukoc,toni        atl SF 59 1494  211  504  53 171 109  153  43  218  210  48 113  17  91   0   584   3   0   1   9
laettner,christi  was PF 57 1441  168  362   2  10  66   76  74  301  151  60  85  25 129   1   404   0   0   0  48
lafrentz,raef     dal  C 78 2455  421  920 104 268 105  151 176  579   89  55  94 213 281  11  1051   3   0   1  76
langdon,trajan    cle SG 44  477   70  176  27  74  42   46  13   55   60  13  40   5  49   0   209   0   0   0   0
langhi,dan        hou PF 34  434   49  125   1   4   8   11  22   67   14   8   9   5  25   0   107   0   0   0   8
larue,rusty       uta PG 33  541   73  185  17  50  30   35  11   49   71  17  43   7  58   0   193   0   0   0   0
lenard,voshon     den SG 71 1665  315  769  89 240  94  120  38  183  130  59  91  25 105   0   813   2   0   0  19
lewis,quincy      uta SF 36  490   64  143   3  18  13   20  10   43   36  23  32   9  89   4   144   0   0   0  18
lewis,rashard     sea SF 71 2584  455  972 123 316 162  200 139  498  123 104  97  40 174   3  1195   6   1   0  70
livingston,randy  sea ?? 13  176   15   54   1   8  10   11   9   25   26   9   2   2  11   0    41   0   0   0   0
long,art          sea PF 63  989  120  244   0   0  45   85 107  251   41  22  63  28 180   4   285   3   0   1  27
long,grant        mem SF 66 1868  164  385   3  17  86  123  31  231  136  63 103  12 123   0   417   3   1   0  56
lopez,felipe      min SG 67  581   59  156  14  33  37   55  29   80   39  18  36   1  73   0   169   1   0   0   0
lue,tyronn        was PG 71 1459  222  520  63 141  48   63  14  122  246  49  96   0 120   2   555   0   0   1   0
lynch,george      cha SF 45  892   73  198   1   6  25   40  70  186   54  40  41  14  75   1   172   0   0   0  18
macculloch,todd   njn  C 62 1502  247  465   0   0 110  164 157  378   78  24  66  89 181   1   604   0   0   0  61
mack,sam          mia SF 12  159   14   49   7  28   5    7   2   14    4   5   7   1  17   0    40   0   0   1   1
madsen,mark       lal PF 59  650   66  146   0   2  35   54  89  162   44  16  22  13 104   0   167   0   0   1   5
maggette,corey    lac SF 63 1615  235  530  46 139 201  251  54  231  112  41 116  19 155   0   717   0   0   0  52
magloire,jamaal   cha  C 82 1549  228  414   0   1 243  333 153  461   31  27 118  86 201   0   699  15   2   0   8
majerle,dan       pho SG 65 1180   99  289  79 235  23   39  28  176   90  48  35  15 104   0   300   0   0   0   0
malone,karl       uta PF 80 3040  635 1399   9  25 509  639 142  686  341 152 263  59 229   1  1788  20   1   0  80
manning,danny     dal PF 41  552   71  149   1   7  22   33  25  108   30  21  25  21  80   0   165   3   0   0  10
marbury,stephon   pho PG 82 3187  625 1413  71 248 353  452  75  266  666  77 284  13 186   0  1674   3   0   0  80
marion,shawn      pho SF 81 3109  654 1395  48 122 191  226 211  803  162 149 144  86 214   0  1547   1   0   0  81
marks,sean        mia  C 21  319   38   88   0   0  20   34  19   75    8   5  19  10  40   0    96   0   0   0   6
marshall,donny    njn SF 20  118    8   29   2   4  12   18   8   21    5   3   2   0  14   0    30   0   0   0   0
marshall,donyell  uta SF 58 1750  343  661  13  42 160  226 158  443  101  50 124  67 150   1   859   5   1   0  42
martin,darrick    dal PG  3   22    0   10   0   2   1    2   0    1    3   2   1   0   4   0     1   0   0   0   0
martin,kenyon     njn PF 73 2503  445  962  15  67 181  267 113  388  192  90 172 121 261   8  1086  12   2   6  73
mashburn,jamal    cha SF 40 1601  303  744  41 112 211  241  31  242  171  45 110   6  80   0   858   0   0   0  40
mason,anthony     mil PF 82 3143  316  626   1   1 154  221 124  646  346  57 130  22 187   0   787  15   1   1  82
mason,desmond     sea SF 75 2420  357  769  16  59 201  237  92  351  104  67 104  27 170   0   931   3   0   2  20
massenburg,tony   mem PF 73 1241  159  349   1   1  84  117 100  324   26  30  65  31 174   2   403   3   0   2  31
mattola,hanno     atl PF 82 1371  169  384   1  13  57   76  81  268   50  20  70  19 174   5   396   1   0   0  14
mccarty,walter    bos SF 56  718   80  180  39  99  13   19  32  128   41  18  22   7  83   0   212   1   0   1   0
mccaskill,amal    san  C 27  153   20   49   0   0  12   26  16   36    4   6  14  10  23   0    52   0   0   0   0
mccloud,george    den SF 69 1818  206  576  60 222 132  163  67  251  204  58 144  19 175   3   604   8   1   1  26
mccoy,jelani      lal  C 21  104   12   21   0   0   2    8   8   25    7   0   8   5  14   0    26   0   0   0   0
mcdyess,antonio   den PF 10  236   43   75   0   0  27   33  18   55   18  10  20   8  20   0   113   0   0   0  10
mcgrady,tracy     orl SG 76 2912  715 1586 103 283 415  555 150  597  400 119 189  73 139   1  1948   5   1   0  76
mcinnis,jeff      lac PG 81 3030  463 1121  75 234 183  219  45  213  500  63 147   6 202   2  1184   7   0   1  80
mckey,derrick     phi SF 41  784   52  122   5  12  10   14  48  127   45  41  22   4  90   0   119   1   0   0   1
mckie,aaron       phi PG 48 1470  220  490  51 128  96  122  26  192  179  56  93  14  74   0   587   0   0   0  16
medvedenko,stan   lal PF 70  728  145  303   0   4  41   62  85  158   43  29  42  11 119   0   331   1   0   0   6
mercer,ron        ind SG 53 1715  311  784  18  62  95  119  50  178  128  32  88  13 108   1   735   1   0   0  41
mihm,chris        cle  C 74 1659  221  526   3   7 124  179 133  392   24  18  97  89 260   7   569   1   0   1  60
miles,darius      lac SF 82 2228  309  642   3  19 158  255 109  453  184  71 160 103 184   2   779   4   0   1   6
miller,andre      cle PG 81 3023  474 1045  22  87 365  447 108  379  882 126 245  34 228   1  1335   5   0   0  81
miller,brad       ind  C 76 2263  366  733   3   7 297  383 252  621  152  76 115  41 244   3  1032  10   1   4  75
miller,mike       orl SG 63 2123  351  802 116 303 138  181  49  273  198  47 108  23 145   0   956   1   0   0  53
miller,reggie     ind SG 79 2889  414  913 180 443 296  325  23  219  253  88 120  10 143   0  1304  11   1   0  79
mills,chris       gsw SF 66 1237  178  427  48 127  85  107  51  190   72  31  56  13 120   0   489   4   1   2   0
mitchell,sam      min SF 74  725   98  227  10  35  38   49  18   82   45  12  26   4  79   0   244   0   0   0  10
mobley,cuttino    hou SG 74 3117  595 1358 149 377 267  314  63  300  187 109 180  37 189   3  1606   7   0   0  74
mohammed,nazr     atl  C 82 2168  329  713   0   1 137  222 242  651   33  63 118  61 252   2   795   2   0   1  73
moiso,jerome      cha PF 15   76    8   20   0   0   0    0   4   25    4   3   8   2  12   0    16   0   0   0   0
montross,eric     tor  C 49  656   53  132   0   1  10   31  36  140   16  12  25  23  92   1   116   1   0   1  24
moore,mikki       det  C 30  217   29   61   1   2  20   26  22   53   11   7  14   9  35   0    79   0   0   0   0
morris,terence    hou SF 68 1110  111  289  15  78  18   28  77  211   64  21  45  27  72   1   255   0   0   0  12
mourning,alonzo   mia  C 75 2455  447  866   1   3 283  431 182  632   87  27 182 186 258   7  1178  17   1   3  74
murphy,troy       gsw PF 82 1448  178  423   3   9 121  156  99  322   70  36  84  21 217   2   480   9   1   1   4
murray,lamond     cle SF 71 2312  430  986 101 238 215  263  81  372  157  70 141  43 148   1  1176   2   0   0  68
murray,tracy      tor SF 40  473   85  207  40 104  17   21  18   53   19  11  25   8  38   0   227   0   0   0   3
mutombo,dikembe   phi  C 80 2907  321  641   0   0 278  364 254  863   83  29 156 190 242   1   920  13   2   2  80
nailon,lee        cha SF 79 1911  369  764   1   2 112  150 103  291   94  59  96  17 175   1   851   3   1   0  41
najera,eduardo    dal SF 62 1357  150  300   0   2 100  148 149  342   38  56  40  30 156   2   400   3   0   2  11
nash,steve        dal PG 82 2838  525 1088 156 343 260  293  50  254  634  53 229   4 164   0  1466   2   0   0  82
ndiaye,mamadou    tor  C  5   46    6   10   0   0   8   10   6   11    0   0   1   2   6   0    20   0   0   0   0
nesby,tyrone      was SF 70 1497  183  421  13  47  64   93 105  318   91  61  49  22 164   2   443   2   0   1   9
nesterovic,rados  min  C 82 2218  324  657   0   1  39   71 200  534   75  45  94 109 262   3   687   0   0   1  82
newble,ira        atl SF 42 1273  131  263   1   7  75   88  80  222   45  38  49  20 117   2   338   0   1   0  35
newman,johnny     dal SF 47  724   67  148  22  57  42   58   9   49   14  29  21   4  88   2   198   1   0   0  17
norris,moochie    hou PG 82 2250  251  631  36 134 127  169  73  246  403  81 156   4 130   0   665   0   0   0  26
nowitzki,dirk     dal PF 76 2891  600 1258 139 350 440  516 120  755  186  83 145  77 222   2  1779  14   1   0  76
o'neal,jermaine   ind PF 72 2709  543 1133   1  14 284  413 188  757  118  45 174 166 269   4  1371  12   1   1  72
o'neal,shaquille  lal  C 67 2423  712 1229   0   1 398  717 235  715  200  41 171 137 199   2  1822  17   4   2  67
oakley,charles    chi PF 57 1383   97  263   1   6  21   28  72  343  114  49  87  11 175   2   216   4   2   4  36
odom,lamar        lac SF 29  999  151  360  16  84  61   93  31  176  171  23  97  36  91   3   379   7   0   0  25
olajuwon,hakeem   tor  C 61 1378  194  418   0   2  47   84  98  366   66  74  98  90 147   0   435   3   0   0  37
oliver,dean       gsw PG 20  139   17   46   2  13   6    9   0    8   21   3  11   0  16   1    42   0   0   0   0
ollie,kevin       ind PG 81 1721  137  353   1   2 187  227  25  184  291  62 106   2  97   1   462   0   0   0  17
olowokandi,micha  lac  C 80 2569  384  886   0   0 117  188 164  711   90  55 175 145 217   1   885  12   1   1  79
ostertag,greg     uta  C 74 1107   91  201   0   0  63  130 125  313   50  15  51 109 152   1   245   3   0   0  14
outlaw,charles    pho PF 83 1928  166  299   1   2  43  102 147  364  127  70  96  92 204   1   376   2   0   0  36
overton,doug      lac PG 18  131   14   44   7  27   4    7   1   12   13   3  12   1  10   0    39   0   0   0   0
oyedeji,olumide   sea  C 36  221   22   41   0   0  11   18  27   79    4   4  14   2  36   0    55   0   0   0   1
pack,robert       min ?? 16  252   25   68   1   4  11   15   7   23   49  13  20   0  32   0    62   0   0   0   0
padgett,scott     uta SF 75 1295  188  395  49 113  75  102 111  285   82  43  69  13 140   0   500   0   0   0   1
palacio,milt      pho PG 69  790   82  214  13  41  54   74  11   73   83  30  40   4  61   0   231   0   0   0   1
parker,tony       san PG 77 2267  268  639  61 189 108  160  33  197  334  89 151   7 166   1   705   0   0   0  72
parks,cherokee    san  C 42  234   30   83   0   0   3    8  24   58   10   7  14   8  34   0    63   2   1   0   1
patterson,ruben   por SF 75 1765  319  619   9  36 192  274 155  298  107  79 114  37 140   2   839   5   0   1  14
payton,gary       sea PG 82 3301  737 1578  74 236 267  335  80  396  737 131 209  26 179   0  1815  14   0   0  82
peeler,anthony    min SG 82 2060  288  684 111 283  50   58  37  206  177  61  76  11 137   0   737   3   0   0   0
penberthy,mike    lal PG  3   12    1    2   0   0   3    4   0    2    2   2   0   0   0   0     5   0   0   0   0
perry,elliott     mem PG  2   48    5   10   0   0   1    2   0    4    7   3   7   0   6   0    11   0   0   0   0
person,wesley     cle SG 78 2793  467  944 143 322  99  124  50  294  173  77  74  37  93   0  1176   0   0   0  78
peterson,morris   tor SF 63 1989  336  768  84 231 127  169  91  223  153  73  86  11 174   2   883   4   0   0  56
piatkowski,eric   lac SG 71 1718  207  471 111 238 101  113  43  184  112  41  64  12 110   0   626   1   0   0  64
pierce,paul       bos SF 82 3302  707 1598 210 520 520  643  81  566  261 154 241  86 237   1  2144   4   1   0  82
pippen,scottie    por SF 62 1996  246  599  54 177 113  146  77  321  363 101 171  35 162   3   659  14   3   0  60
pollard,scot      sac  C 80 1881  197  358   0   0 115  166 188  565   53  70  68  76 202   1   509   4   0   0  29
pope,mark         mil  C 45  429   36   91   4  25  11   21  20   73   17  11  15  11  47   0    87   0   0   0  11
porter,terry      san PG 72 1294  136  321  59 142  68   83  12  164  205  45  85  16  89   0   399   1   0   0   0
posey,james       den SG 73 2238  277  736  67 237 161  203 109  429  180 114 127  39 224   3   782   3   0   1  63
postell,lavor     nyk SG 23  179   28   84   6  26  31   41   2   16    5   6  11   0   7   0    93   0   0   0   0
potapenko,vitaly  bos ?? 79 1343  137  301   0   0  89  120 167  347   30  37  63  18 174   0   363   5   1   1   9
price,brent       sac PG 20   89    9   27   4  15   9   13   4    8    9   3  10   1  13   0    31   0   0   0   0
przybilla,joel    mil  C 71 1127   76  142   0   1  38   90  78  283   21  20  43 118 199   3   190   8   0   0  62
radmanovic,vlad   sea PF 61 1230  146  354  66 157  49   72  45  230   81  56  72  24 119   0   407   0   0   0  16
randolph,zach     por PF 41  238   48  107   0   0  18   27  31   69   13   7  15   4  29   0   114   0   0   0   0
ratliff,theo      atl  C  3   82   10   20   0   0   6   11   5   16    1   1   7   8   8   0    26   0   0   0   2
rebraca,zeljko    det  C 74 1179  189  374   0   0 135  175  84  290   38  28  84  73 192   0   513   3   0   0   4
recasner,eldridg  cli SG  7   34    2    6   0   1   1    1   0    0    5   1   1   0   5   0     5   0   0   0   0
redd,michael      mil SG 67 1417  294  609  88 198  91  115  77  224   91  42  57   7  96   0   767   1   0   0   8
reid,don          orl PF 68  714   90  190   0   0  44   68  65  176   27  20  54  44 180   2   224   1   0   1   5
rice,glen         hou SF 20  606   65  167  18  64  24   30   5   47   31  12  24   3  34   0   172   1   0   0  20
richardson,jason  gsw SG 80 2629  464 1090  82 246 141  210 124  340  236 106 160  31 195   2  1151   1   0   0  75
richardson,norm   chi SG 11   67   10   26   4   8   6    9   3    8    2   0   3   0   5   0    30   0   0   0   0
richardson,quent  lac SG 81 2152  400  926 133 349 143  187 113  334  128  78 102  21 142   2  1076   0   0   0   0
richmond,mitch    lal SG 64  709  100  247  18  62  42   44  14   94   57  18  40   6  61   0   260   0   0   0   2
rider,isaiah      den SG 10  173   37   81   6  15  13   17  10   33   12   3  14   2  11   0    93   1   0   0   1
robinson,cliff    det PF 80 2853  455 1070 116 305 143  206  79  386  202  89 151  95 243   4  1169  10   0   1  80
robinson,david    san  C 78 2303  341  672   0   0 269  395 191  647   94  86 104 140 193   3   951   1   0   0  78
robinson,eddie    chi SF 29  653  112  247   2   5  36   48  24   78   37  23  36  11  35   0   262   0   0   0  12
robinson,glenn    mil SF 66 2346  536 1147  58 178 236  282  70  406  168  97 174  41 173   1  1366   5   1   1  63
robinson,larry    nyk PG  2   10    1    4   1   2   0    0   0    2    0   0   0   0   1   0     3   0   0   0   0
rogers,carlos     ind  C 22  168   24   43   1   6  10   19  14   38    3   5   5   6  17   0    59   1   0   0   1
rogers,rodney     bos SF 77 1880  356  756  88 235 117  149 129  348  111  66 108  29 225   3   917   5   0   2   8
rooks,sean        lac  C 61  727   81  194   0   0  21   29  32  124   25  12  20  21 114   1   183   0   0   0   2
rose,jalen        chi SF 83 3153  663 1458  89 246 281  335  43  373  355  78 201  45 251   2  1696   8   1   0  83
rose,malik        san PF 82 1725  293  633   1  12 185  257 172  492   61  70 140  42 208   2   772   5   0   0   1
ruffin,michael    phi PF 15  170    7   26   0   0   2    8  23   51    5   5  11   8  23   0    16   0   0   0   0
russell,bryon     uta SF 66 1998  222  584  77 226 115  140  79  295  136  64 110  19 205   1   636   1   0   0  41
santiago,daniel   pho  C  3   24    4    8   0   0   0    0   0    7    2   0   2   1   4   0     8   0   0   0   0
sasser,jeryl      orl SG  7   36    3   14   0   0   4    5   3    7    2   3   2   0   3   0    10   0   0   0   0
satterfield,kenn  den PG 36  560   73  199   7  27  36   46  17   52  108  31  53   1  43   0   189   0   0   0   4
scalabrine,brian  njn PF 28  290   23   67   3  10  11   15  12   51   21   9  24   2  39   0    60   2   0   0   0
scott,shawnelle   den  C 21  252   37   75   0   0   8   20  53  103    8   3  15   6  49   0    82   2   0   1  10
sesay,ansu        sea SF  9  142   22   44   0   0  14   20   7   20    8   3   2   2  18   0    58   0   0   0   0
shaw,brian        lal PG 58  631   61  173  29  88  18   26  19  112   89  25  32   3  43   0   169   0   0   0   0
simmons,bobby     was SF 30  343   43   95   4  14  22   30  25   52   17  13  14   5  31   1   112   0   0   0   3
simpkins,dickey   atl PF  1    3    0    0   0   0   0    0   0    0    1   0   0   0   0   0     0   0   0   0   0
skinner,brian     cle PF 65 1107   88  162   0   0  48   79  93  281   17  24  42  61 130   1   224   1   0   0   8
slater,reggie     atl PF  8   47    7   15   0   0   7   10   5    9    1   1   1   1   3   0    21   0   0   0   0
smith,charles     san PG 60 1141  182  428  35 131  42   65  34  133   80  52  59  44 114   1   441   0   0   0  22
smith,jabari      phi  C 23  181   26   63   0   3  21   32   8   28   11   6   5   6  32   1    73   0   0   1   0
smith,joe         min PF 72 1921  297  581   2   3 171  206 152  453   82  39  86  59 250   2   767   2   1   2  63
smith,leon        atl  C 14  100   10   26   0   0  11   17  10   31    3   5   3   1  12   0    31   0   0   0   0
smith,steve       san SG 77 2212  310  682 116 246 159  181  45  193  151  54 108  15 158   0   895   2   0   0  76
snow,eric         phi PG 61 2225  276  624   3  27 183  227  33  215  400  95 138   9 167   1   738   2   0   0  61
solomon,wille     mem PG 62  881  113  331  46 162  49   73  12   68   92  35  62   7  76   0   321   2   0   0   4
spencer,felton    nyk  C 32  248    6   26   0   0  17   33  16   50    3   7  12   8  73   0    29   0   0   0   8
sprewell,latrell  nyk SF 81 3326  573 1419 145 403 284  346  59  298  313  94 223  14 161   0  1575   8   1   0  81
stackhouse,jerry  det SG 76 2685  524 1319  86 300 495  577  77  315  403  77 266  37 163   0  1629  13   1   0  76
starks,john       uta SG 66  929  114  310  29  95  33   41  15   68   70  33  52   0 126   1   290   0   0   0   1
stepania,vladimi  mia  C 67  884  117  249   1   2  50  104 100  270   16  24  52  44 103   1   285   3   0   1   4
stevenson,deshaw  uta SG 67 1134  143  371   2  25  37   53  44  131  116  29  68  24  82   0   325   0   0   0  23
stewart,michael   tor  C 11   93    8   23   0   0   6   11  12   25    3   4   4   3  22   0    22   0   0   0   0
stith,bryant      cle SG 50  665   70  188  24  68  44   52  20   85   42  29  30   6  42   0   208   0   0   0   5
stockton,john     uta PG 82 2566  401  775  25  78 275  321  59  263  674 152 208  24 209   1  1102   3   0   0  82
stojakovic,predr  sac SF 71 2649  547 1130 129 310 283  323  72  373  175  81 140  14 120   0  1506   2   0   0  71
stoudamire,damon  por PG 75 2796  369  918 104 295 174  196  78  292  490  67 149   7 153   0  1016   0   0   0  70
strickland,erick  bos PG 79 1643  190  488  95 247 131  155  22  213  184  56  94   1 145   1   606   1   0   0   4
strickland,mark   atl PF 46  654   91  204   1   4  25   44  41  131   20  19  28  17  48   0   208   0   0   1  10
strickland,rod    mia PG 76 2294  316  714   8  26 154  201  49  232  463  82 159  11 114   0   794   1   0   0  64
sundov,bruno      ind  C 22   88   16   40   0   1   0    2   7   21    3   3   4   3  16   0    32   0   0   0   0
sura,bob          gsw SG 78 1779  250  590  42 133 236  328  89  256  275  88 133  17 160   1   778   5   0   0   5
swift,stromile    mem PF 68 1804  293  611   0   3 217  305 161  430   50  53 122 113 178   3   803   0   0   0  14
szczerbiak,wally  min SG 82 3117  609 1200  87 191 226  272 120  391  257  66 181  21 188   1  1531   2   0   0  82
terry,jason       atl SG 78 2967  524 1219 172 444 284  340  40  270  444 144 181  13 156   0  1504   2   0   2  78
thomas,etan       was PF 47  618   81  151   0   0  41   74  55  181    6  17  26  35  76   0   203   1   0   0   0
thomas,kenny      hou PF 72 2484  396  829   0  16 223  336 158  516  137  85 143  66 195   5  1015   6   1   1  71
thomas,kurt       nyk PF 82 2771  463  938   1   6 216  265 214  747   87  71 153  79 341   8  1143   6   1   0  82
thomas,tim        mil SF 74 1987  316  753  95 291 142  179  64  300  105  65 127  32 200   4   869   4   1   0  22
tinsley,jamaal    ind PG 80 2442  289  760  42 175 131  186  78  298  647 138 270  40 248   9   751  12   0   2  78
torres,oscar      hou SF 65 1075  135  341  37 126  82  105  47  122   40  25  49   9  64   0   389   0   0   0  13
traylor,robert    cha PF 61  679   87  204   1   1  53   84  67  187   37  24  45  37 127   1   228   5   0   0   1
trent,gary        min PF 64 1140  193  381   0   2  92  144 104  270   60  21  58  27 160   0   478   6   1   3  10
trepagnier,jeff   cle SG 12   77    7   23   0   1   4    7   3   12   12   8  11   4   8   0    18   0   0   0   0
tsakalidis,iako   pho  C 67 1582  190  400   0   1 111  159 130  373   23  23  78  69 193   4   491   2   0   0  47
turkoglu,hidaye   sac SF 80 1970  290  687  63 171 167  230  63  363  163  57  81  31 184   0   810   1   0   0  10
vanexel,nick      dal PG 72 2496  501 1226 119 350 201  251  28  254  478  44 156  11 103   0  1322  10   1   0  46
vanhorn,keith     njn PF 81 2465  471 1089 101 293 156  195 137  609  164  63 146  42 221   1  1199   1   0   0  81
varda,ratko       det  C  1    6    2    3   0   0   1    1   0    1    0   0   1   0   3   0     5   0   0   0   0
vaughn,jacque     atl PG 82 1856  206  438  24  54 104  126  18  168  349  65 112   2 183   0   540   1   0   1  16
voskuhl,jake      pho  C 59  900  107  193   0   0  82  109 103  250   18  11  48  23 139   1   296   1   0   1  34
walker,antoine    bos PF 81 3406  666 1689 222 645 240  324 150  714  407 122 251  38 237   2  1794  17   0   1  81
walker,samaki     lal PF 69 1655  187  365   0   0  86  129 129  481   64  28  53  88 170   1   460   3   0   0  62
wallace,ben       det PF 80 2921  255  480   0   3  99  234 318 1039  115 138  70 278 178   2   609   5   0   0  80
wallace,gerald    sac SF 54  430   75  175   0   7  23   46  49   89   27  19  22   6  46   0   173   1   0   0   1
wallace,john      pho SF 46  490   93  214   5  13  40   46  27   85   29  11  29   9  60   0   231   5   0   0   0
wallace,rasheed   por PF 79 2963  603 1287 114 317 201  274 136  645  152 101 131 101 212   0  1521  27   2   0  79
wang,zhizhi       dal  C 55  598  109  248  48 116  42   57  19  111   22  11  25  12  84   0   308   0   0   0   0
ward,charlie      nyk PG 63 1058  113  303  53 164  47   58  15  127  203  68  75  14 100   0   326   1   0   2   1
watson,earl       sea ?? 64  964   96  212  16  44  23   36  31   83  125  60  51   5  93   0   231   0   0   0   0
weatherspoon,cla  nyk SF 56 1727  189  452   0   0 116  146 149  460   60  37  47  48 132   0   494   3   0   0  40
webber,chris      sac PF 54 2071  532 1075   5  19 253  338 150  546  258  90 158  76 181   2  1322  10   0   3  54
wells,bonzi       por SG 74 2347  487 1039  66 172 215  290 121  444  204 113 191  25 208   0  1255  18   3   2  69
wesley,david      cha PG 67 2487  364  910  85 256 138  188  44  143  236  74 119  15 147   0   951   1   0   0  63
white,jahidi      was  C 71 1346  150  279   0   0  83  154 159  444   17  25  65  75 163   0   383   2   1   1  69
white,rodney      det SF 16  129   21   60   2   9  12   14   2   18   12   9  14   2   6   0    56   0   0   0   0
whitney,chris     was PG 82 2171  274  656 131 323 154  175  11  152  314  72  85   6 182   1   833   1   0   0  81
williams,aaron    njn PF 82 1547  231  439   0   2 130  186 115  339   77  29  79  76 212   5   592   2   0   2  13
williams,alvin    tor PG 82 2927  403  971  62 193 103  140  58  281  468 135 150  26 191   1   971   4   0   1  82
williams,eric     bos SF 74 1747  144  385  24  86 160  219  58  221  109  77  95   8 179   1   472   1   0   3  30
williams,jason    mem PG 65 2236  376  985 127 430  80  101  22  195  519 111 214   7 102   0   959   7   2   0  65
williams,jerome   tor PF 68 1641  190  388   0   0 138  204 165  386   75  78  68  25 153   0   518   1   0   0  32
williams,monty    orl SF 68 1284  198  362   0   4  88  134  80  235   96  49  86  17 134   1   484   3   0   0  19
williams,scott    den PF 41  736   86  217   0   2  30   41  82  209   13  17  35  33  98   1   202   3   1   0  16
williams,shammon  sea ?? 50  603   81  193  28  75  31   39  16   63   83  21  35   2  35   0   221   0   0   1   2
williams,walt     hou SF 48 1117  166  396  78 183  40   51  37  162   69  18  53  10 106   0   450   2   0   1  25
williamson,corli  det SF 78 1702  411  806   1   5 240  298 117  319   94  49 137  26 226   1  1063   8   2   1   7
willis,kevin      hou  C 52  866  125  284   0   1  65   87 105  299   14  25  41  23  98   0   315   4   2   1   5
woods,loren       min  C 60  516   33   96   0   2  44   60  46  122   22  17  36  34  60   0   110   0   0   0   0
wright,lorenzen   mem  C 43 1252  223  486   0   2  70  123 130  405   44  30  72  23 126   0   516   4   0   0  33
