Player           Team PS GP  Min  FGM  FGA  3M  3A FTM  FTA  OR   TR   AS  ST  TO  BK  PF  DQ   PTS  TC  EJ  FF Sta
abdul-wahad,tari  dal SG 14  204   27   58   0   1   3    6  14   40   21   6   7   3  26   0    57   0   0   0   0
abdur-rahim,shar  atl PF 81 3083  566 1183  21  60 455  541 175  677  242  87 210  39 240   2  1608   9   0   0  81
alexander,courtn  nor SG 66 1360  193  505  19  57 118  146  39  118   79  31  68   6 125   0   523   0   0   0   7
allen,malik       mia PF 80 2318  335  790   0   4  97  121 134  425   54  37 128  78 234   1   767   1   0   2  73
allen,ray         sea SG 76 2880  598 1363 201 533 316  345  94  381  334 103 198  14 220   4  1713   3   0   0  75
alston,rafer      tor PG 47  979  139  335  51 130  37   54  21  107  192  38  86  15 120   0   366   3   0   0   4
amaechi,john      uta  C 50  474   37  118   0   0  25   52  26   77   21  14  34   7  50   1    99   0   0   0   1
andersen,chris    den PF 59  907  114  285   0   1  77  140 109  274   32  30  60  60  90   1   305   0   0   0   3
anderson,derek    por SG 76 2555  355  832 116 331 231  269  53  264  325  90 128  16 141   1  1057   0   0   0  76
anderson,kenny    nor PG 61 1135  163  382   1   7  45   57  31  132  198  58  75   5 106   0   372   0   0   0   2
anderson,shandon  nyk SF 82 1731  248  537  52 140 139  190  64  254   87  73 114  20 177   1   687   0   0   0   9
archibald,robert  mem PF 12   72    6   20   0   0   7   18   6   17    3   0   7   3   9   0    19   0   0   0   0
arenas,gilbert    gsw PG 82 2868  509 1180 109 313 370  468  97  386  514 124 290  17 260   3  1497  13   1   3  82
armstrong,brando  njn SG 17   69    9   27   1   6   5    6   0    4    2   3   5   1   8   0    24   0   0   0   0
armstrong,darrel  orl PG 82 2351  263  643  78 232 165  188  91  295  323 135 160  13 167   1   769   3   0   1  23
arroyo,carlos     uta PG 44  287   50  109   3   7  18   22  11   26   53  12  30   1  28   0   121   0   0   0   0
artest,ron        ind SF 69 2316  362  846  71 211 273  371 101  362  198 159 145  50 242   7  1068  15   1   8  67
atkins,chucky     det PG 65 1398  168  465  86 242  40   49  21   96  175  27  77   4 108   0   462   1   0   0   7
augmon,stacey     nor SF 70  862   79  192   0   7  54   72  26  119   69  27  40   9  80   0   212   3   0   0   3
bagaric,dalibor   chi  C 10   76    8   26   0   0   3    4   7   20    4   3   5   3  11   0    19   0   0   0   0
baker,vin         bos PF 52  942   99  207   0   4  72  107  90  198   29  22  61  30 146   1   270  10   0   1   9
barry,brent       sea SG 75 2481  264  577 118 293 128  161  48  301  384 113 142  15 199   1   774   1   0   1  68
barry,jon         det SG 80 1473  191  424  87 214  86  100  33  180  206  63  81  14 104   0   555   6   0   0   0
baston,maceo      tor PF 16  106   15   25   0   0  10   12   4   23    0   4   6  11  16   0    40   0   0   0   0
bateer,mengke     san  C 12   45    4   17   1   3   0    2   2   10    4   0   6   0  14   0     9   0   0   0   0
batiste,mike      mem SF 75 1249  197  467  18  81  69   88  82  257   52  42  69  16 120   1   481   6   0   0   2
battie,tony       bos  C 67 1683  199  369   1   5  88  118 148  433   49  33  48  81 197   2   487   7   1   1  62
battier,shane     mem SF 78 2383  275  569  86 216 120  145 128  345  105 102  68  88 207   0   756   0   0   0  47
baxter,lonny      chi PF 55  682   96  206   0   2  70  103  65  165   16   9  46  22 135   1   262   0   0   0   0
bell,raja         dal SG 75 1173   93  211  21  51  23   34  47  145   57  52  43   8 134   1   230   9   2   0  32
bender,jonathan   ind SF 46  819  112  254  19  53  60   84  42  133   42   8  42  56  86   0   303   2   0   0   2
benjamin,corey    atl SG  9  152   13   43   2  13  12   16  10   31   10   1   6   2  20   0    40   0   0   0   0
best,travis       mia PG 72 1807  231  583  36 109 105  123  26  147  255  44 106   7 174   6   603   4   0   1  52
bibby,mike        sac PG 55 1835  329  700  56 137 161  187  34  147  285  72 127   8  93   0   875   4   0   1  55
billups,chauncey  det PG 74 2327  366  870 149 380 318  362  38  273  287  63 134  15 136   0  1199   5   1   0  74
blount,corie      chi PF 50  836   65  134   0   0  20   35  68  205   50  33  43  19 121   1   150   5   0   0   3
blount,mark       bos  C 81 1403  150  347   0   0 101  139 111  308   56  42 103  68 187   2   401   7   0   0  31
booth,calvin      sea  C 47  573   52  119   0   2  34   47  32  109   12  11  22  33  74   0   138   0   0   0   0
boozer,carlos     cle PF 81 2049  331  618   0   1 148  192 202  609  106  59 103  50 224   2   810   0   0   0  54
boumtje,ruben     por  C  2    5    0    1   0   0   0    0   1    1    1   1   0   0   0   0     0   0   0   0   0
bowen,bruce       san SF 82 2567  223  479 101 229  36   89  59  239  113  66  72  42 195   0   583  10   2   0  82
bowen,ryan        den SF 62  997   97  197   2   7  27   41  78  157   54  65  43  29  82   0   223   0   0   0  31
boykins,earl      gsw PG 68 1321  199  464  29  77 173  200  35   88  221  38  73   4  75   0   600   0   0   0   0
bradley,michael   tor PF 67 1314  151  314   1   6  35   67 162  409   67  16  76  32 125   0   338   1   0   0  11
bradley,shawn     dal  C 81 1731  201  375   0   1 141  175 151  476   54  65  67 170 242   5   543   9   1   0  39
brand,elton       lac PF 62 2453  451  899   0   1 244  356 283  703  157  71 161 158 204   3  1146   5   0   1  61
bremer,j.r.       bos PG 64 1502  171  464 101 286  85  111  18  145  164  38  59   3  80   1   528   0   0   0  41
brewer,jamison    ind SG 10   80    9   17   0   2   4    9   5    9   18   2   6   1  11   0    22   0   0   0   0
brezec,primoz     ind PF 22  111   15   38   0   1  12   20  13   23    4   2   7   4  16   0    42   0   0   0   1
brown,damone      tor SF  5  115   11   35   0   2   6    8   3   15    3   1   6   0  14   0    28   0   0   0   3
brown,devin       den SG 10   93   12   35   0   1   6    8   8   18    7   4   9   1  14   0    30   0   0   0   2
brown,kedrick     bos SG 51  666   61  171   3  39  20   32  45  140   20  34  23  13  68   0   145   1   0   0   5
brown,kwame       was  C 80 1774  224  502   0   3 145  217 128  426   58  50 110  80 159   1   593   2   1   0  20
brown,p.j.        nor PF 78 2609  319  601   0   3 194  232 243  701  147  67  98  80 201   2   832   1   0   3  78
brown,randy       pho PG 32  262   16   43   0   0   9   12   3   26   35  17  17   2  36   0    41   3   1   0   0
brown,tierre      cle PG 15  168   27   59   0   1  11   14   8   30   39  13  22   0   9   0    65   0   0   0   0
brunson,rick      chi PG 17  196   23   50   4   6  10   12   4   19   36  10  17   3  20   0    60   0   0   0   0
bryant,kobe       lal SG 82 3402  868 1924 124 324 601  713 106  564  481 181 288  67 218   0  2461  11   0   0  82
bryant,mark       bos PF 16  100    5   19   0   0   3    4   8   20    4   1   7   1  18   0    13   0   0   0   0
buckner,greg      phi SG 75 1513  185  398  15  55  65   81  72  216   96  72  62  16 203   0   450   2   0   1   5
burke,pat         orl  C 62  783  113  296   1   7  40   58  57  146   23  19  47  25  99   1   267   2   0   0   8
butler,caron      mia SF 78 2858  429 1032  34 107 309  375 135  397  213 137 192  31 230   3  1201   3   0   0  78
butler,rasual     mia SF 72 1514  207  572  50 171  76  104  29  186   93  21  77  43 105   0   540   0   0   0  28
caffey,jason      mil PF 51  894  113  248   0   0  69  106  68  176   38  19  56  15 122   3   295   0   0   0  16
camby,marcus      den  C 29  616   93  227   2   5  33   50  75  208   47  20  27  40  69   1   221   2   1   0   9
campbell,elden    sea  C 56  869  117  295   0   1 109  136  47  181   51  33  50  39 129   2   343   2   0   0   1
cardinal,brian    was SF  5   15    1    4   0   1   2    2   3    5    1   0   1   0   0   0     4   0   0   0   0
carter,anthony    mia PG 49  912   83  233   0   8  33   50  12   83  203  45  81   5  70   0   199   0   0   3  26
carter,vince      tor SG 43 1471  355  760  45 131 129  160  59  188  143  48  74  41 121   2   884   2   0   0  42
cassell,sam       mil PG 78 2700  546 1162  59 163 385  447  57  342  450  88 177  14 216   1  1536   5   0   0  77
cato,kelvin       hou  C 73 1252  133  256   0   4  66  124 132  428   20  38  56  85 176   0   332  10   0   2   5
chandler,tyson    chi  C 75 1826  257  484   0   0 177  291 169  514   76  37 135 106 220   3   691  14   2   0  68
cheaney,calbert   uta SF 81 2351  325  651  10  25  40   69  73  284  163  65 108  13 225   1   700   0   0   0  74
childs,chris      njn PG 12  106    6   20   1   6   2    3   3    5   16   8   6   1  17   0    15   0   0   0   0
christie,doug     sac SG 80 2711  267  557  73 185 141  174  61  342  376 180 144  37 186   1   748   0   0   0  80
clark,keon        sac  C 80 1781  226  451   0   4  84  128 138  451   80  38  94 150 227   2   536   4   0   0  11
claxton,speedy    san PG 30  471   67  145   0  11  39   57  22   56   75  22  35   7  43   0   173   1   0   0   0
cleaves,mateen    sac PG 12   55    6   23   1   1   3    4   1    8   10   2  14   0   6   0    16   0   0   0   0
coleman,derrick   phi  C 64 1742  223  498  22  67 134  171 151  450   87  53  96  69 171   2   602   4   0   3  35
coles,bimbo       bos PG 35  691   56  168   7  32  35   42  11   59   72  17  28   4  60   0   154   1   0   0  11
collier,jason     hou PF 13  104   17   36   0   0   2    2  12   29    1   2   2   1  10   0    36   1   0   0   3
collins,jarron    uta  C 22  421   38   86   0   1  44   62  32   60   14   5  19   6  70   2   120   0   0   0   7
collins,jason     njn  C 81 1900  140  338   0   4 180  236 136  368   87  47  85  44 252   4   460  10   0   1  66
crawford,chris    atl PF  5   38    8   13   1   3   7    8   3    7    1   2   2   3   7   0    24   0   0   0   0
crawford,jamal    chi PG 80 1992  334  808  86 242 104  129  21  185  334  77 134  25 126   0   858   0   0   1  31
croshere,austin   ind PF 49  633   86  209  27  69  53   65  40  155   56   6  28  13  48   0   252   0   0   0   0
crotty,john       den PG 12  180   14   41   4  13   9   15   1   15   29   3   9   0  16   0    41   1   0   0   0
curry,eddy        chi  C 81 1571  335  573   0   0 179  287 116  353   37  18 137  62 226   3   849   1   0   2  48
curry,michael     det SF 78 1556   92  229  16  54  36   45  16  127  104  44  43   4 163   0   236   0   0   1  77
dampier,erick     gsw  C 82 1979  259  522   0   2 155  222 248  543   58  27 112 154 242   3   673   4   0   1  82
daniels,antonio   por PG 67  871   84  186  18  59  65   76  11   72   85  33  32   9  43   0   251   1   0   0   2
davis,antonio     tor PF 53 1894  261  641   0   0 216  280 130  437  131  23 118  62 150   0   738   9   1   0  52
davis,baron       nor PG 50 1889  332  798  99 283  93  131  56  186  320  91 140  22 148   3   856   9   0   1  47
davis,dale        por PF 78 2283  237  438   0   0 105  166 233  564   94  51  71  70 189   1   579   9   0   0  78
davis,emanual     atl SG 24  340   32   88   7  29  17   22   5   43   36  12  25   2  28   0    88   0   0   0   1
davis,hubert      det SG 43  328   31   79  12  36   5    6   6   36   29   5  11   0  23   0    79   0   0   0   1
davis,ricky       cle SF 79 3130  602 1470  74 204 348  465  97  390  436 125 277  36 180   0  1626  13   1   4  76
declercq,andrew   orl  C 77 1327  149  279   0   0  67  104 142  339   52  39  84  36 258   5   365  11   2   1  22
delk,tony         bos PG 67 1873  233  560 120 304  68   87  41  232  146  72  69  10 124   0   654   1   0   0  39
dickau,dan        atl PG 50  515   70  170  22  61  21   26   9   43   85  14  53   2  66   0   183   0   0   0   0
dickerson,michae  mem SG  6   87   10   24   4  11   5    5   1    6    8   5   6   1  16   0    29   0   0   0   1
diop,desagana     cle  C 80  944   54  154   0   0  11   30  63  215   43  33  56  81 148   4   119   1   0   0   1
divac,vlade       sac  C 80 2384  305  655   6  25 179  251 157  574  274  83 152 105 239   3   795   9   0   0  80
dixon,juan        was PG 42  647  104  271  25  84  37   46  13   72   40  26  42   3  54   0   270   0   0   0   3
doleac,michael    nyk  C 75 1043  146  343   0   0  36   46  65  219   42  16  49  16 150   1   328   1   0   1   0
dooling,keyon     lac PG 55  969  128  329  50 139  44   57   9   72   89  24  60   6  93   0   350   2   0   0   1
drew,bryce        nor PG 13   79    8   27   3   7   0    0   4   13   11   2   3   0   2   0    19   0   0   0   0
drobnjak,predrag  sea  C 82 1985  325  789  30  85  91  115 111  320   86  48  65  38 180   0   771   1   0   1  69
dudley,chris      por  C  3   11    0    1   0   0   0    0   2    2    0   0   0   0   3   0     0   1   0   0   0
duncan,tim        san PF 81 3180  714 1392   6  22 450  634 259 1043  316  55 248 237 231   2  1884   6   0   0  81
dunleavy,mike     gsw SF 82 1305  168  417  52 150  78  100  66  214  106  53  86  19 120   0   466   0   0   0   3
eisley,howard     nyk PG 82 2241  262  628 131 337  89  105  24  186  444  71 149   9 222   1   744   1   0   0  76
ellis,laphonso    mia PF 55  784  100  262  27 107  50   66  44  157   15  15  31  15  88   0   277   1   0   0   3
ely,melvin        lac PF 52  801   92  186   0   0  52   74  64  174   15  10  50  32  95   0   236   1   0   0   7
eschmeyer,evan    dal  C 17  135    7   19   0   0   3    4  10   29    6  10   6   7  35   1    17   1   0   0   3
evans,reggie      sea PF 67 1365   66  140   0   0  80  154 167  445   34  38  52  11 173   2   212   2   0   0  60
ferry,danny       san SF 64  600   44  124  21  60  10   13  20   75   21   7  27   9  55   0   119   1   0   0   1
finley,michael    dal SG 69 2642  507 1193 119 322 198  230 107  402  205  76 114  21 105   0  1331   3   0   0  69
fisher,derek      lal PG 82 2829  339  775  85 212 100  125  40  239  298  93  94  15 195   4   863   5   1   0  82
fizer,marcus      chi SF 38  809  178  383   1   6  88  134  80  216   48  14  57  17  89   0   445   6   0   2   0
ford,alton        pho PF 11   31    3    9   0   0   1    3   0    6    1   0   2   0   7   0     7   0   0   0   0
forte,joe         sea SG 17   86   10   35   0   3   4    6   4   11   11   4  10   0   6   0    24   0   0   0   0
fortson,danny     gsw PF 17  223   20   54   0   1  19   29  28   73   12   9  15   0  43   0    59   1   0   2   0
foster,greg       tor  C 29  539   47  122   1   4  26   32  30  102   13   1  30   9  82   1   121   4   0   0   9
foster,jeff       ind  C 77  813   64  178   0   2  34   63 118  279   51  28  34  21 103   0   162   4   0   2   2
fowlkes,tremain   lac SF 37  573   56  128   2   9  50   59  41  103   23  25  20   2  63   0   164   0   0   0  10
fox,rick          lal SF 76 2181  262  621 105 280  52   69  64  323  253  69 121  14 215   4   681   2   0   0  75
foyle,adonal      gsw  C 82 1787  185  345   0   1  70  104 176  490   37  40  73 205 214   3   440   1   0   0   0
francis,steve     hou PG 81 3318  571 1312  85 240 476  595 159  499  502 141 299  41 251   2  1703  20   1   0  81
funderburke,lawr  sac PF 27  229   32   72   0   0  10   17  17   55    8   1   6  11  25   0    74   1   0   1   0
gadzuric,dan      mil  C 49  760   70  145   0   1  29   56  66  197    9  22  27  52 125   3   169   1   0   0  30
garnett,kevin     min SF 82 3322  743 1481  20  71 377  502 244 1102  495 113 229 129 199   0  1883  16   0   1  82
garrity,pat       orl PF 81 2585  312  744 161 407  83  100  72  306  121  62  77  20 255   2   868   3   0   1  53
gasol,pau         mem PF 82 2947  569 1116   1  10 416  565 192  720  229  34 213 148 220   3  1555   0   0   0  82
george,devean     lal SF 71 1613  180  461  49 132  83  105  91  286   92  56  65  38 180   2   492   4   0   0   7
gill,kendall      min SG 82 2068  286  677  19  59 123  161  51  248  156  78 108  15 176   2   714   3   0   0  34
ginobili,emanuel  san SG 69 1432  174  397  51 148 126  171  47  161  138  96 100  17 170   3   525   0   0   0   5
giricek,gordan    orl SG 76 2147  350  803  85 249 150  183  36  238  137  52 145   8 159   0   935   0   0   0  62
glover,dion       atl SF 76 1889  277  648  56 158 127  162  62  282  141  71 108  15 146   0   737   1   0   1  42
goldwire,anthony  was PG 15   86    9   25   3   9   4    7   0    6    4   3   6   0   6   0    25   0   0   0   0
gooden,drew       orl PF 70 1874  355  777  14  48 151  212 163  455   83  53 150  35 172   2   875   8   1   0  47
grant,brian       mia PF 82 2641  344  676   0   0 158  205 241  837  104  63 129  47 300   8   846   7   3   1  82
grant,horace      orl PF  5   85   13   25   0   0   0    0   2    8    7   3   1   0   5   0    26   0   0   0   1
griffin,adrian    dal SF 74 1373  146  337   6  24  27   32  88  264  105  77  47   6 157   0   325   0   0   0  48
griffin,eddie     hou PF 77 1884  271  678  64 192  58   94 138  461   86  52  76 111 136   1   664   5   0   0  66
gugliotta,tom     pho PF 27  447   60  132   0   1   9    9  25  100   31  14  31   5  35   0   129   0   0   0  11
guyton,a.j.       gsw PG  2    9    0    4   0   1   0    0   0    0    2   1   1   0   0   0     0   0   0   0   0
haislip,marcus    mil SF 39  441   66  153   3  12  26   38  21   53    9   7  21  18  55   1   161   1   0   0   8
ham,darvin        atl SF 75  926   71  159   0   3  38   79  73  153   38  16  65  19 127   0   180   0   1   2   1
hamilton,richard  det SG 82 2639  570 1286  32 119 440  528  88  318  208  64 200  13 249   2  1612   1   0   0  82
hamilton,zendon   tor PF  3   12    2    5   0   0   2    2   1    4    0   1   1   0   2   0     6   0   0   0   0
hardaway,anferne  pho SG 58 1779  256  573  26  73  77   97  66  258  235  66 145  26 150   1   615   1   0   0  51
hardaway,tim      ind PG 10  127   18   49  11  31   2    4   1   15   24   9  11   0   8   0    49   0   0   0   0
harpring,matt     uta SF 78 2557  521 1020  66 160 262  331 190  514  133  73 160  17 217   4  1370   4   0   1  69
harrington,adam   den SG 19  114   11   37   5  14   3    4   1    8   12   2   2   1   8   0    30   0   0   0   0
harrington,al     ind PF 82 2467  389  896  13  46 211  274 159  511  125  71 163  33 280   3  1002  11   3   3  37
harrington,lorin  den PG 82 2000  169  467   7  28  73  112  44  250  277  80 157  15 250   6   418   1   0   1  51
harrington,othel  nyk PF 74 1851  225  443   0   0 123  150 165  476   62  12  90  23 231   2   573   4   0   0  64
harris,lucious    njn SG 77 1973  298  721  47 136 152  189  63  232  155  53  71   8  95   0   795   4   1   0  25
harvey,antonio    atl PF  4   32    2    5   0   0   0    0   1    6    0   1   3   4   7   0     4   0   0   0   0
harvey,donnell    den PF 77 1613  246  551   1   7 118  176 125  409  100  48 123  27 203   2   611  10   1   0  27
hassell,trenton   chi SG 82 2000  144  392  13  40  41   55  37  255  151  45  83  61 197   2   342   1   0   0  53
haston,kirk       nor SF 12   57    2   17   0   3   2    4   0    7    3   0   7   5  10   0     6   0   0   0   0
hawkins,juaquin   hou SF 58  685   57  148  10  24  10   20  16   78   47  29  29   6  57   0   134   0   0   0  10
haywood,brendan   was  C 81 1925  173  339   0   0 155  245 192  404   29  32  65 119 225   3   501   2   0   3  69
henderson,alan    atl PF 82 1494  153  327   0   2  88  138 156  398   41  33  61  32 168   1   394   1   0   0   3
hilario,nene      den  C 80 2251  321  619   0   3 197  341 208  491  149 127 181  65 295   4   839   8   0   0  53
hill,grant        orl SF 29  843  151  307   1   4 118  144  40  206  122  28  84  13  46   0   421   0   0   0  29
hill,tyrone       phi PF 56 1351  129  306   0   0  54   80 126  391   41  46  68  26 172   4   312   6   0   0  43
hoiberg,fred      chi SG 63  783   49  126   5  21  41   50  11  137   70  40  25   5  59   0   144   0   0   0   0
horry,robert      lal PF 80 2343  184  476  51 177 103  134 181  514  233  96 112  61 247   2   522   8   1   0  26
house,eddie       mia PG 55 1025  172  444  36 120  31   36  17  101   87  44  46   1  73   0   411   2   0   0   7
houston,allan     nyk SG 82 3108  652 1465 178 450 363  395  26  231  220  54 178   7 191   2  1845   0   0   0  82
howard,juwan      den PF 77 2729  567 1261   2   4 282  351 181  585  234  77 189  27 239   2  1418   9   1   1  77
hudson,troy       min PG 79 2601  409  956  97 266 208  231  42  183  452  60 182   7 160   1  1123   0   0   0  74
huffman,nate      tor  C  7   76    9   25   0   0   5    8   9   23    5   1   3   3  13   0    23   0   0   0   0
hughes,larry      was PG 67 2136  346  741  29  79 136  186  67  308  205  86 136  24 149   1   857   0   0   1  56
humphrey,ryan     mem SF 48  444   35  120   0   0  23   39  34   99   11   9  23  18  75   1    93   1   0   2   1
hunter,lindsey    tor PG 29  672  106  302  34 107  34   47  15   59   71  35  57   5  50   1   280   2   0   0   1
hunter,steven     orl  C 33  447   56  103   0   0  18   44  38   93    6   9  15  36  56   0   130   0   0   0   5
ilgauskas,zydrun  cle  C 81 2434  495 1122   0   5 400  512 240  611  127  56 210 152 274   4  1390  12   1   0  81
iverson,allen     phi SG 82 3485  804 1940  84 303 570  736  68  344  454 225 286  13 149   2  2262   9   0   0  82
jackson,bobby     sac PG 59 1676  340  732  89 235 126  149  57  219  182  71 106   3 126   0   895   1   0   0  26
jackson,jermaine  atl PG 53  559   40  110   1  10  40   55  19   57   74  19  34   6  51   0   121   0   0   0   1
jackson,jimmy     sac SG 63 1309  204  462  32  71  47   55  84  262  118  31  80   4 132   0   487   5   0   1   0
jackson,marc      min PF 77 1040  153  349   1   1 114  149  86  225   37  24  59  30 137   0   421   9   0   0   0
jackson,mark      uta PG 82 1467  147  369  27  95  61   80  34  176  375  48 152   3  90   0   382   0   0   0   0
jackson,stephen   san SG 80 2252  356  818  95 297 139  183  66  286  183 125 176  30 202   1   946   8   1   0  58
jacobsen,casey    pho SG 72 1145  122  327  52 165  72  105  29   83   73  35  55   6  90   0   368   0   0   0   0
james,jerome      sea  C 51  766  111  232   0   0  54   92  78  216   27  12  75  82 166   3   276   4   0   0  16
james,mike        mia PG 78 1722  218  585  67 228 104  142  26  149  246  64 108   5 176   1   607   1   0   0   8
jamison,antawn    gsw SF 82 3226  691 1471  65 209 375  475 195  578  156  76 177  45 197   1  1822   3   0   2  82
jaric,marko       lac SG 66 1379  179  446  53 166  79  105  35  160  193  97 103  11 125   0   490   5   1   0  12
jefferies,chris   tor SF 51  665   75  194  18  54  29   43  16   59   22  19  45  16  56   0   197   0   0   0  10
jefferson,richar  njn SF 80 2878  456  911   6  24 324  436 150  514  201  80 156  44 216   1  1242   5   0   0  80
jeffries,jared    was PF 20  291   30   63   3   6  16   29  26   58   16   8  21   5  28   0    79   0   0   0   1
johnson,anthony   njn PG 66  842  103  231  13  35  51   74  13   78   86  37  41   5  93   1   270   3   1   0   2
johnson,avery     dal PG 48  430   63  150   0   2  30   39  10   31   64  15  29   1  26   0   156   0   0   0   0
johnson,ervin     mil  C 69 1170   61  135   0   0  30   44 117  294   24  34  34  63 178   3   152   4   0   2  17
johnson,joe       pho SG 82 2255  316  796  75 205  96  124  57  264  210  62 108  19 143   0   803   2   0   0  34
johnson,ken       mia  C 16  156   15   37   0   0   2    6   4   32    0   1   6  12  20   0    32   0   0   0   0
jones,damon       sac PG 49  709   80  210  44 121  20   27  11   70   80  18  23   4  42   0   224   4   1   0   1
jones,eddie       mia SG 47 1789  291  688  98 241 189  230  35  226  173  64  85  31 137   1   869   0   0   0  47
jones,fred        ind PG 19  115    9   24   2   7   3    4   4    9    5   6   6   1  13   0    23   0   0   0   1
jones,jumaine     cle PF 80 2204  308  710 111 314  57   83 106  405  112  67 107  22 176   1   784   6   0   0  12
jones,popeye      dal PF 26  222   24   62   0   0   5   11  29   59    8   5  15   1  31   0    53   1   0   0   0
jordan,michael    was SG 82 3034  679 1527  16  55 266  324  71  497  311 123 173  39 171   1  1640   5   0   0  67
kemp,shawn        orl  C 79 1634  211  505   0   1 115  155 147  451   55  66 102  33 239   2   537   4   0   4  54
kerr,steve        san SG 75  951  110  256  49 124  30   34  12   60   70  27  35   3  49   0   299   1   0   0   0
kidd,jason        njn PG 80 2989  515 1244 126 370 339  403 110  504  711 179 296  25 127   0  1495   5   1   0  80
kirilenko,andrei  uta SF 80 2213  315  642  37 114 296  370 147  420  138 118 136 175 185   0   963   0   0   0  11
kittles,kerry     njn SG 65 1951  332  711  78 219 106  135  52  252  170 101  55  30 110   1   848   1   0   0  57
knight,brevin     mem PG 55  928   97  228   2   8  20   37  15   81  233  69  94   2 123   0   216   2   0   0   4
knight,travis     nyk  C 32  287   25   65   0   1  10   13  18   62   14   8  10   9  44   0    60   0   0   0   0
kukoc,toni        mil SF 63 1704  249  577  95 263 137  194  67  266  230  81 122  29 134   0   730   1   0   0   0
laettner,christi  was PF 76 2219  255  516   2  16 120  144 114  502  235  82  87  40 206   0   632   6   0   0  66
lafrentz,raef     dal  C 69 1611  266  514  47 116  60   88 125  330   54  35  46  91 264   8   639   3   0   1  43
lampley,sean      mia SF 35  487   56  129   0   4  57   82  26   83   31   7  25   3  43   0   169   0   0   0   0
langhi,dan        pho PF 60  540   81  202   9  31  12   20  19   87   21  15  16   6  58   0   183   0   0   1   0
lenard,voshon     tor SG 63 1930  325  809  92 252 156  194  48  212  144  59 103  21 156   1   898   3   0   0  24
lewis,rashard     sea SF 77 3044  519 1149  75 217 283  345 152  503  133  99 143  35 205   1  1396  11   2   0  77
livingston,randy  nor PG  2   12    2    4   0   0   2    2   0    0    1   0   0   0   0   0     6   0   0   0   0
long,art          tor PF 26  211   28   75   2   3   2   10  21   60    6   5  20  11  35   0    60   0   0   0   0
long,grant        bos PF 41  488   27   70   0   3  18   23  24   83   25   9  19   1  62   0    72   2   0   1   1
lue,tyronn        was PG 75 1986  248  573  60 176  91  104  22  149  263  47  77   1 151   0   647   4   0   0  24
lynch,george      nor SF 81 1497  147  359  28  79  41   74 139  353  104  66  52  19 136   1   363   1   0   0  32
macculloch,todd   phi  C 42  813  123  238   0   0  53   79  66  196   20  19  35  32 107   0   299   0   0   0  35
maddox,tito       hou PG  9   35    3   12   0   3   5    8   1    7    5   3   3   1   4   0    11   0   0   0   0
madsen,mark       lal PF 54  781   69  163   0   0  36   61  86  159   38  15  27  19 116   0   174   1   0   0  22
maggette,corey    lac SF 64 2006  343  773  62 177 325  405  77  322  123  55 147  16 194   6  1073   6   1   0  57
magloire,jamaal   nor  C 82 2443  305  635   0   3 231  322 260  724   88  49 158 111 276   4   841  14   0   2  82
malone,karl       uta PF 81 2936  595 1289   3  14 474  621 113  628  379 136 210  31 204   0  1667  14   0   1  81
maloney,matt      atl PG 14  103    8   25   5  15   3    5   1    7   17   4   5   0   9   0    24   0   0   0   0
manning,danny     det PF 13   89   13   32   3   8   5    6   7   18    7   9   7   3  11   0    34   0   0   0   0
marbury,stephon   pho PG 81 3242  671 1530  89 296 375  467  53  263  654 108 263  20 200   1  1806   7   0   1  81
marion,shawn      pho SF 81 3373  662 1466 141 364 251  295 199  773  198 185 157  95 208   0  1716   3   0   0  81
marks,sean        mia  C 23  223   22   59   0   1  10   15   8   35    3   5  14   6  37   1    54   0   0   0   0
marshall,donny    njn SF  3    6    0    3   0   1   0    0   0    3    0   0   1   0   0   0     0   0   0   0   0
marshall,donyell  chi SF 78 2379  421  918  33  87 167  221 234  699  137  95 135  85 234   3  1042   8   1   0  53
martin,kenyon     njn PF 77 2629  509 1082   9  43 256  392 164  640  185  98 192  70 294   6  1283  13   0   1  77
mashburn,jamal    nor SF 82 3321  670 1586 119 306 313  369  66  498  462  83 230  17 196   0  1772   3   0   1  81
mason,anthony     mil PF 65 2120  191  393   0   1  84  117  90  416  209  32  79  12 147   0   466   9   0   1  58
mason,desmond     mil SF 80 2763  457 1017  21  72 212  283 154  523  163  67 115  32 210   1  1147   4   0   1  40
mason,roger       chi SG 17  113   11   31   6  18   2    2   2   12   12   4   5   0  20   0    30   0   0   0   0
massenburg,tony   uta  C 58  792  104  232   0   0  65   84  59  156   17  17  50  19 144   1   273   3   0   2   1
mccarty,walter    bos SF 82 1949  173  418  91 248  61   98  64  288  106  78  67  28 188   1   498   1   0   0   8
mccaskill,amal    atl  C 11   70    4   17   0   0   3    4   7   22    5   3   2   1  13   0    11   0   0   0   0
mccoy,jelani      tor  C 67 1367  194  395   0   0  69  126  95  355   43  28  96  60 162   2   457   6   0   1  25
mcgrady,tracy     orl SF 75 2954  829 1813 173 448 576  726 121  488  411 124 195  59 156   0  2407   5   0   0  74
mcinnis,jeff      por PG 75 1310  188  423   6  35  50   67  22   97  170  21  75   2 117   1   432   1   0   0   1
mckie,aaron       phi SF 80 2375  286  666  37 112 112  134  61  350  278 131 109   9 177   2   721   1   0   0  40
medvedenko,stan   lal PF 58  620  112  258   0   2  31   43  66  141   18  11  37   8 118   0   255   3   1   0  10
mercer,ron        ind SG 72 1660  244  597   3  16  65   81  32  154  112  49  54  14 123   1   556   1   0   0   3
mihm,chris        cle  C 52  809  116  287   0   3  76  105  93  231   28  18  48  38 124   0   308   1   0   0   0
miles,darius      cle SF 67 2007  263  642   0  14  92  155 113  363  176  67 178  69 159   3   618   5   1   1  62
miller,andre      lac PG 80 2914  377  928  23 108 311  391  84  316  537  99 206  11 203   3  1088  10   1   0  80
miller,brad       ind  C 73 2271  329  667   5  16 292  357 185  603  193  65 118  43 203   0   955   7   0   4  72
miller,mike       mem SG 65 2185  373  859 109 300 156  186  46  341  170  42 125  21 173   2  1011   0   0   0  52
miller,reggie     ind SG 70 2119  281  637 113 318 207  230  21  172  170  62  66   4  89   0   882   6   2   0  70
mills,chris       gsw SF 21  262   39  106   7  25  16   18  19   50   22   7  10   3  29   0   101   1   0   0   0
ming,yao          hou  C 82 2383  401  805   1   2 301  371 196  675  137  31 173 147 230   1  1104   1   0   0  72
mobley,cuttino    hou SG 73 3044  463 1067 112 318 242  282  70  303  208  95 166  36 185   0  1280   5   0   0  73
mohammed,nazr     atl  C 35  449   67  159   0   0  26   41  47  129    6  16  25  21  79   0   160   0   0   0   0
moiso,jerome      nor PF 51  644   89  171   0   0  27   41  59  178   22  19  46  44  87   1   205   0   0   0   1
moore,mikki       atl  C  8   43    5   13   0   0   8   10   6    8    3   0   2   4   7   0    18   0   0   0   0
morris,terence    hou SF 49  632   82  176   7  32  11   14  40  128   25   8  29  17  35   0   182   1   0   0   0
murphy,troy       gsw PF 79 2510  338  749   3  14 244  290 228  806  106  65 111  30 246   1   923  11   1   2  79
murray,ronald     sea PF 14   62   11   31   0   5   5    8   0    4    5   4   8   0   0   0    27   0   0   0   0
murray,tracy      lal SF 31  193   23   71   8  38   7    9   5   23   12   5  14   3  22   0    61   0   0   0   0
mutombo,dikembe   njn  C 24  514   49  131   0   0  40   55  54  153   19   4  34  37  54   0   138   2   0   0  16
n'diaye,mamadou   tor  C 22  364   43   96   0   0  34   47  29   82    7   8  21  32  58   0   120   0   0   0   8
nachbar,bostjan   hou SF 14   77   11   31   2  10   5   10   3   11    3   2   6   2  13   0    29   0   0   0   1
nailon,lee        nyk SF 38  405   84  190   0   1  42   51  32   70   26   6  32   3  46   0   210   0   0   0   0
najera,eduardo    dal SF 48 1102  129  231   0   1  62   91  90  223   47  40  23  22 129   1   320   4   1   0  12
nash,steve        dal PG 82 2711  518 1114 111 269 308  339  63  234  598  85 192   6 134   0  1455   5   0   0  82
nesterovic,rados  min  C 77 2338  400  762   0   2  61   95 146  504  114  39  99 116 256   9   861   2   0   0  77
newble,ira        atl SG 73 1932  231  467  32  84  70   90  86  271   99  50  69  26 174   1   564   3   0   1  45
norris,moochie    hou PG 82 1375  134  330  11  45  78  114  37  159  196  55  86   4  72   0   357   0   0   0   3
nowitzki,dirk     dal PF 80 3118  690 1489 148 390 483  548  81  791  239 111 152  82 206   2  2011  13   0   1  80
o'neal,jermaine   ind PF 77 2863  610 1260   7  21 373  510 202  796  155  66 180 178 277   5  1600  16   0   1  76
o'neal,shaquille  lal  C 67 2535  695 1211   0   0 451  725 259  742  206  38 196 159 229   4  1841  11   1   2  66
oakley,charles    was PF 42  514   23   55   0   0  28   34  37  107   40  13  21   6  90   0    74   5   1   2   1
odom,lamar        lac SF 49 1679  268  611  42 129 136  175  59  326  178  42 140  41 181   6   714   7   0   0  47
okur,mehmet       det  C 72 1367  180  423  38 112  96  131 117  335   71  25  66  39 167   0   494   0   0   0   9
oliver,dean       gsw PG 15   93    7   29   1   6   7    8   8   16   23   7  10   0   9   0    22   0   0   0   0
ollie,kevin       sea PG 82 1897  199  441   2   6 134  178  25  182  291  69  72   5 122   0   534   0   0   0   5
olowokandi,micha  lac  C 36 1369  186  436   0   0  69  105  57  328   47  18  98  79 110   5   441   4   0   0  36
ostertag,greg     uta  C 81 1926  169  326   0   0 100  196 180  503   55  20 104 147 235   4   438   8   1   1  74
outlaw,charles    pho PF 80 1800  153  278   0   2  72  116 134  368  112  50  76  71 194   1   378   5   0   1  20
owens,chris       mem SF  1    6    2    3   0   0   0    0   1    1    0   0   1   0   0   0     4   0   0   0   0
oyedeji,olumide   orl  C 27  145   10   23   0   0   7   11  10   50    5   5   5   3  30   0    27   0   0   1   3
pack,robert       nor PG 28  440   52  129   0   5  41   55  11   51   81  25  40   0  35   0   145   1   0   0   4
padgett,scott     uta SF 82 1321  170  423  45 133  81  107  83  272   86  41  70  24 148   1   466   1   0   1   2
palacio,milt      cle PG 80 1976  162  388   8  37  65   87  48  235  259  68 131  16 168   2   397   0   0   0  46
pargo,jannero     lal PG 34  342   37   93   7  24   4    4   9   37   39  13  23   2  45   0    85   0   0   0   0
parker,smush      cle PG 66 1103  136  338  38 118  98  118  29  119  162  48 133  12 106   1   408   0   0   0  18
parker,tony       san PG 82 2774  484 1043  82 243 219  290  33  216  432  71 198   4 174   2  1269   4   0   0  82
parks,cherokee    lac  C 30  648   82  163   1   2  23   38  46  132   21  16  18  20  52   0   188   1   0   0  18
patterson,ruben   por SF 78 1656  254  516   3  20 138  220 120  264  101  73 117  29 161   0   649   8   0   0  17
payton,gary       mil PG 80 3208  665 1466  54 182 250  352  79  334  663 133 187  20 181   0  1634  17   1   0  80
peeler,anthony    min SG 82 2245  252  609  87 212  39   50  40  241  244  72  82  13 161   0   630   2   0   0  39
person,wesley     mem SG 66 1941  274  601 100 231  79   97  24  192  112  42  56  19  64   0   727   0   0   1  44
peterson,morris   tor SF 82 2949  421 1073 116 344 195  247  97  363  188  88 128  32 232   1  1153   5   1   0  79
piatkowski,eric   lac SG 62 1360  210  446  80 201 101  122  44  156   70  33  56   9  92   0   601   1   0   0  25
pierce,paul       bos SG 79 3096  663 1592 118 391 604  753 106  578  349 139 288  62 227   2  2048  13   3   0  79
pippen,scottie    por SF 64 1911  265  597  38 133 121  148  57  278  285 105 164  25 149   0   689   4   0   0  58
pollard,scot      sac  C 23  325   40   87   0   0  23   38  46  106    6  13  15  15  50   0   103   0   0   0   0
posey,james       hou SF 83 2518  309  752  70 229 205  246  90  426  184 106 144  15 197   1   893   2   0   1  71
postell,lavor     nyk SG 12   98   14   38   2   7  13   15   1    4    3   2   7   0   9   0    43   0   0   0   0
potapenko,vitaly  sea  C 26  403   41   93   0   0  22   29  25   89    4   9  25   8  46   0   104   2   0   1   2
prince,tayshaun   det SF 42  435   53  118  20  47  11   17   5   45   24  10  21  14  25   0   137   0   0   0   5
przybilla,joel    mil  C 32  545   18   46   0   0  12   24  48  145   12  10  19  45  85   1    48   2   0   1  17
radmanovic,vlad   sea PF 72 1910  274  668 104 293  72  102  76  323   97  64 100  22 136   0   724   3   1   0  16
rakocevic,igor    min PG 42  244   22   58   5  12  29   36   4   17   33   4  23   0  25   0    78   1   0   0   0
randolph,zach     por PF 77 1301  264  515   0   5 122  161 139  343   41  42  62  14 141   0   650   2   0   0  11
ratliff,theo      atl  C 81 2518  276  595   0   0 154  214 154  607   73  56 137 262 271   3   706   5   1   0  81
rebraca,zeljko    det  C 30  488   80  145   0   0  38   48  27   92    9   6  29  17  79   1   198   4   0   0  12
redd,michael      mil SG 82 2315  455  971 182 416 149  185  98  371  117 100  74  13 143   0  1241   0   0   0  14
reid,don          det PF  1   10    0    3   0   0   1    2   0    0    0   0   0   0   4   0     1   0   0   0   0
rentzias,efthimi  phi  C 35  143   20   59   4   8   8    9  10   26    7   6   4   2  21   0    52   0   0   0   0
rice,glen         hou SF 62 1532  196  457 101 254  63   83  28  154   65  23  55   5  99   0   556   2   0   0  26
richardson,jason  gsw SG 82 2696  476 1161 123 334 207  271 111  378  247  90 179  23 201   1  1282   3   0   0  82
richardson,quent  lac SG 59 1368  203  546  61 198  85  124  98  281   52  35  64  10  92   0   552   1   0   0  14
rigaudeau,antoin  dal SF 11   91    8   35   1   5   0    0   4    8    6   3   6   0  11   0    17   0   0   0   0
robinson,cliff    det  C 81 2825  372  935  87 259 161  238  81  318  268  87 158  88 259   5   992   9   0   2  69
robinson,david    san  C 64 1677  197  420   0   0 152  214 163  508   61  52  83 111 126   1   546   5   0   0  64
robinson,eddie    chi SF 64 1354  155  315   3  14  51   63  76  200   66  62  52  13 120   2   364   0   0   0  18
robinson,glenn    atl SF 69 2591  539 1248  90 263 268  306  86  457  205  91 248  26 183   0  1436   3   1   0  68
rogers,rodney     njn SF 68 1303  183  455  44 132  68   90  61  263  107  50  91  31 192   2   478   2   0   1   0
rooks,sean        lac  C 70 1344  125  297   0   1  47   58  53  216   69  34  66  44 174   3   297   5   2   1  38
rose,jalen        chi SF 82 3352  642 1583 133 359 399  467  68  351  395  72 285  23 271   2  1816  11   1   3  82
rose,malik        san PF 79 1934  289  630   2   5 242  306 148  506  124  57 170  40 206   2   822   2   0   0  13
rucker,guy        gsw PF  3    4    0    0   0   0   0    0   0    1    1   0   0   0   1   0     0   0   0   0   0
rush,kareem       lal SG 76  872   96  244  19  68  16   23  26   94   68  10  63  11  71   0   227   0   0   0   0
russell,bryon     was SF 70 1387  108  306  46 140  53   69  43  208   72  70  55   7 130   1   315   2   0   0  23
sabonis,arvydas   por  C 78 1209  172  361   3   6 129  164  88  335  142  61  75  49 141   0   476   1   0   0   1
salmons,john      phi SG 64  502   48  116  10  31  26   35  16   59   47  17  29   6  53   1   132   0   0   0   1
samake,soumaila   lal  C 13   77   10   24   0   0   2    2  10   23    4   0   2   5  13   0    22   0   0   0   1
sampson,jamal     mil PF  5    8    0    2   0   0   0    0   1    2    1   1   0   0   0   0     0   0   0   0   0
sanchez,pepe      det PG  9   37    0    5   0   0   0    0   4    6    8   5   2   0   3   0     0   0   0   0   0
sasser,jeryl      orl SG 75 1023   64  207  13  44  53   78  64  184   65  45  39  12  91   0   194   3   0   0   4
satterfield,kenn  phi PG 39  503   55  183   5  28  17   25  16   43   68  20  43   2  36   0   132   0   0   0   6
savovic,predrag   den SG 27  256   29   93   4  26  21   29   9   25   22  14  21   1  33   0    83   0   0   0   0
scalabrine,brian  njn PF 59  724   68  169  14  39  30   36  40  141   46  16  46  18  77   0   180   1   0   1   7
sesay,ansu        sea SF 45  448   41  107   0   0  12   21  34   73   23  14  25   5  62   1    94   1   1   0   4
shaw,brian        lal PG 72  900  101  261  38 109  10   15  20  119  103  32  54  13  62   0   250   0   0   0   0
shirley,paul      atl PF  2    5    0    4   0   0   0    0   0    1    0   0   0   0   0   0     0   0   0   0   0
simmons,bobby     was SF 36  378   44  112   0   5  32   35  33   77   20  10   8   3  51   0   120   1   0   0   2
skinner,brian     phi PF 77 1382  182  331   0   0  97  161 136  366   19  47  62  53 176   1   461   1   0   0   9
slater,reggie     min SF 26  141   27   50   0   0  27   45  18   31    4   6   9   1  31   0    81   1   0   1   0
slay,tamar        njn SF 36  274   39  103   7  25   7   10   8   31   14  14  20   3  31   0    92   0   0   0   0
smith,charles     por PG  3   13    1    4   0   1   3    4   0    0    1   1   1   0   3   0     5   0   0   0   0
smith,joe         min PF 54 1117  151  328   0   2 102  131 111  270   38  14  43  55 171   2   404   1   0   0  21
smith,steve       san SG 53 1032  113  291  39 118  95  114  21   99   70  28  43   9  79   0   360   0   0   0  18
snow,eric         phi PG 82 3108  361  799   7  32 325  379  71  301  544 133 194  11 235   2  1054   0   0   1  82
sprewell,latrell  nyk SF 74 2858  454 1127 134 360 173  218  45  285  332 102 172  22 134   2  1215   1   0   1  73
stackhouse,jerry  was SG 70 2748  491 1201  71 245 455  518  61  258  316  65 193  28 130   1  1508  11   1   2  70
stepania,vladimi  mia  C 79 1594  185  427   0   0  71  134 211  554   24  45  69  40 169   0   441   3   1   2   6
stevenson,deshaw  uta SG 61  760  114  284   4  12  47   68  22   85   40  22  49   8  57   0   279   0   0   0   8
stewart,michael   cle  C 47  251   14   37   0   0   8   12  19   55    6   2  10  15  42   0    36   0   0   0   0
stockton,john     uta PG 82 2275  309  640  29  80 237  287  51  201  629 137 182  16 184   1   884   1   0   0  82
stojakovic,predr  sac SF 72 2449  497 1034 155 406 231  264  61  397  141  72 101   5 143   1  1380   2   1   0  72
stoudamire,damon  por PG 59 1315  156  415  44 114  53   67  40  155  204  39  82   6  67   0   409   0   0   0  27
stoudemire,amare  pho PF 82 2570  392  830   2  10 320  484 250  721   78  62 189  87 269   3  1106   7   0   0  71
strickland,erick  ind PG 71 1275  163  380  62 160  70   87  23  145  209  38  98   7 111   0   458   3   0   1  10
strickland,mark   dal PF  4   13    2    5   0   0   0    0   5    7    0   0   1   0   1   0     4   0   0   0   0
strickland,rod    min PG 47  955  120  278   1  11  79  107  20   95  215  46  76   6  55   0   320   1   0   0   8
sundov,bruno      bos  C 26  138   14   56   4  16   0    2   8   28    7   6   9   3  24   0    32   0   0   0   0
sura,bob          gsw SG 55 1130  135  328  28  85 103  148  58  167  177  45  82   2 108   0   401   4   1   0   0
swift,stromile    mem PF 67 1478  235  489   0   2 177  245 114  384   45  55  99 104 152   3   647   1   0   0  26
szczerbiak,wally  min SG 52 1836  351  729  61 145 150  173  53  241  136  44  87  22 123   0   913   2   0   0  42
taylor,maurice    hou PF 67 1377  231  535   0   2 100  138  95  238   66  22 100  22 151   0   562   2   0   0   9
terry,jason       atl PG 81 3081  488 1141 160 431 259  292  37  279  600 126 249  14 175   2  1395   3   0   0  81
thomas,etan       was PF 38  513   61  124   0   0  60   94  70  165    3   8  33  23  66   0   182   0   0   1   0
thomas,kenny      phi PF 66 1978  260  559   0   0 147  197 185  529  112  62 116  28 169   2   667   4   0   1  42
thomas,kurt       nyk  C 81 2576  497 1028   2   3 138  184 160  637  162  81 138  97 344  12  1134   8   0   1  81
thomas,tim        mil SF 80 2359  412  930  97 265 145  186  97  389  102  70 133  49 257   5  1066   3   0   1  70
tinsley,jamaal    ind PG 73 2237  220  556  46 166  80  112  58  260  548 125 192  18 201   2   566  12   1   2  69
torres,oscar      gsw SG 17  109   16   36   7  13  14   20   3   12    3   4   8   2   9   0    53   0   0   0   0
traylor,robert    nor PF 69  851  105  237   1   3  57   88 108  262   50  45  53  37 153   1   268   3   0   0   0
trent,gary        min PF 80 1221  208  389   0   2  60  101 106  291   77  32  59  23 142   0   476   4   0   2  22
trepagnier,jeff   den SG  8   98   17   40   4   8   7    7   8   16    6   8   8   0   5   0    45   0   0   0   0
trybanski,cezary  mem  C 15   86    5   20   0   0   4   10   6   14    1   0   8   6  13   0    14   0   0   0   0
tsakalidis,iako   pho  C 33  542   61  135   0   0  39   58  45  122   13   6  26  17  80   1   161   0   0   0  27
tskitishvili,nik  den SF 81 1326  115  393  37 152  48   65  64  181   91  31  84  29 136   1   315   1   0   0  16
turkoglu,hidaye   sac SF 67 1175  165  391  29  78  88  110  35  188   87  25  50  12 125   0   447   1   0   0  11
vanexel,nick      dal PG 73 2026  342  831 118 312 110  144  35  208  312  42 121   4  86   1   912   5   0   1   1
vanhorn,keith     phi SF 74 2337  459  952  65 176 193  240 159  524   93  63 150  30 251   7  1176   1   0   0  73
vaughn,jacque     orl PG 80 1686  184  411   8  34  97  125  26  118  232  64  97   2 169   1   473   0   0   0  48
voskuhl,jake      pho  C 65  947   92  163   0   0  64   96  97  225   36  18  48  29 172   0   248   2   0   1   1
wagner,dajuan     cle SG 47 1385  223  605  55 174 128  160  20   82  130  38  85   7 107   2   629   0   0   0  24
walker,antoine    bos PF 78 3235  603 1554 188 582 176  286  99  563  373 116 260  31 221   4  1570  25   2   1  78
walker,samaki     lal PF 67 1245  115  274   0   1  66  101 115  368   64  20  56  55 143   4   296   3   0   0  39
wallace,ben       det PF 73 2872  210  437   1   6  85  189 293 1126  120 104  88 230 179   0   506   6   0   0  73
wallace,gerald    sac SF 47  570   90  183   1   4  39   74  38  128   23  23  44  15  68   0   220   2   0   0   7
wallace,rasheed   por PF 74 2684  515 1094 110 307 200  272 113  548  153  70 140  77 223   2  1340  11   0   1  74
ward,charlie      nyk PG 66 1466  165  414 101 267  41   53  25  177  306  78  95  11 146   1   472   0   0   1   6
watson,earl       mem PG 79 1367  170  391  31  91  62   86  46  164  225  89  88  14 138   0   433   1   0   0   2
weatherspoon,cla  nyk SF 79 2024  186  414   0   0 149  194 214  599   68  69  63  36 174   0   521   5   1   0  19
webber,chris      sac PF 67 2622  661 1433   5  21 215  354 160  704  364 106 215  88 204   1  1542   5   1   0  67
wells,bonzi       por SG 75 2397  437  990  38 130 226  313  98  394  246 123 215  18 220   2  1138  13   2   1  65
welsch,jiri       gsw PG 37  234   19   75   1   4  22   29  12   28   27   8  19   2  32   1    61   0   0   0   0
wesley,david      nor PG 73 2710  449 1037 134 316 185  237  38  175  251 109 132   9 173   0  1217   2   0   0  73
white,jahidi      was  C 16  230   25   53   0   0  17   25  37   73    2   1   9  12  33   1    67   0   0   0   8
white,rodney      den SF 72 1563  260  638  32 134  98  125  43  213  121  45 156  32 134   1   650   1   0   0  19
whitney,chris     orl PG 51 1053  124  349  50 164  57   69   3   67  145  29  71   2  92   1   355   2   0   0  21
wilcox,chris      lac PF 46  480   73  140   0   0  25   50  32  104   21   7  26  12  65   2   171   1   0   0   3
wilks,mike        min PG 46  688   50  148  10  35  37   47  20   71   92  27  28   4  69   0   147   0   0   0   7
williams,aaron    njn PF 81 1597  199  439   0   1 102  130 137  331   88  27  85  57 206   5   500   1   0   0   0
williams,alvin    tor PG 78 2640  396  905  48 146 187  239  55  245  416 111 128  21 170   0  1027   0   0   0  78
williams,brandon  atl SG  6   19    1    7   0   1   0    0   2    2    0   2   3   0   4   0     2   0   0   0   0
williams,eric     bos SF 82 2351  254  575  37 110 201  268 143  382  140  86  97  19 234   0   746   1   0   3  79
williams,frank    nyk PG 21  167    9   33   6  16   4    6   3   18   34   7  17   2  20   0    28   0   0   0   0
williams,jason    mem PG 76 2406  333  859 143 404 110  131  25  212  631  91 168  10 130   0   919   0   0   0  76
williams,jay      chi PG 75 1961  273  685  65 202 103  161  27  195  350  86 171  17 179   1   714   1   0   0  54
williams,jerome   tor PF 71 2346  267  535   1   6 156  281 231  650   95 116  98  26 197   2   691   2   0   0  63
williams,monty    phi SF 21  276   34   80   0   2  24   32  12   45   26  12  17   5  33   0    92   1   0   0   2
williams,scott    pho PF 69  872  120  292   0   2  33   42  72  193   22  27  32  21 159   2   273   6   1   0  33
williams,shammon  den PG 78 1881  228  579  93 261  78  102  24  171  266  77 114   6 140   0   627   3   0   0  11
williams,walt     dal SF 66 1161  134  341  64 171  31   50  53  207   59  42  35  26 141   0   363   1   0   1   1
williamson,corli  det SF 82 2061  374  826   2  11 237  300 147  358  104  44 126  27 238   1   987   6   0   2   1
willis,kevin      san  C 71  841  123  257   0   2  51   83  83  226   24  20  60  20 120   1   297   8   1   2   6
wolkowyski,ruben  bos PF  7   24    2    4   0   1   1    4   0    1    1   0   1   0   3   0     5   0   0   0   0
woods,loren       min  C 38  353   29   76   1   3  21   27  27   95   19  10  23  13  37   0    80   0   0   0  11
woods,qyntel      por SF 53  334   59  118   3   9   7   20  15   53   12  15  23   1  36   1   128   0   0   0   0
wright,lorenzen   mem  C 70 1982  325  716   0   5 147  223 170  528   80  51 110  54 209   7   797  10   1   0  49
yarbrough,vincen  den SG 59 1381  168  428  21  78  49   62  36  162  130  57  81  33 145   2   406   0   0   0  39
zhizhi,wang       lac  C 41  412   62  162  16  46  42   58  26   77   11   8  31  10  41   0   182   0   0   0   1
