Player           Team PS GP  Min  FGM  FGA  3M  3A FTM  FTA  OR   TR   AS  ST  TO  BK  PF  DQ   PTS  TC  EJ  FF Sta
abdur-rahim,shar  por PF 85 2686  501 1054   9  34 373  429 189  639  174  68 184  37 222   1  1384  11   0   0  56
allen,malik       mia PF 45  615   83  198   0   0  25   33  42  119   16  12  27  28  81   0   191   1   0   1   6
allen,ray         sea SG 56 2149  447 1017 148 378 245  271  69  286  268  71 156  11 132   2  1287   2   0   0  56
alston,rafer      mia PG 82 2581  287  764 161 434 103  134  26  226  372 114 128  18 212   1   838   7   1   1  28
andersen,chris    den PF 71 1029   90  203   0   1  63  107  89  298   35  34  48 114 119   0   243   1   0   0   0
anderson,derek    por SG 51 1810  230  612  79 259 155  188  26  182  228  66  90   3  79   0   694   2   0   0  46
anderson,kenny    ind PG 44  905  113  256   1   4  35   48  19   81  125  26  50   5  73   0   262   0   0   0  31
anderson,shandon  nyk SF 80 1972  238  564  36 128 123  161  53  222  122  68 118  17 182   1   635   0   0   0  37
anthony,carmelo   den SF 82 2994  624 1465  69 214 408  525 183  498  227  97 247  41 225   1  1725   4   0   0  82
archibald,robert  tor PF 32  255    9   33   0   0  14   31  21   52   13  14  10   3  50   0    32   1   0   0   3
arenas,gilbert    was PG 55 2068  358  914 125 333 237  317  55  254  275 103 226  12 176   2  1078   6   0   1  52
armstrong,brando  njn SG 56  434   65  175  19  52   2    4  12   43   14  12  24   2  49   0   151   0   0   0   0
armstrong,darrel  nor PG 79 2248  291  736 135 429 123  144  63  226  311 133 155  16 148   1   840   3   0   0  22
arroyo,carlos     uta PG 71 2006  339  768  38 117 181  225  41  185  355  63 156   5 165   0   897   3   1   0  71
artest,ron        ind SF 73 2714  468 1112  75 242 322  439 100  385  272 152 202  50 194   2  1333   5   1   1  71
atkins,chucky     bos PG 64 1543  192  484  81 241  73   97   9   93  223  45  92   2 102   0   538   0   0   0  24
augmon,stacey     nor SF 69 1415  143  347   1   7 110  139  52  174   85  55  76  15 114   2   397   1   0   0  24
baker,vin         nyk PF 54 1313  208  432   1   3 114  157 112  280   66  29  77  32 160   3   531   2   0   1  33
banks,marcus      bos PG 81 1384  177  442  27  86  99  131  30  133  175  88 125  13 171   2   480   1   0   0   2
barbosa,leandrin  pho PG 70 1500  210  470  83 210  47   61  23  123  165  93 120   7 184   6   550   0   0   1  46
barnes,matt       lac SF 38  718   63  138   2  13  43   61  53  151   48  27  44   3  76   0   171   1   0   1   9
barros,dana       bos PG  1   11    2    3   0   0   2    2   0    0    0   0   0   0   2   0     6   0   0   0   0
barry,brent       sea SG 59 1804  215  427 114 252  91  110  21  204  342  85 139  16 121   0   635   0   0   0  53
barry,jon         den SG 57 1101  120  297  51 138  60   71  25  123  147  57  53   8  66   0   351   5   0   0   9
bateer,mengke     tor  C  7   40    4    7   0   0   0    0   5    8    1   1   2   0  10   0     8   0   0   0   0
battie,tony       cle  C 73 1476  170  384   2   9  66   89 118  359   58  26  63  67 159   0   408   2   0   1   7
battier,shane     mem SF 79 1947  242  543  65 186 120  164 102  303  101 101  56  58 187   1   669   0   0   0   1
baxter,lonny      was PF 62  769  103  209   1   3  44   76  64  187   20  17  38  29 123   3   251   4   1   0   5
beasley,jerome    mia PF  2    5    1    3   0   0   0    0   0    1    0   0   0   0   0   0     2   0   0   0   0
bell,raja         uta SF 82 2020  329  805  62 166 195  248  60  241  107  63 111  13 261   6   915  15   2   6   4
bell,troy         mem PG  6   34    4   18   0   4   3    3   3    4    4   1   6   0   6   0    11   0   0   0   0
bender,jonathan   ind SF 21  271   50  106   9  22  39   47   9   40    9   5  33  11  23   0   148   0   0   0   0
best,travis       dal PG 61  760   64  172   3  20  40   46  17   68  112  31  33   4  66   0   171   0   0   0   1
bibby,mike        sac PG 82 2982  527 1170 148 378 304  373  67  277  444 112 175  18 146   0  1506   6   0   0  82
billups,chauncey  det PG 78 2760  392  996 130 335 404  460  35  276  446  84 189   8 177   2  1318   4   0   0  78
blake,steve       was PG 75 1390  157  407  75 202  55   67  18  117  209  57 128   7 100   0   444   0   0   0  14
blount,corie      tor PF 62 1049  115  253   0   3  15   27  98  275   55  49  43  24 135   0   245   0   0   0   3
blount,mark       bos  C 82 2402  342  604   0   0 159  221 207  589   75  80 150 106 253   4   843   6   0   1  73
bogans,keith      orl SG 73 1786  183  454  67 187  65  103 106  317   98  46  75  10 128   2   498   1   0   0  36
booth,calvin      sea  C 71 1205  135  290   0   2  75   94  86  280   28  17  45 101 150   2   345   1   0   0  35
boozer,carlos     cle PF 75 2593  471  900   1   6 219  285 230  857  148  74 134  55 199   0  1162   0   0   0  75
borchardt,curtis  uta  C 16  258   22   56   0   1  14   18  13   54   15   4  18  14  40   0    58   0   0   0   0
bosh,chris        tor PF 75 2512  327  712   5  14 202  288 191  557   78  59 107 106 215   2   861   1   0   0  63
boumtje,ruben     por  C  9   26    1    5   0   0   2    2   0    1    1   0   0   2   2   0     4   0   0   0   0
bowen,bruce       san SF 82 2624  211  502  77 212  66  114  45  253  113  84  90  33 166   1   565   4   0   1  82
bowen,ryan        den SF 52  392   18   53   0   0  10   12  39   87   18  18   6  16  47   0    46   0   0   0   1
boykins,earl      den PG 82 1848  321  766  55 171 142  162  42  143  295  51 100   3  84   0   839   0   0   0   3
bradley,michael   atl PF 16   99    7   15   0   0   1    2   6   23    1   3   7   0  14   0    15   0   0   1   1
bradley,shawn     dal  C 66  773   89  188   0   1  41   49  72  173   20  33  17  74 130   1   219   8   0   1   5
braggs,torraye    was PF 15  154   16   33   0   0   8   12  18   39    7   4  13   2  29   0    40   0   0   0   0
brand,elton       lac PF 69 2676  484  982   0   1 411  532 269  714  227  64 193 154 229   1  1379   7   0   0  68
bremer,j.r.       gol PG 36  443   43  158  19  74  13   20   9   36   51  18  24   4  32   0   118   0   0   0   2
brewer,jamison    ind SG 13  160   13   35   5  14   1    6   2   11   17   7  10   0   9   0    32   0   0   0   1
brezec,primoz     ind PF 18   72   12   26   0   0   4    6   5   15    3   0   6   3  13   0    28   0   0   0   0
brown,damone      njn SF  3   17    1   10   0   0   1    2   3    5    0   2   1   0   2   0     3   0   0   0   0
brown,devin       san SG 58  628   85  196   4  14  60   74  38  130   33  15  38   4  61   0   234   0   0   1   0
brown,kedrick     cle SG 55  969  117  254  38  99  17   27  41  146   64  30  29   7  80   1   289   0   0   0  26
brown,kwame       was  C 74 2236  288  589   1   2 228  334 178  550  112  66 140  52 144   0   805   2   0   0  57
brown,p.j.        nor PF 80 2753  339  712   0   1 158  185 237  690  155  78 101  73 204   2   836   1   0   0  80
brown,tierre      nor PG  3   17    2    4   0   0   2    4   0    1    2   0   7   0   1   0     6   0   0   0   0
brunson,rick      chi PG 40  412   40  105  11  23  27   31   9   37   82  25  33   3  44   0   118   0   0   0   0
bryant,kobe       lal SG 65 2447  516 1178  71 217 454  533 103  359  330 112 171  28 176   0  1557  10   0   0  64
buckner,greg      phi SG 53  704   66  175  12  44  20   27  28  103   45  21  34   4  77   0   164   1   0   1   3
buford,rodney     sac SG 22  141   19   56   0   2   3    6   6   15    7   6   4   1   9   0    41   0   0   0   0
butler,caron      mia SF 68 2029  240  631  10  42 133  176  92  326  126  75  91  13 162   0   623   3   0   0  56
butler,mitchell   was SG 41  552   54  124  11  30  15   24  24   71   32  22  24   4  54   0   134   0   0   0   4
butler,rasual     mia SF 45  675  119  250  50 108  16   21   4   61   23  10  28  13  72   0   304   1   0   0   0
cabarkapa,zarko   pho PF 49  570   81  197   6  32  35   53  26   99   40  10  54  13  75   0   203   0   0   0   4
camby,marcus      den  C 72 2162  262  549   0   2  98  136 211  727  132  86  98 187 239   4   622   5   0   1  72
campbell,elden    det  C 65  891  138  314   0   0  85  124  52  209   45  21  63  50 137   0   361   3   0   0  27
cardinal,brian    gsw SF 76 1633  220  466  55 124 238  271 100  317  103  66  84  20 206   0   733   0   0   0  11
carroll,matt      san SG 16   69    7   16   1   3   4    6   1    6    2   1   6   0   8   0    19   0   0   0   0
carter,anthony    san PG  5   87   11   37   0   3   0    0   2   11   12   4  12   0   9   0    22   0   0   1   2
carter,maurice    no  SG 10  110   11   35   4  11  16   20   2   11    4   0   9   0  10   0    42   0   0   0   0
carter,vince      tor SF 73 2784  608 1457  93 243 336  417  95  349  348  88 223  65 212   1  1645   7   0   1  73
cassell,sam       min PG 81 2838  620 1270  74 186 289  331  44  271  592 102 220  18 247   2  1603   9   0   0  81
cato,kelvin       hou  C 69 1743  161  360   0   0  96  142 153  472   72  52  84  96 203   0   418   8   0   2  67
chandler,tyson    chi PF 35  783   67  158   0   1  79  118  82  270   23  17  38  43  87   2   213   4   1   1   8
cheaney,calbert   gsw SF 79 2065  278  578   0  10  47   77  77  260  136  60  85  12 184   1   603   1   0   0   7
christie,doug     sac SG 82 2778  317  688  49 142 148  172  69  329  347 151 155  41 186   0   831   1   0   0  82
clark,keon        uta PF  2   27    2    6   0   0   0    0   1    7    1   1   0   0   1   0     4   0   0   0   0
claxton,speedy    gsw PG 60 1596  224  524   4  22 182  224  38  156  267  97 102   9 146   2   634   1   1   1  29
cleaves,mateen    cle PG  4   92    7   23   0   1   1    2   1    7   19   4   5   2  13   0    15   0   0   0   2
coleman,derrick   phi  C 34  843  107  259   8  36  49   65  45  192   46  23  57  26  79   0   271   1   0   1  30
coles,bimbo       mia PG 22  169   12   34   0   0   4    6   2   10   15   3   9   0  27   0    28   2   0   0   1
collier,jason     atl  C 20  544   79  165   1   4  67   85  36  111   17  11  31  11  71   3   226   0   0   0  17
collins,jarron    uta PF 81 1733  147  295   0   1 188  262 117  316   77  26  79  18 255   3   482   4   0   1  31
collins,jason     njn  C 78 2220  163  384   0   2 136  184 143  400  153  67  97  56 251   2   462   3   0   3  78
cook,brian        lal PF 35  442   67  141   0   5  21   28  31  101   20  16  17  16  64   0   155   1   0   0   2
cook,omar         por SG 17  139    7   27   0   1   0    0   3    6   24  10  10   0  14   0    14   0   0   0   0
crawford,chris    atl PF 56 1207  211  471  44 113 103  119  58  175   45  37  55  20 131   4   569   1   0   0  25
crawford,jamal    chi SG 80 2812  509 1318 165 521 200  240  46  283  405 111 193  29 161   0  1383   1   0   0  73
croshere,austin   ind PF 77 1051  119  307  56 144  93  104  60  243   52  24  55  14 101   0   387   1   0   0   0
curry,eddy        chi  C 73 2154  417  840   1   1 235  350 143  451   68  24 177  83 258  11  1070   2   0   0  63
curry,michael     tor SF 70 1230   76  196   3  15  49   58  22   87   53  23  48   5 153   1   204   1   0   0  15
dalembert,samuel  phi  C 82 2197  270  499   0   1 112  174 194  626   21  44  86 189 273   4   652   1   0   0  53
dampier,erick     gsw  C 74 2403  348  650   0   2 217  332 344  887   60  33 131 137 227   3   913   3   0   0  74
daniels,antonio   sea PG 71 1513  187  398  42 116 155  184  23  142  298  45  61   6  64   0   571   2   0   1  32
daniels,marquis   dal SG 56 1038  203  411  11  36  60   78  66  146  116  53  44  12  51   0   477   0   0   0  16
davis,antonio     chi PF 80 2569  266  660   0   0 176  230 207  671  137  37 114  63 206   1   708   9   0   0  79
davis,baron       nor PG 67 2686  554 1402 187 582 237  352  66  287  501 158 215  27 178   2  1532  16   0   0  66
davis,dale        por  C 76 1681  133  281   0   0  65  106 158  398   72  43  40  62 154   1   331   7   0   0  37
davis,hubert      njn SG 17   78    1   11   0   1   2    2   2    8    4   2   3   0  12   0     4   0   0   0   0
davis,josh        atl SF  4   23    2    5   0   2   1    1   1    5    0   0   2   0   3   0     5   0   0   0   1
davis,ricky       bos SF 79 2475  446  950  52 140 196  273  77  358  259  96 189  22 171   1  1140   5   0   0  27
declercq,andrew   orl  C 71 1211   93  195   0   0  44   54 131  317   44  47  54  32 217   7   230   1   0   0  53
delk,tony         dal PG 33  510   70  184  20  66  37   44  16   59   28  27  17   7  46   0   197   0   0   0  11
dial,derrick      orl SG  9   86    9   28   2   9   6    8   5   13    2   6   1   0   6   0    26   0   0   0   0
diaw,boris        atl SF 76 1920  140  313   6  26  56   93 111  342  182  59 126  37 191   2   342   0   0   0  37
dickau,dan        por PG 43  294   37   98  10  30  11   14   7   26   38  17  26   0  44   0    95   0   0   0   0
dickens,kaniel    por PF  3   12    3    3   0   0   1    2   2    2    0   0   1   0   3   0     7   0   0   0   0
diop,desagana     cle  C 56  730   57  147   0   0  12   20  72  199   34  26  29  51 115   1   126   0   0   1   3
divac,vlade       sac  C 81 2317  314  668   2  13 170  260 136  463  432  57 173  77 222   2   800  11   0   0  81
dixon,juan        was PG 71 1476  247  637  59 198 111  139  30  148  137  82 104   4 111   1   664   1   0   0  16
doleac,michael    den  C 72 1029  140  322   0   0  45   52  88  265   44  23  48  36 142   1   325   1   0   1   0
dooling,keyon     lac PG 58 1137  137  352   8  46  78   94  17   79  130  45  65   6 108   2   360   1   0   0  24
drew,bryce        nor PG 15   78    4   18   1   7   3    3   0    6   13   4   8   0   1   0    12   0   0   0   0
drobnjak,predrag  lac  C 61  949  149  379  11  36  73   86  54  196   39  22  48  24  85   1   382   2   0   0  14
duncan,tim        san PF 69 2525  592 1181   2  12 352  588 227  859  213  62 183 185 164   1  1538   4   0   0  68
dunleavy,mike     gsw SF 75 2338  323  720  94 254 137  185  87  442  220  68 143  13 169   2   877   1   0   0  69
dupree,ronald     chi SF 47  893  111  282   4   9  66  105  55  167   55  32  51  18 134   4   292   1   0   1   8
ebi,ndudi         min SF 17   32    6   14   0   0   1    4   2    3    3   0   3   4   6   0    13   0   0   0   0
eisley,howard     pho PG 67 1458  166  451  52 163  76   89  20  129  273  56  98   5 137   1   460   3   0   0  23
elson,francisco   den  C 62  875   94  199   0   1  30   45  65  203   32  35  35  39 145   2   218   0   0   2  14
ely,melvin        lac PF 42  510   66  153   0   1  25   42  48  101   22   9  20  17  68   0   157   1   0   0   2
evans,reggie      sea PF 75 1281   67  165   0   3  83  148 156  408   33  54  65  10 176   0   217   2   0   0  27
ferguson,desmond  por SF  7   32    5   12   3   8   0    2   0    4    1   0   1   0   0   0    13   0   0   0   0
finley,michael    dal SG 72 2778  514 1159 150 370 164  193  78  325  212  84  83  39 118   0  1342   1   1   2  72
fisher,derek      lal PG 82 1769  203  576  52 179 122  153  30  152  187 103  79   4 115   0   580   2   0   0   3
fizer,marcus      chi SF 46  738  134  350   2  17  90  120  61  202   43  16  51   8  97   0   360   3   0   0   2
ford,alton        hou PF  9   41    6   11   0   0   3    6   3   11    3   0   3   1   9   0    15   1   0   1   0
ford,t.j.         mil PG 55 1473  153  398   5  21  80   98  37  177  356  60 139   3 123   0   391   2   0   0  55
fortson,danny     dal PF 56  624   71  139   0   0  75   92 114  250    9  12  37  11 148   0   217   3   1   3  20
foster,jeff       ind  C 82 1961  197  362   0   4 103  154 248  610   64  71  60  27 189   1   497   3   0   0  79
fowlkes,tremaine  det SF 36  261   15   48   1   8  13   18  18   53   14   9  12   3  37   0    44   0   0   0   0
fox,rick          lal SF 38  847   73  186  15  61  22   30  29  102   98  29  48   4  99   2   183   2   0   0  34
foyle,adonal      gsw  C 44  572   59  130   0   0  19   35  54  167   17   6  21  46  68   1   137   0   0   0   8
frahm,richie      sea SG 54  466   63  139  34  92  23   26  12   56   24  16   7   4  50   0   183   0   0   0   0
francis,steve     hou PG 79 3193  450 1117  73 250 337  435 116  433  493 139 294  35 257   3  1310  19   1   0  79
fuller,hiram      atl SF  4   43    3    8   0   0   2    6   4   11    2   0   4   1   5   0     8   0   0   0   0
gadzuric,dan      mil  C 75 1260  183  349   0   1  58  118 126  346   28  51  45 105 186   0   424   0   0   0   0
gaines,reece      orl SG 38  363   25   86   3  10  16   25   8   39   40  11  18   2  22   0    69   0   0   0   1
garcia,alex       san SG  2   13    1    7   0   0   1    2   0    0    0   2   1   0   0   0     3   0   0   0   0
garnett,kevin     min PF 82 3231  804 1611  11  43 368  465 245 1139  409 120 212 178 202   1  1987  16   1   0  82
garrity,pat       orl PF  2   22    1    3   0   0   0    0   0    0    1   0   0   0   2   0     2   0   0   0   0
gasol,pau         mem PF 78 2459  506 1049   4  15 365  511 206  600  198  44 187 132 185   1  1381   4   0   0  78
george,devean     lal SF 82 1951  233  571  65 186  73   96  87  332  112  81  88  38 189   4   604   5   0   0  48
gill,eddie        por SG 22  157   15   36   3   8  17   20   4   17   16   9  12   1  16   0    50   0   0   0   0
gill,kendall      chi SG 56 1409  215  548   9  38 100  136  61  190   89  65  83  16 107   0   539   3   0   0  35
ginobili,emanuel  san SG 77 2260  330  789  88 245 239  298  86  344  291 136 161  16 181   0   987   3   0   0  38
giricek,gordan    uta SG 73 2042  316  724  60 152 135  158  51  226  122  56 103  15 144   0   827   0   0   0  43
glover,dion       tor SG 69 1643  230  589  40 119 120  156  58  266  130  50 102  19 123   0   620   1   0   0  30
goldwire,anthony  njn PG 11   85    7   22   2   8   1    1   1    7   11   5   3   0   5   0    17   0   0   0   0
gooden,drew       orl PF 79 2132  369  829   9  42 167  262 160  516   89  62 126  72 196   2   914   6   0   0  17
grant,brian       mia PF 76 2303  289  613   0   1  86  110 174  524   69  51  82  35 254   4   664   3   0   1  76
grant,horace      lal PF 55 1106   92  224   0   1  39   54  79  233   71  24  29  21  70   1   223   2   0   0  10
grant,paul        uta  C 10   98   11   23   0   0   3    8   7   17    3   1   7   1  17   0    25   0   0   0   0
green,willie      phi SG 53  767  143  357  19  61  59   81  16   65   53  26  59   5  83   0   364   0   0   0   0
griffin,adrian    hou SG 19  133    5   18   1   2   0    4   1   19   10   7   3   2  17   0    11   0   0   0   1
gugliotta,tom     uta PF 55  819   70  203   1   4  20   28  65  187   63  31  39  12  81   0   161   0   0   0  27
haislip,marcus    mil SF 31  263   36   74   1   2  20   28  21   53    4   6   9  12  25   0    93   0   0   0   0
ham,darvin        det SF 54  483   37   75   1   2  21   35  47   93   16  13  31   8  63   0    96   1   0   0   2
hamilton,richard  det SG 78 2774  530 1166  18  68 297  342  78  279  310 103 210  17 222   3  1375   8   0   0  78
hamilton,zendon   phi  C 45  473   51   95   0   0  67   96  49  146   13   8  27   8  74   0   169   1   0   0   0
handlogten,ben    uta  C 17  172   25   47   0   0  18   27  22   55    6   3  10   4  32   0    68   0   0   0   0
hansen,travis     atl SG 41  506   46  130   9  30  22   27  30   70   19  10  15   9  67   0   123   0   0   0   4
hardaway,anferne  nyk SG 76 2095  279  679  30  79 111  138  69  287  176  70 107  20 146   1   699   1   0   0  14
harpring,matt     uta SF 31 1134  193  410   8  33 108  157  91  247   63  22  65   2 102   1   502   0   0   0  31
harrington,al     ind PF 79 2440  421  909  21  77 185  252 163  508  131  80 163  22 250   1  1048   5   1   0  15
harrington,othel  nyk PF 56  872  100  202   0   0  58   78  58  177   29  12  65  14 134   3   258   5   1   1   3
harris,lucious    njn SG 69 1504  187  463  38 101  66   78  39  140  135  41  53   2  74   0   478   1   0   0  15
hart,jason        san PG 53  660   71  159   2   9  33   43  10   79   81  28  29   5  59   0   177   0   0   0   5
harvey,donnell    pho PF 60  783   89  201   0   3  61   83  48  164   21  24  45  27 129   0   239   4   0   1   8
haslem,udonis     mia SF 75 1798  205  447   0   3 140  183 189  473   51  33  74  24 197   2   550   3   0   0  24
hassell,trenton   min SG 81 2264  177  381   4  13  48   61  68  257  133  36  46  54 200   1   406   1   0   0  74
hayes,jarvis      was SF 70 2045  278  695  40 131  77   98  71  264  106  71 110  11 157   1   673   0   0   0  42
haywood,brendan   was  C 77 1485  200  388   0   1 137  234 186  387   43  32  80 100 154   0   537   2   0   0  59
heal,shane        san PG  6   72    7   24   4  18   4    5   1    4    5   1   5   0   2   0    22   0   0   0   0
henderson,alan    atl PF  6   68   10   21   0   0   4    6  11   21    2   1   3   2   1   0    24   0   0   0   0
hilario,nene      den PF 77 2504  334  630   0   2 240  352 154  503  168 116 183  41 280   3   908   6   0   1  77
hill,tyrone       mia PF  5   38    3    5   0   0   3    4   5    8    0   0   2   1  10   0     9   0   0   0   0
hinrich,kirk      chi PG 76 2706  318  823 144 369 135  168  42  259  517 101 204  21 276   9   915   3   0   0  66
hoiberg,fred      min SG 79 1804  178  383  76 172  98  116  21  268  109  66  44  10 136   0   530   0   0   0   3
horry,robert      san SF 81 1289  141  348  41 108  69  107 108  272  101  48  55  49 165   0   392   1   0   0   1
house,eddie       lac PG 60 1186  161  449  51 136  36   45  28  138  148  65  63   4  92   1   409   3   0   3  10
houston,allan     nyk SG 50 1799  340  781  87 202 157  172  20  121   99  38 102   2 105   1   924   0   0   0  50
howard,josh       dal SF 67 1589  229  532  20  66  97  138 149  368   97  69  67  54 168   6   575   2   0   0  29
howard,juwan      orl PF 81 2878  529 1169   0   1 318  393 171  570  158  54 178  22 284   1  1376   5   0   2  77
hudson,troy       min PG 29  503   80  207  31  77  27   33   4   35   70   7  34   0  32   0   218   1   0   0   1
hughes,larry      was SG 61 2061  401 1009  79 232 267  335  96  326  148  95 152  26 147   2  1148   3   1   0  61
humphrey,ryan     mem PF  2   11    1    4   0   1   0    0   2    3    1   1   2   0   3   0     2   0   0   0   0
hunter,brandon    bos PF 36  406   53  116   0   3  19   43  50  118   19  13  22   1  40   0   125   0   0   0  12
hunter,lindsey    det PG 33  660   49  143  14  50   5    8  13   67   85  39  34   6  45   0   117   0   0   0   8
hunter,steven     orl  C 59  788   82  155   0   0  23   69  54  170   12   5  29  73 101   0   187   1   0   0  23
ilgauskas,zydrun  cle  C 81 2538  466  965   2   7 303  406 279  653  109  39 163 201 277   2  1237   6   1   2  81
iverson,allen     phi SG 48 2040  435 1125  57 199 339  455  34  178  324 115 209   5  87   0  1266   6   0   0  47
jackson,bobby     sac PG 50 1185  263  592  81 219  82  109  55  174  105  49  63   8 106   1   689   3   1   0   0
jackson,jim       hou SF 80 3119  382  900 162 405 107  127  52  487  226  86 175  23 227   1  1033   2   0   0  80
jackson,marc      phi PF 22  598   71  171   0   1  64   81  45  126   18  12  24   6  45   0   206   1   0   0  13
jackson,mark      hou PG 42  577   34  100   7  41  28   39  10   70  119  17  53   1  41   0   103   1   0   0   3
jackson,stephen   atl SF 80 2940  536 1261 145 427 233  297  97  370  244 142 223  20 216   3  1450  12   1   0  78
jacobsen,casey    pho SG 78 1825  150  360  75 180  91  111  42  201   98  48  68   9 144   0   466   1   0   0  13
james,jerome      sea  C 65  990  129  259   0   0  66  100  78  230   32  20  82  60 180   1   324   2   0   0  24
james,lebron      cle SG 79 3122  622 1492  63 217 347  460  99  432  465 130 273  58 149   0  1654   2   0   0  79
james,mike        det PG 81 2197  272  657 106 281 103  127  28  234  339  96 124   3 156   0   753   0   0   0  55
jamison,antawn    dal SF 82 2378  488  913  16  40 220  294 233  520   70  83  81  30 174   2  1212   1   0   0   2
jaric,marko       lac SG 58 1761  185  477  51 150  74  101  44  175  281  93 115  20 132   1   495   4   1   0  50
jefferies,chris   chi SF 21  195   27   72  17  42  13   20   5   29    7   4  19   7  36   0    84   0   0   0   2
jefferson,richar  njn SF 82 3136  555 1115  48 132 357  468 109  464  315  92 198  28 224   1  1515   9   0   0  82
jeffries,jared    was PF 82 1913  177  469   5  30 105  171 180  424   93  48 107  28 212   3   464   1   0   0  38
johnsen,britton   orl PF 20  291   17   59   1  12   7   16  15   45   12   7  14   1  28   0    42   0   0   0   4
johnson,anthony   ind PG 73 1599  167  411  41 122  75   94  28  130  202  64  75   8 138   0   450   0   0   0   7
johnson,avery     gsw PG 46  637   80  199   0   3  52   78   3   33  111  26  51   3  34   0   212   1   0   0   1
johnson,demarr    nyk SF 21  286   36   97  13  36  28   31   5   39   11   8  16   7  32   0   113   0   0   0   1
johnson,ervin     min  C 66  965   55  103   0   1  17   28  61  232   24  27  30  43 156   1   127   2   0   0  47
johnson,joe       pho SG 82 3333  555 1291  83 272 174  232  80  385  362  93 199  26 177   1  1367   0   0   0  77
johnson,linton    chi SF 41  736   72  203   7  33  22   37  59  183   27  37  37  32  90   2   173   1   0   0  20
jones,dahntay     mem SG 20  154   15   53   1   4   5   11   7   23   12   5  12   6  23   0    36   0   0   0   0
jones,damon       mil PG 82 2017  210  524  98 273  55   72  15  170  478  30 103   4  92   0   573   4   1   0  26
jones,eddie       mia SG 81 2998  473 1156 177 479 278  333  38  308  258  92 129  34 226   2  1401   2   0   1  81
jones,fred        ind PG 81 1508  123  311  27  89 124  149  25  126  173  65  73  18 132   0   397   1   0   0   2
jones,james       ind SF  6   26    2    9   1   4   2    2   0    2    0   1   0   0   1   0     7   0   0   0   0
jones,jumaine     bos SF 42  372   33   96  13  44  14   23  24   68   14  12  19   9  48   0    93   0   0   0   3
jones,popeye      gsw PF  5   10    0    2   0   0   0    0   1    1    0   0   0   0   2   0     0   0   0   0   0
kaman,chris       lac  C 82 1843  200  435   0   2  99  142 126  461   85  23 155  73 211   1   499   1   0   0  61
kapono,jason      cle SF 41  427   52  129  21  44  20   24  19   55   14  13  21   2  41   0   145   0   0   0   3
kidd,jason        njn PG 67 2449  368  959  94 293 206  249  85  428  618 122 214  14 110   0  1036   2   0   0  66
kirilenko,andrei  uta SF 78 2895  412  931  68 201 392  496 226  629  244 150 215 215 174   0  1284   0   0   0  78
kittles,kerry     njn SG 82 2842  434  959  97 276 107  136  56  327  206 125  95  40 144   0  1072   2   0   0  82
knight,brevin     mil PG 56 1036  105  246   2   8  49   65  14  112  204  84  72   1 107   1   261   3   0   0  13
korver,kyle       phi SF 74  882  115  327  81 207  19   24  30  111   40  25  41   8 102   2   330   0   0   0   0
kukoc,toni        mil SF 73 1522  211  506  49 168 145  199  60  271  200  59 110  21 110   0   616   1   0   0   0
laettner,christi  was PF 48  985  119  256   6  21  40   50  50  232   89  37  42  28 102   1   284   1   0   1  18
lafrentz,raef     bos  C 17  328   57  124   8  40  10   13  30   79   24   8  11  13  47   1   132   0   0   1   1
lampe,maciej      pho PF 21  224   43   88   0   4  10   13   9   44    9   3  15   3  28   0    96   0   0   0   0
lampley,sean      gsw SF 10   63   13   20   0   0   8   12   2   11    2   0   3   1   2   0    34   0   0   0   0
langhi,dan        mil PF  6   37    5   14   1   2   2    2   0    4    0   0   2   0   7   0    13   0   0   0   0
larue,rusty       gsw PG  4   22    1    3   1   1   1    2   0    3    2   2   4   0   2   0     4   0   0   0   0
lenard,voshon     den SG 73 2234  394  933 106 289 144  182  46  200  151  61 101  12 177   1  1038   0   0   1  70
lewis,quincy      min SF 14   65    7   20   2   5   0    0   1    7    2   2   3   2  10   0    16   0   0   0   0
lewis,rashard     sea SF 80 2930  535 1229 145 386 206  270 133  518  175  99 135  54 233   3  1421   5   0   0  80
livingston,randy  lac PG  4   48    2   10   0   3   4    6   2    7    4   2   4   0   7   0     8   0   0   0   0
lopez,raul        uta PG 82 1618  223  516  25  85 101  118  24  155  305  62 174   2 200   2   572   0   0   0  11
lue,tyronn        orl PG 76 2333  309  714  80 209 101  131  26  187  317  61 124   5 185   0   799   1   0   0  69
lynch,george      nor SF 78 1702  149  375  43 139  34   51  96  312  117  48  64  18 159   1   375   1   0   0  51
madsen,mark       min PF 72 1246  101  204   0   6  57  118 134  272   28  33  47  18 175   2   259   0   0   0  12
maggette,corey    lac SF 73 2630  453 1013  76 231 526  620  96  430  224  65 207  16 217   2  1508   7   2   0  72
magloire,jamaal   nor  C 82 2778  383  809   0   1 353  470 268  847   86  43 201 101 278   6  1119  12   2   0  82
malone,karl       lal PF 42 1373  193  400   0   1 168  225  61  367  163  50 103  20 116   1   554   7   0   0  42
marbury,stephon   nyk PG 81 3254  598 1386  87 274 356  436  58  263  719 129 249   9 172   0  1639   6   0   0  81
marion,shawn      pho SF 79 3218  590 1341  90 265 228  268 212  737  214 167 156 104 203   1  1498   0   0   0  79
marshall,donyell  tor PF 82 2989  470 1020 131 325 134  182 210  808  122  93 117 124 247   1  1205   3   0   0  74
martin,darrick    min PG 16  172   20   67   6  26   9    9   2    7   23   2   7   1  23   0    55   0   0   0   0
martin,kenyon     njn PF 65 2251  439  900   7  25 201  294 133  617  160  95 168  82 230   5  1086  10   1   0  62
mashburn,jamal    nor SF 19  730  156  398  19  67  65   80  19  117   47  14  37   5  42   0   396   0   0   0  18
mason,desmond     mil SF 82 2534  409  867   9  39 356  463  93  359  152  60 148  24 190   2  1183   5   0   1  31
mason,roger       tor PG 26  329   32   98  13  39  19   22   1   31   26  11  20   5  36   1    96   0   0   0   3
massenburg,tony   sac PF 59  789  104  219   0   1  43   63  57  188   29  14  45  18 144   0   251   7   2   2   0
mccarty,walter    bos SF 77 1900  203  523 137 366  62   82  28  239  124  72  91  22 179   1   605   0   0   0  23
mccaskill,amal    phi  C 59  635   47  117   0   1  19   27  48  133   20  12  25  20  89   0   113   0   0   0   3
mccoy,jelani      cle  C  2   12    0    0   0   0   0    0   1    4    0   0   1   0   4   0     0   0   0   0   0
mcdyess,antonio   pho PF 42  928  126  268   0   0  38   69  70  257   36  37  57  24 117   5   290   0   0   0  20
mcgrady,tracy     orl SG 67 2676  653 1566 174 513 398  500  95  402  370  93 179  42 129   1  1878   5   1   0  67
mcinnis,jeff      cle PG 70 2366  334  747  46 127 114  143  33  176  430  72 120   6 163   4   828   1   0   0  57
mckie,aaron       phi SF 75 2110  265  577  75 172  84  111  45  253  195  85 103  23 142   1   689   2   0   0  41
mcleod,keith      min PG 33  391   27   82   1  10  33   43   5   34   59  16  29   1  39   0    88   1   0   0   0
medvedenko,stan   lal PF 68 1442  237  537   0   3  89  116 148  343   57  38  59  18 191   1   563   3   0   0  38
mercer,ron        san SF 39  516   90  211   2   7  13   17  10   49   22  14  26   5  37   0   195   0   0   0   0
mihm,chris        bos PF 76 1330  186  381   0   0 110  166 156  413   21  37  90  63 208   3   482   2   0   0  17
miles,darius      por SF 79 2079  365  753   7  40 124  193 112  359  162  67 130  61 168   0   861   2   0   0  56
milicic,darko     det PF 34  159   17   65   0   1  14   24  11   43    7   7  13  15  33   0    48   0   0   0   0
miller,andre      den PG 82 2838  430  941  12  65 342  411 127  366  501 142 215  25 194   2  1214   5   0   0  82
miller,brad       sac  C 72 2622  373  731  12  38 256  329 191  743  312  68 144  86 247   7  1014  10   1   2  53
miller,mike       mem SF 65 1770  270  616  80 215 102  141  42  216  232  59 107  14 162   3   722   2   0   0  65
miller,oliver     min  C 48  506   53  100   0   1  15   23  46  130   36  19  33  26  91   0   121   4   1   0   1
miller,reggie     ind SG 80 2254  260  594 134 334 146  165  18  188  249  65  68  11  96   0   800   5   0   0  80
ming,yao          hou  C 82 2693  535 1025   0   2 361  446 197  735  122  22 204 156 273   4  1431   2   0   0  82
mobley,cuttino    hou SG 80 3229  460 1081 164 420 176  217  40  362  258 107 180  33 179   0  1260   2   0   0  80
mohammed,nazr     nyk  C 80 1610  246  472   0   0 100  169 178  474   36  55  96  52 195   1   592   0   0   0  24
moiso,jerome      tor PF 35  418   40   84   0   1  22   38  41  113    8  17  25  12  42   0   102   0   0   0   1
moore,mikki       uta  C 32  397   50   99   0   0  30   35  29   84   19   7  22  13  65   1   130   2   0   0   0
mourning,alonzo   njn  C 12  215   33   71   0   0  30   34   8   27    8   2  10   6  32   0    96   0   0   0   0
murphy,troy       gsw PF 28  610  107  243   5  17  60   80  48  173   20  12  34  17  58   1   279   1   0   0   0
murray,lamond     tor SF 33  518   76  215  21  60  24   35  14   90   28  15  38   7  47   0   197   3   1   0   4
murray,ronald     sea PG 82 2023  389  915  67 229 168  235  45  204  205  81 149  28 158   0  1013   0   0   0  18
murray,tracy      por SF  7   35    3   12   2   5   0    1   3    5    1   1   2   0   3   0     8   0   0   0   0
mutombo,dikembe   nyk  C 65 1495  141  295   0   0  81  119 145  437   25  17  54 123 141   0   363   5   0   1  56
nachbar,bostjan   hou SF 45  516   47  132  23  63  21   29   8   70   30  14  23  14  72   1   138   0   0   0   3
nailon,lee        cle SF 57  780  147  327   0   3  47   58  64  143   38  15  45   8  93   0   341   1   0   0   4
najera,eduardo    dal SF 58  719   72  162   2   4  30   46  67  156   25  35  29  19  90   1   176   0   0   0   7
nash,steve        dal PG 78 2613  397  845 104 257 230  251  59  232  687  67 209   8 139   0  1128   2   0   0  78
ndiaye,mamadou    atl  C 28  366   27   69   0   0  44   59  43  112    0   8  18  25  59   1    98   1   0   0   1
nesterovic,rados  san  C 82 2354  328  700   0   0  54  114 257  633  114  51 107 165 247   5   710   0   0   0  82
newble,ira        cle PF 64 1245  108  276   2  19  36   46  65  155   72  25  53  19 109   1   254   4   0   0  25
norris,moochie    nyk PG 66  846   80  217  20  58  54   71  10   65  121  44  64   5  51   0   234   0   0   0   0
nowitzki,dirk     dal PF 77 2915  605 1310  99 290 371  423  90  670  207  92 135 104 216   3  1680   8   0   1  77
o'neal,jermaine   ind PF 78 2788  608 1400   2  18 348  460 193  778  164  59 181 199 248   2  1566  16   1   0  78
o'neal,shaquille  lal  C 67 2464  554  948   0   0 331  676 246  769  196  34 195 166 225   3  1439  11   1   3  67
oakley,charles    hou PF  7   26    2    6   0   0   5    6   0    5    2   0   1   0   8   0     9   0   0   0   0
odom,lamar        mia SF 80 3003  485 1127  61 205 340  458 160  776  327  85 236  71 273   5  1371  11   1   0  80
okur,mehmet       det  C 71 1585  251  542  18  48 162  209 160  421   69  36 101  63 138   0   682   3   0   0  33
ollie,kevin       cle PG 82 1401   95  257   4   9 147  176  23  170  234  51  81   8 119   0   341   0   0   0   7
olowokandi,micha  min  C 43  925  121  285   0   0  36   61  78  245   24  16  54  68 137   3   278   1   0   0  25
ostertag,greg     uta  C 78 2153  208  437   0   1 113  195 221  578  123  30  99 139 228   1   529   4   1   1  51
outlaw,bo         mem SF 82 1604  159  312   0   4  61  116 125  342   90  73  69  70 170   0   379   5   0   0   1
outlaw,travis     por SF  8   19    3    7   0   0   2    4   2    4    1   1   1   0   1   0     8   0   0   0   0
overton,doug      lac PG 61 1032   99  245   3  23  23   31  16   86  138  26  58   2  89   1   224   0   0   1  11
pachulia,zaza     orl  C 59  664   68  175   0   0  58   90  69  174   13  21  34  12  87   0   194   2   0   0   2
pack,robert       njn PG 26  219   22   52   0   0   5    6   4   18   27  12  16   1  20   0    49   1   0   0   0
padgett,scott     hou SF 58  546   74  167  28  65  24   32  46  139   23  12  22  13  73   0   200   0   0   0   5
palacio,milt      tor PG 59 1209  104  298   4  26  45   68  15  102  184  41  87  11  90   0   257   0   0   0  13
pargo,jannero     chi PG 31  475   81  199  22  62  23   27   8   37   70  13  47   6  50   2   207   0   0   0   1
parker,tony       san PG 75 2577  423  946  62 199 191  272  43  237  411  61 179   7 148   0  1099   1   0   0  75
parks,cherokee    gsw  C 12   64    4   10   0   0   4    6   4   10    1   0   2   3   7   0    12   0   0   0   0
patterson,ruben   por SG 73 1652  200  395   2  12 105  190 129  268  139  84 105  21 152   0   507   9   0   0   1
pavlovic,aleksan  uta SF 79 1139  149  376  19  70  65   84  44  159   60  41  67  16 187   3   382   0   0   0  14
payton,gary       lal PG 82 2825  482 1024  55 165 180  252  72  342  449  96 151  19 169   0  1199  12   4   0  82
peeler,anthony    sac SG 75 1390  156  348  68 141  51   61  31  153  120  56  77  10 103   0   431   0   0   0   0
penigar,desmond   orl SF 10   89   14   28   0   0   4    4   6   24    3   2   6   2  14   0    32   0   0   0   0
penney,kirk       mia SG  2   18    1    6   1   3   0    0   0    1    1   1   3   0   1   0     3   0   0   0   0
perkins,kendrick  bos  C 10   35    8   15   0   0   6    9   5   14    3   0   5   2   6   0    22   0   0   0   0
person,wesley     por SG 58 1037  126  314  55 138  31   39  16  117   66  19  38   9  38   0   338   0   0   0   0
peterson,morris   tor SF 82 2144  238  587 126 340  76   94  35  261  113  88  69  14 206   0   678   3   0   0  29
piatkowski,eric   hou SF 49  703   72  191  43 122  14   16  10   73   26  16  29   5  42   0   201   0   0   0   0
pierce,paul       bos SG 80 3099  602 1497 115 384 517  631  69  522  410 131 303  52 234   3  1836   9   0   1  79
pietrus,mickael   gsw SG 53  748   96  231  35 105  52   75  48  119   27  32  40  12 100   1   279   0   0   0  22
pippen,scottie    chi SF 23  412   53  140  13  48  17   27  20   68   50  21  29   9  38   0   136   2   0   0   6
planinic,zoran    njn SF 49  472   53  129   9  32  38   60  14   55   68  13  36   3  70   1   153   0   0   0   1
pollard,scot      ind  C 61  678   47  114   0   0  12   21  67  164   10  23  22  26 110   0   106   0   0   0   3
polynice,olden    lac  C  2   12    0    0   0   0   0    0   1    2    1   1   4   0   2   0     0   0   0   0   0
pope,mark         den PF  4   20    1    2   0   0   0    1   0    3    0   1   3   0   8   0     2   0   0   0   0
posey,james       mem SF 82 2452  368  770 112 290 278  335  92  403  122 137 112  40 248   5  1126   9   2   1  82
potapenko,vitaly  sea  C 65 1418  200  409   0   0  59   92 101  289   53  22  77  28 160   2   459   5   0   2  39
prince,tayshaun   det SF 82 2699  338  723  57 157 108  141  93  390  191  63 119  69 149   0   841   0   0   0  80
przybilla,joel    atl  C 17  347   18   50   0   0  13   31  32  111    7   5  18  17  53   1    49   2   0   0  12
radmanovic,vlad   sea PF 77 2324  345  812 140 377  95  127 104  406  142  80 109  42 187   1   925   3   0   0  38
randolph,zach     por PF 81 3068  663 1368   1   5 299  393 242  851  163  68 247  41 227   0  1626   4   0   0  80
ratliff,theo      por  C 85 2664  266  549   0   0 140  217 195  614   71  54 120 307 300   3   672   0   0   0  83
rebraca,zeljko    atl  C 24  273   34   77   0   0  23   30  23   58    6   5  17  11  52   1    91   2   1   0   2
redd,michael      mil SG 82 3020  633 1439 127 363 383  441 118  407  185  81 116   6 152   0  1776   0   0   0  82
rice,glen         lac SF 18  262   22   76   5  28  17   17   9   41   24   6  13   0  22   0    66   1   0   0   0
richardson,jason  gsw SG 78 2937  563 1284  77 273 258  377 124  524  226  86 196  41 182   1  1461   3   0   0  78
richardson,quent  lac SG 65 2338  425 1068 120 341 151  204 146  414  139  67 141  19 130   0  1121   6   1   0  64
ridnour,luke      sea PG 69 1114  145  350  27  80  65   79  35  108  163  52  80   7 105   0   382   1   0   0   6
robinson,cliff    gsw PF 82 2845  366  945 112 314 123  173  54  322  271  68 173  73 237   2   967   9   2   0  82
robinson,eddie    chi SF 51 1024  157  326   1   5  28   43  27  104   58  33  45  10  57   1   343   0   0   0   4
robinson,glenn    phi SF 42 1338  275  614  34 100 114  137  46  189   57  42 106   9  96   1   698   2   0   0  42
rogers,rodney     njn SF 69 1408  207  505  50 152  75   98 100  307  137  59  98  27 183   2   539   7   1   1  15
rooks,sean        orl  C 55  595   54  151   0   1  33   37  24   97   29  14  22  10  89   0   141   0   0   0   0
rose,jalen        tor SG 66 2499  383  952  69 202 187  231  34  266  329  51 208  22 184   2  1022   5   1   0  64
rose,malik        san PF 67 1256  173  404   0   3 183  225 109  319   69  36 112  24 164   1   529   5   0   0  13
ruffin,michael    uta PF 41  733   38  117   0   0  16   38  78  207   41  22  42  21 103   1    92   1   0   0  23
rush,kareem       lal SG 72 1244  190  432  48 138  31   52  20   97   59  33  48  20 109   0   459   0   0   2  15
russell,bryon     lal SF 72  944   98  244  43 112  50   65  32  146   71  32  37  12 110   0   289   1   0   0   1
salmons,john      phi SG 77 1602  161  416  50 147  71   92  38  196  134  62  77  16 122   0   443   0   0   0  24
sampson,jamal     lal PF 10  130   11   23   0   0   7   12  23   52    7   2   6   4  16   0    29   0   0   0   2
santiago,daniel   mil  C 54  707   78  163   0   0  61   90  35  132   24  19  32  21  98   0   217   0   0   0  28
scalabrine,brian  njn PF 69  929   86  218  10  41  58   70  42  173   65  21  42  14 113   0   240   1   0   0   2
sesay,ansu        sea SF 57  583   81  178   6  21  32   46  43   92   19  19  23  20  66   0   200   1   0   0   2
shirley,paul      chi PF  7   89   10   23   0   1   1    3   8   16    4   1   9   1   9   0    21   0   0   0   0
simmons,bobby     lac SF 56 1376  147  373   2  12 141  169 115  262   96  51  73  17 169   2   437   5   0   0   8
skinner,brian     mil PF 56 1577  255  513   0   0  79  138 119  411   49  30  78  61 165   3   589   0   0   0  54
slay,tamar        njn SF 22  165   21   60   4  12   7   14  10   25   14   7  11   1  20   0    53   0   0   0   0
smith,jabari      sac  C 31  169   26   70   0   3  12   20  11   31   11   2   7   6  25   0    64   1   0   0   0
smith,joe         mil PF 76 2254  311  708   1   5 207  241 230  643   78  47  82  94 209   1   830   1   0   0  76
smith,leon        sea PF  1    4    1    2   0   0   0    0   1    2    0   0   0   0   1   0     2   0   0   0   0
smith,steve       nor SG 71  928  119  293  43 107  77   83  27   81   56  15  42   6  91   0   358   0   0   0   4
smith,theron      mem SF 20  178   16   43   6  12   6    8  13   41    7   5  14   5  18   0    44   0   0   0   0
snow,eric         phi PG 82 2967  295  715   2  18 252  316  62  281  563  97 187   6 213   1   844   3   0   0  82
songaila,darius   sac PF 73  976  133  273   0   0  71   88  91  225   48  42  43  12 126   1   337   1   0   0   7
sprewell,latrell  min SG 82 3100  518 1266  99 299 240  295  56  310  286  88 158  21 101   0  1375   6   0   0  82
stackhouse,jerry  was SF 26  774  128  321  23  65  83  103  16   94  103  24  88   3  49   0   362   4   1   0  17
stepania,vladimi  por  C 42  453   43  103   0   0  22   36  50  125   23  11  19  15  61   0   108   0   0   0   2
stevenson,deshaw  orl SG 80 2443  376  871  19  71 138  204  79  298  158  52 120  17 140   0   909   3   0   0  78
stewart,michael   bos  C 25  147    5   12   0   0   3    4   8   29    0   2   3  10  34   0    13   0   0   1   2
stojakovic,predr  sac SF 81 3263  665 1386 240 554 394  425  91  508  173 108 153  14 159   0  1964   3   0   0  81
stoudamire,damon  por PG 82 3117  408 1018 156 427 127  145  52  308  500  99 180   9 173   2  1099   1   0   0  82
stoudemire,amare  pho PF 55 2024  411  865   1   5 310  435 157  496   78  64 177  89 188   5  1133   5   0   0  53
strickland,erick  mil PG 43  572   79  196  29  66  44   51  13   71   90  26  54   2  63   0   231   2   0   0   0
strickland,rod    tor PG 61 1196  150  353  10  36  72   98  34  155  244  35  85  11  76   0   382   0   0   0  10
sundov,bruno      nyk  C  5   33    4   10   0   0   3    6   2   10    1   0   3   0   9   0    11   0   0   0   0
sura,bob          atl SG 80 1663  202  486  21  79 171  226 101  326  233  62 105  14 158   0   596   5   0   0  17
sweetney,mike     nyk PF 42  495   69  140   0   1  42   58  68  157   14  18  32  12  57   0   180   1   0   0   1
swift,stromile    mem PF 77 1527  268  571   1   4 190  262 141  378   38  56  88 118 188   4   727   0   0   0  10
szczerbiak,wally  min SG 28  622  106  236  20  46  53   64  24   88   33  12  28   1  42   0   285   1   0   0   0
taylor,maurice    hou PF 75 2081  367  765   0   2 128  174 131  384  107  43 149  47 253   5   862   5   0   1  10
terry,jason       atl PG 81 3020  499 1196 146 421 215  260  49  336  437 124 229  16 192   2  1359   6   1   2  78
thomas,etan       was PF 79 1903  257  526   0   0 191  295 183  528   68  36 113 123 219   1   705   4   0   0  15
thomas,kenny      phi PF 74 2699  381  813   1   5 243  323 261  750  111  82 172  33 219   2  1006   4   0   1  72
thomas,kurt       nyk PF 80 2549  392  829   0   3 106  127 145  662  149  56 132  80 298   4   890   5   1   1  75
thomas,tim        nyk SF 66 2089  363  813  73 194 171  218  64  320  124  64 116  20 196   4   970   4   0   1  65
tinsley,jamaal    ind PG 52 1378  153  370  77 207  49   67  28  136  303  84 110  17 132   2   432   4   0   2  43
traylor,robert    nor PF 71  941  145  287   2   5  70  128 106  262   43  39  62  37 161   3   362   3   0   1   0
trent,gary        min PF 68 1025  155  328   0   6  69   91  83  216   49  12  54  17 129   2   379   5   0   3   2
trepagnier,jeff   den SG 11   96   10   38   2   4   3    6   6   15    4   3   6   0   7   0    25   0   0   0   0
trybanski,cezary  nyk  C  7   15    0    4   0   0   1    2   0    1    0   1   2   1   3   0     1   0   0   0   0
tsakalidis,jake   mem  C 40  533   67  133   0   0  36   61  37  128   18   9  23  22  79   1   170   2   0   0  28
tskitishvili,nik  den SF 39  307   40  122   3  11  23   29  24   63   10   6  17   8  50   0   106   0   0   0   0
turkoglu,hidayet  san SF 80 2074  262  645 101 241 114  161  52  358  154  80  94  32 165   0   739   0   0   0  44
udoka,ime         lal SG  4   28    3    9   0   1   2    4   1    5    2   2   3   1   3   0     8   0   0   0   0
vanexel,nick      gsw PG 39 1255  187  479  46 150  70   99  16  104  206  20  78   2  57   0   490   3   0   0  29
vanhorn,keith     mil SF 72 2339  410  903  93 233 249  290 149  501  120  68 169  33 215   6  1162   1   0   0  62
vaughn,jacque     atl PG 71 1271  107  277   3  20  53   68  12  116  195  44  84   2 126   0   270   1   0   0   6
voskuhl,jake      pho  C 66 1605  152  300   0   0 134  181 123  343   57  42  77  25 258   8   438   3   0   1  43
vranes,slavko     por  C  1    3    0    1   0   0   0    0   0    0    0   0   0   0   1   0     0   0   0   0   0
wade,dwyane       mia PG 61 2127  371  798  16  53 233  312  85  247  275  86 196  34 140   0   991   1   0   0  56
wagner,dajuan     cle SG 44  708  112  306  31  86  32   47   9   58   51  26  41   7  89   0   287   0   0   0   4
walker,antoine    dal PF 82 2840  483 1129  82 305 103  186 198  684  369  65 202  65 212   3  1151  12   1   0  82
walker,samaki     mia PF 33  418   38   99   0   2  29   44  42  112    6   9  15  11  54   0   105   0   0   0   0
wallace,ben       det PF 81 3048  315  748   1   8 142  290 324 1006  138 143 123 246 162   0   773  13   2   0  81
wallace,gerald    sac SF 37  337   32   89   0   2  11   24  35   74   19  14   8  14  37   0    75   0   0   1   1
wallace,john      mia SF 37  368   61  145   5  13  31   40  12   59   14   5  24   8  38   0   158   0   0   0   0
wallace,rasheed   det SF 68 2389  425  974  82 248 156  212 102  459  156  61 119 122 190   1  1088  18   1   0  66
walton,luke       lal PF 72  730   65  153  13  39  31   44  39  127  113  28  44   8  70   1   174   0   0   0   2
ward,charlie      san PG 71 1252  160  390  84 206  20   27  12  144  215  64  96  11 107   2   424   0   0   0  10
watson,earl       mem PG 81 1669  172  464  26 106  90  138  49  178  402  91 146  19 175   3   460   2   0   0  14
weatherspoon,cla  hou SF 52  869  104  211   0   1  53   72  74  204   30  30  35  15  75   0   261   0   0   0   1
webber,chris      sac PF 23  831  174  421   1   5  81  114  48  200  105  31  60  20  76   1   430   1   0   0  23
wells,bonzi       mem SG 72 1871  363  850  22  69 138  183  78  260  139  91 161  19 197   2   886  12   1   1  27
welsch,jiri       bos SG 81 2179  262  612  69 181 153  206  60  296  183 101 129   7 176   0   746   1   0   0  68
wesley,david      nor SG 61 2000  311  800  92 285 137  182  28  134  175  71 100  14 147   1   851   1   0   0  60
west,david        nor PF 71  931  108  228   0   2  57   80 117  297   60  27  48  28 117   0   273   4   0   0   1
white,jahidi      pho  C 62  865   99  190   0   0  63  126  97  261    7  25  66  51 176   4   261   6   0   1  17
white,rodney      den SF 72  986  215  468  33  87  78  104  44  165   60  32  78  20 105   0   541   1   0   0   0
whitney,chris     was PG 16  185   17   45   8  18   5    5   3   15   14   6   6   2   6   0    47   0   0   0   5
wilcox,chris      lac PF 65 1339  227  436   0   1 105  150 125  305   51  29  80  20 183   4   559   1   0   0  17
wilks,mike        hou PG 26  145   17   36   6  10  10   12   3   16   17   3   7   0  15   0    50   0   0   0   0
williams,aaron    njn PF 72 1339  172  342   1   3 105  155 101  294   81  34  89  46 187   0   450   0   0   0   7
williams,alvin    tor PG 56 1731  201  496  26  89  66   85  18  150  224  55  78  10 114   1   494   2   0   0  54
williams,eric     cle SF 71 1886  231  598  35 127 215  283  65  286  120  70  88   9 180   0   712   1   0   0  36
williams,frank    nyk PG 56  714   80  208  18  60  41   48   8   53  121  25  63   6  58   0   219   0   0   0   3
williams,jason    mem PG 72 2116  290  713 120 364  82   98  25  147  492  92 136   5  97   0   782   4   1   0  68
williams,jerome   chi PF 68 1637  158  336   0   8 106  155 177  475   72  90  74   8 134   0   422   0   0   0  44
williams,maurice  uta PG 57  775  115  303  10  39  44   56  23   72   76  28  51   2  87   0   284   0   0   0   0
williams,scott    dal  C 43  528   90  186   2   3  16   27  38  132   17  20  16  16  95   0   198   4   1   0  20
williams,shammon   no PG 53  764   87  232  30 100  51   58   9   60  116  37  47   2  62   0   255   1   0   0   4
williamson,corli  det SF 79 1575  304  602   0   0 144  197  88  256   57  30 113  20 204   2   752   3   1   2   0
willis,kevin      san  C 48  373   70  150   0   1  24   39  37   98   11  21  32   9  61   0   164   1   0   0   0
woods,loren       mia  C 38  505   44   96   0   0  33   55  65  134   10  11  26  19  52   0   121   1   0   1   2
woods,qyntel      por SF 62  671   88  237  10  29  38   60  46  136   46  20  52  14  88   1   224   0   0   1   8
wright,lorenzen   mem  C 65 1675  257  586   0   5  96  131 144  445   71  45  77  58 192   4   610  10   1   1  46
zhizhi,wang       mia  C 16  114   17   46   4  14   9   10   4   18    2   3   6   5  13   0    47   0   0   0   0
