Player           Team PS GP  Min  FGM  FGA  3M  3A FTM  FTA  OR   TR   AS  ST  TO  BK  PF  DQ   PTS  TC  EJ  FF Sta
abdur-rahim,shar  por PF 54 1867  337  670  15  39 220  254 123  392  111  49 117  26 150   3   909  10   1   0  49
alexander,cory    cha SG 16  201   16   49   8  19   9   12   8   29   37   9  19   1  29   0    49   0   0   0   1
allen,malik       cha PF 36  519   84  177   0   0  26   28  40   99   18   9  18  22  53   0   194   1   0   0   1
allen,ray         sea SG 78 3068  640 1494 209 556 378  428  79  347  289  84 171   5 167   2  1867   3   0   0  78
allen,tony        bos SG 77 1263  184  387  12  31 112  152  85  221   64  76  77  24 156   2   492   0   0   0  34
alston,rafer      tor PG 80 2717  403  974 139 389 191  258  42  279  514 118 170   7 212   0  1136   4   0   0  78
andersen,chris    nor PF 67 1430  191  358   0   3 131  190 137  410   71  14  64 100 144   0   513   0   0   0   2
anderson,derek    por SG 47 1236  152  391  58 151  70   87  25  128  143  36  70   4  89   0   432   0   0   1  32
anderson,kenny    cli PG 43  743   85  201   6  13  27   37  24   88  103  33  49   0  87   1   203   4   0   0  20
anderson,shandon  mia SG 66 1171   98  217   5  29  54   66  41  191   70  40  50  14 138   1   255   1   0   0   5
anthony,carmelo   den SF 75 2608  530 1230  42 158 456  573 141  426  194  68 224  30 229   1  1558   5   0   1  75
araujo,rafael     tor  C 59  741   76  175   1   3  43   55  59  185   16  21  52   8 157   0   196   2   0   0  41
arenas,gilbert    was PG 80 3274  656 1523 205 562 521  640  83  378  411 139 242  23 245   1  2038   8   1   0  80
ariza,trevor      nyk SF 80 1382  172  389   3  13 121  174  89  242   85  70  73  18 150   0   468   0   0   0  12
armstrong,darrel  dal PG 66  988   89  277  28 111  58   68  35  115  178  45  67   8  92   2   264   1   0   0  16
arroyo,carlos     det PG 70 1448  167  429   8  30 119  149  26  104  280  44 107   4 143   0   461   2   0   0  16
artest,ron        ind SF  7  291   59  119   7  17  47   51   8   45   22  12  17   6  27   0   172   0   0   1   7
atkins,chucky     lal PG 82 2903  388  910 176 455 163  203  31  197  358  73 151   2 181   0  1115   4   0   0  82
augmon,stacey     orl SF 55  663   68  167   0   0  57   77  45   99   36  23  31   8  83   0   193   1   0   3   7
baker,maurice     por PG  5   19    0    1   0   0   0    0   1    2    1   1   1   0   3   0     0   0   0   0   0
baker,vin         hou PF 27  204   13   42   0   1   9   17  17   39   10   2  17   4  38   0    35   0   0   0   0
banks,marcus      bos PG 81 1145  115  286  21  59 121  163  29  126  155  63  79  13 146   2   372   0   0   0   2
barbosa,leandro   pho PG 63 1088  168  354  51 139  55   69  32  130  126  30  87   7 127   0   442   0   0   0   6
barnes,matt       sac SF 43  716   62  151   5  22  35   58  49  133   57  30  45   7  80   0   164   1   0   0   9
barrett,andre     orl PG 38  483   45  124  14  52  14   19  11   40   69  19  27   1  51   0   118   0   0   0   1
barry,brent       san SG 81 1742  194  459 100 280 113  135  29  190  178  39  64  20 123   0   601   0   0   0   8
barry,jon         hou SG 69 1505  161  368  71 165  62   71  26  159  167  60  67   9  95   0   455   5   0   0   2
battie,tony       orl  C 81 1894  163  354   0   6  68   94 109  452   42  30  81  81 244   3   394   2   0   1  32
battier,shane     mem SF 80 2516  271  613  70 177 180  228 158  413  126  91  75  77 201   2   792   0   0   0  72
baxter,lonnie     nor PF  4   36    3   11   0   0   0    2   4    8    0   0   4   0  10   0     6   0   0   0   0
bell,raja         uta SG 63 1790  303  667  54 134 112  150  48  201   91  44  79   8 205   4   772  10   1   2  32
bender,jonathan   ind SF  7   93   16   40   1   5   3    6   5   14    4   1  10   2   9   0    36   0   0   0   0
best,travis       njn PG 76 1461  190  452  26  85 108  122  19  107  143  66  67   9 148   3   514   1   0   0   6
bibby,mike        sac PG 80 3084  560 1264 131 364 320  413  77  332  541 124 203  30 191   0  1571   8   1   0  80
biedrins,andris   gsw  C 30  384   45   78   0   1  19   40  47  118   12  12  12  24  87   2   109   0   0   0   1
billups,chauncey  det PG 80 2866  404  913 165 387 343  382  48  271  464  81 180   9 194   1  1316   8   1   1  80
blake,steve       was PG 44  648   61  186  36  93  33   41  18   71   69  13  39   0  47   0   191   1   1   0   1
blount,mark       bos  C 82 2130  327  618   0   1 117  164 143  397  129  33 158  64 229   4   771   4   0   0  57
bobbitt,tony      lal PG  2   12    2    5   1   2   0    0   0    3    0   0   0   0   1   0     5   0   0   0   0
bogans,keith      cha SG 74 1791  262  688  57 173 133  183  76  226  135  68 122   8 167   1   714   4   0   0  42
bonner,matt       tor PF 82 1552  247  463  39  92  56   71 108  285   48  39  40  19 220   1   589   1   1   1   0
booth,calvin      mil  C 51  451   49  108   0   1  26   32  29  107    8  15  16  28  78   0   124   0   0   0   1
boozer,carlos     uta PF 51 1772  361  693   0   1 187  268 141  457  144  41 137  24 179   3   909   0   0   1  51
borchardt,curtis  uta  C 67  859   74  172   0   0  52   71  86  224   49  10  52  32 160   1   200   1   0   0  23
bosh,chris        tor PF 81 3011  473 1005   3  10 412  542 194  718  153  76 187 113 226   3  1361   3   1   0  81
bowen,bruce       san SF 82 2627  251  598 102 253  71  112  50  285  126  55  57  39 175   0   675   2   0   0  82
bowen,ryan        hou SF 66  604   47  111   3   6  14   21  21   76   18  23   7   5  61   0   111   0   0   0   6
boykins,earl      den PG 82 2162  340  824  56 166 279  303  37  143  372  78 121  12 122   0  1015   0   0   0   5
bradley,michael   phi PF 18  119   15   24   0   1   3    8   8   28    5   1   5   2  12   0    33   0   0   1   0
bradley,shawn     dal  C 77  885   84  186   0   0  43   63  70  214   15  25  33  63 153   1   211   5   1   2  14
braggs,torraye    hou PF  7   24    3    7   0   0   0    0   7   12    0   0   2   0   4   0     6   0   0   0   0
brand,elton       lac PF 81 3001  629 1251   0   3 364  484 296  770  208  62 183 169 240   2  1622   1   1   2  81
brewer,jamison    nyk PG 18  185   11   37   3  15   6   13   6   22   12   8  13   1  11   0    31   0   0   0   0
brezec,primoz     cha  C 72 2276  387  756   0   0 164  220 226  531   86  33 106  55 183   2   938   5   0   0  72
brown,damone      was SF 14  152   23   62   4  11   4    9  10   28   14   1  15   6  17   0    54   1   0   0   0
brown,devin       san SG 67 1238  173  409  45 121 103  130  37  176   92  39  53  12  83   0   494   0   0   0   0
brown,kedrick     phi SF  8   58    2    6   0   3   8   10   1   11    4   3   5   1   4   0    12   0   0   0   0
brown,kwame       was PF 42  908  109  237   0   0  74  129  72  206   39  25  67  15 112   0   292   1   0   0  14
brown,p.j.        nor PF 82 2817  338  758   0   0 210  243 266  737  178  74 101  50 233   3   886   3   1   0  78
brown,tierre      lal PG 76 1066  124  348  26  72  59   75  21   93  155  32  74   1  59   0   333   0   0   0   0
brunson,rick      lac PG 80 1945  166  442  48 130  57   74  23  187  410  82 125   7 106   0   437   2   0   0  39
bryant,kobe       lal SG 66 2689  573 1324 131 387 542  664  95  392  398  86 270  53 174   1  1819  11   0   0  66
buckner,greg      den SG 70 1522  160  303  49 121  63   81  66  208  133  75  49   6 169   0   432   0   0   0  41
buford,rodney     njn SG 64 1314  187  489  34 108  37   45  33  189   63  40  35   4 101   1   445   1   0   0  17
burks,antonio     mem PG 24  219   28   60   3  11  14   19   1   12   28  13  12   1  25   0    73   1   0   0   0
butler,caron      lal SF 77 2746  441  991  38 125 275  319 146  450  146 110 125  23 213   2  1195   1   1   1  77
butler,jackie     nyk PF  3    5    4    4   0   0   2    2   0    0    0   1   1   0   0   0    10   0   0   0   0
butler,rasual     mia SF 65 1203  163  409  57 153  37   48  15  151   62  18  37  29 104   0   420   0   0   0  15
cabarkapa,zarko   gsw SF 40  475   86  177  13  36  53   65  35  102   25  10  30   5  59   0   238   0   0   0   0
camby,marcus      den  C 66 2015  279  600   0   4 125  173 131  661  152  61 103 199 177   0   683   0   0   0  66
campbell,elden    det  C 40  390   39  123   0   2  42   55  28   93   19   8  29   7  57   0   120   2   0   0   1
cardinal,brian    mem SF 58 1433  160  432  44 125 158  181  63  225  114  88  83  19 172   3   522   3   0   1  16
carlisle,geno     por PG  6   16    2    3   0   0   4    6   1    1    1   0   1   0   1   0     8   0   0   0   0
carroll,matt      cha SG 25  430   70  180  13  39  71   83  13   60   17  17  25   2  37   0   224   0   0   0   0
carter,anthony    min PG 66  742   72  177   2  17  35   51  12   69  161  35  62  18  88   2   181   0   0   0  12
carter,vince      njn SF 77 2828  696 1541 127 313 367  460 106  401  327 109 168  48 243   3  1886   7   1   0  76
cassell,sam       min PG 59 1521  319  687  27 103 134  155  25  157  301  36 109  14 160   2   799   4   1   1  38
cato,kelvin       orl  C 62 1525  160  297   0   0 112  143 102  416   40  55  64  82 170   1   432  14   0   0  50
chalmers,lionel   lac PG 36  433   42  125  12  49  15   24   4   31   51  13  24   0  30   0   111   0   0   0   0
chandler,tyson    chi PF 80 2182  207  419   0   2 226  336 261  775   65  69 118 141 268   4   640  10   2   0  10
cheaney,calbert   gsw SF 55  951  113  265   0   3  24   37  32  124   64  17  35  15  95   0   250   0   0   0   5
childress,josh    atl SF 80 2376  302  642  13  56 190  231 195  482  151  74 106  35 184   1   807   0   0   0  44
christie,doug     orl SG 52 1525  130  332  15  62  70   78  38  177  199  80 104  18 106   0   345   2   1   1  44
claxton,speedy    nor PG 62 1866  257  611  11  61 187  254  37  184  374 109 119   8 184   7   712   1   0   0  47
cleaves,mateen    sea PG 14   65    5   14   0   2   3    4   2    6    7   2   2   0   2   0    13   0   0   0   0
coleman,derrick   det  C  5   50    3   14   0   2   3    3   3   15    0   0   2   0   6   0     9   0   0   0   0
collier,jason     atl  C 70  942  174  376   6  14  48   71  84  184   18  15  63  13 147   1   402   2   0   0  44
collins,jarron    uta  C 50  961   65  157   0   1  83  119  57  164   61  11  34   6 146   1   213   3   0   1  38
collins,jason     njn  C 80 2542  186  451   2   6 137  209 153  488  105  71  91  71 322  14   511   4   1   0  80
collison,nick     sea PF 82 1389  191  354   0   3  83  118 155  376   32  34  62  50 252   4   465   0   0   1   4
cook,brian        lal PF 72 1087  176  422  78 199  28   37  63  216   35  23  29  26 139   3   458   4   0   0   0
cook,omar         tor PG  5   74   10   24   0   4   3    6   2    7   22   6   6   1   6   0    23   0   0   0   0
crawford,jamal    nyk SG 70 2688  437 1097 185 512 182  216  33  203  302  92 148  19 135   0  1241   4   0   0  67
croshere,austin   ind PF 73 1827  188  497  45 174 226  256 103  375   98  48 104  17 154   1   647   1   0   1  22
curry,eddy        chi  C 63 1815  393  730   0   0 226  314 116  338   37  21 163  58 202   4  1012   4   0   0  60
curry,michael     ind SF 18  249   13   29   0   0   4    8   8   27   15   5   5   4  39   0    30   0   0   1   7
dalembert,samuel  phi  C 72 1785  250  477   0   0  89  148 187  542   35  46 114 121 241   4   589   5   1   0  60
dampier,erick     dal  C 59 1609  202  367   0   3 138  228 183  501   51  15 102  80 205   2   542   0   0   1  56
daniels,antonio   sea PG 75 2022  273  623  49 165 248  304  20  169  309  51  78   3  78   0   843   3   1   0   2
daniels,erik      sac SF 21   72    6   18   1   2   0    0   7   18    4   2   6   0   7   0    13   0   0   0   0
daniels,marquis   dal SG 60 1412  220  504   7  35  98  133  87  216  128  83  86  14 124   0   545   0   0   0  17
davis,antonio     chi PF 72 1842  193  419   0   0 115  152 152  428   80  27  96  41 147   0   501   6   0   2  62
davis,baron       gsw PG 46 1581  291  752 118 354 185  243  32  175  362  81 131  14 126   1   885  10   0   1  32
davis,dale        ind  C 61 1307  112  234   0   0  60   99 152  375   47  32  43  65 162   1   284   4   2   1  28
davis,josh        phi PF 42  328   42  111  19  53  14   17  29   79   12   8  15   4  45   0   117   0   0   0   5
davis,ricky       bos SG 82 2696  481 1041  61 180 286  351  66  249  246  89 205  27 174   1  1309   9   1   1  11
declercq,andrew   orl  C  8   49    4    9   0   0   1    3   7   10    0   2   1   0  14   0     9   0   0   0   0
delfino,carlos    det SG 30  459   42  117   9  35  23   40  13   55   38  22  23   6  44   0   116   0   0   0   4
delk,tony         atl PG 56 1340  246  591  72 202 103  136  28  130  104  47  54   3 123   3   667   1   0   0   1
deng,luol         chi SF 61 1663  280  645  31 117 120  162  92  322  135  48 118  27  98   0   711   0   0   0  45
diaw,boris        atl SF 66 1201  124  294   9  50  57   77  54  170  149  37  87  18 123   0   314   0   0   0  25
dickau,dan        nor PG 71 2090  306  756  85 245 190  228  34  180  347  76 145   4 201   3   887   1   0   0  46
dickens,kaniel    njn SF 11   61    4   14   3   9   2    2   3    9    1   2   2   1   5   0    13   0   0   0   0
diop,desagana     cle  C 39  306   20   69   0   2   0    5  30   70   15   8  12  27  53   0    40   0   0   0   0
divac,vlade       lal  C 15  130   13   31   0   0   8   12  18   32   19   4  14   1  25   0    34   0   0   0   0
dixon,juan        was PG 63 1054  186  447  48 147  87   97  32  119  111  43  68   4  98   0   507   0   0   0   4
doleac,michael    mia  C 80 1175  148  331   0   2  25   41  74  259   47  23  36  22 160   0   321   0   0   0   8
dooling,keyon     mia PG 74 1184  139  345  19  75  85  109  11   90  132  39  65  11 120   0   382   0   0   0   0
drobnjak,predrag  atl  C 71 1435  238  543  25  71  96  120  73  238   49  42  78  24 138   0   597   0   0   0   1
duhon,chris       chi PG 82 2177  172  488  94 265  49   67  23  213  398  82 119   3 205   1   487   0   0   0  73
duncan,tim        san PF 66 2203  517 1042   3   9 305  455 202  732  179  45 127 174 144   0  1342   2   0   0  66
dunleavy,mike     gsw SF 79 2570  408  905 107 276 134  172  97  435  203  79 132  26 198   3  1057   1   1   0  79
dupree,ronald     det SF 47  472   61  127   1   2  29   47  34   95   24   7  22  10  60   0   152   0   0   0   0
ebi,ndudi         min SF  2   54   11   21   0   1   5    9   6   16    1   1   3   1   7   0    27   0   0   0   0
edwards,corsley   nor PF 10  110   10   31   0   0   7   12  12   25    3   3   2   4  19   1    27   0   0   1   0
edwards,john      ind  C 25  139   11   30   0   0   7   14   8   19    3   3   8   4  12   0    29   0   0   0   1
eisley,howard     uta PG 74 1428  161  405  27 103  66   83  15   90  250  45 111   9 156   1   415   5   0   0   1
ekezie,obina      atl PF 42  732   79  182   0   1  72   93  69  179   11  22  45  12 129   2   230   6   0   0  31
elson,francisco   den  C 67  939  101  216   1   3  45   79  61  201   34  34  40  41 129   1   248   8   1   0  11
ely,melvin        cha PF 79 1649  227  526   0   0 122  212 142  326   76  32 115  69 199   1   576   2   0   0  17
emmett,andre      mem SG  8   28    2    6   0   0   3    5   0    2    0   0   1   0   4   0     7   0   0   0   0
evans,maurice     sac SG 65 1232  165  373  27  82  59   78  88  201   45  37  34   8 104   1   416   2   0   0  11
evans,reggie      sea PF 79 1887  131  275   0   2 125  234 254  736   58  58 104  15 202   0   387  11   0   0  79
finley,michael    dal SG 64 2358  387  907 116 285 113  136  45  262  169  48  60  18 123   0  1003   2   0   1  64
fisher,derek      gsw PG 74 2222  297  755 108 291 175  203  38  218  301  76 129   4 176   1   877   3   0   0  32
fizer,marcus      mil PF 54  903  133  292   0   6  70  103  29  175   64  25  63  13  96   0   336   5   0   0   0
flores,luis       den PG 16   77   14   29   5  10   2    2   1    3   11   2  11   0   9   0    35   0   0   0   0
fortson,danny     sea PF 62 1047  118  226   0   0 227  258 157  348    8  15  91   7 265  12   463  23   3   2   0
foster,jeff       ind  C 61 1594  168  324   0   5  90  142 205  550   43  46  55  12 186   3   426   2   0   0  43
fowlkes,tremaine  ind SF  8   56    9   17   1   3   0    2   3    8    0   2   5   0   7   0    19   0   0   0   0
foyle,adonal      gsw  C 78 1700  156  311   0   0  40   72 165  429   56  26  58 159 201   5   352   0   0   0  50
frahm,richie      por SG 43  499   56  140  31  80  21   25  17   61   30  15  14   4  35   0   164   0   0   0   0
francis,steve     orl PG 78 2978  563 1330  38 127 499  606 126  450  547 112 317  28 273   5  1663  22   2   0  78
freije,matt       nor PF 23  441   37  127  14  54   5    8  16   61   20  13  17   2  40   1    93   0   0   0  11
funderburke,lar   chi PF  2   21    3    6   0   0   3    5   1    3    0   0   0   0   2   0     9   0   0   0   0
gadzuric,dan      mil  C 81 1783  243  451   0   0 107  199 261  674   30  47  81 106 224   1   593   0   0   0  81
gaines,reece      mil PG 21  187   17   50   4  14   3    4   1   14    7   5   7   1  17   0    41   0   0   0   0
garcia,alex       nor SG  8  146   18   52   5  18   3    4   7   15   18   4   8   1  15   0    44   0   0   0   3
garnett,kevin     min PF 82 3120  683 1360   6  25 445  549 247 1108  466 121 222 112 207   0  1817   7   0   0  82
garrity,pat       orl SF 71  955  123  306  49 147  29   33  21  124   30  19  30   9 107   0   324   1   0   0   0
gasol,pau         mem PF 56 1790  357  695   1   6 282  367 130  410  135  37 137  93 146   1   997   3   0   1  53
george,devean     lal SF 15  306   37  104  21  58  15   20  13   53   14   8  12   2  32   1   110   0   0   0   3
gill,eddie        ind PG 73 1021   81  242  36 117  71   81  16  112   83  59  60   5 105   0   269   0   0   0   3
gill,kendall      mil SG 14  284   32   80   3   9  18   20  11   37   27  14   9   4  37   0    85   0   0   0   0
ginobili,manu     san SG 74 2193  367  780  97 258 355  442  75  329  288 119 172  27 190   1  1186   2   0   0  74
giricek,gordan    uta SG 81 1660  283  632  38 105 111  137  25  182  137  46  90  11 155   1   715   1   0   1  44
glover,dion       san SG  7   68    8   22   1   8   8   10   3   11    4   3   2   3   9   0    25   0   0   0   0
goldwire,anthony  mil PG 33  537   57  136  32  80  26   31  10   59   78  15  15   0  32   0   172   0   0   0   2
gooden,drew       cle PF 82 2524  464  943   5  28 251  310 207  753  130  77 133  76 233   2  1184   4   1   0  80
gordon,ben        chi SG 82 2003  434 1056 134 331 233  270  55  215  164  53 186  10 224   1  1235   0   0   0   3
grant,brian       lal  C 69 1136  103  209   0   0  57   79 101  257   34  23  43  23 175   2   263   7   1   0   8
green,willie      phi SG 57 1066  155  423  30 105  97  125  22  133  100  34  75   6 121   0   437   0   0   0  21
griffin,adrian    chi SG 69  667   58  161   2   9  33   44  52  146   53  43  30   4  78   0   151   0   0   0   1
griffin,eddie     min PF 70 1492  202  522  67 204  56   78 128  453   53  23  55 118 120   1   527   0   0   0   0
gugliotta,tom     atl PF 47  966   99  241   8  26  33   43  56  191   68  41  57  17 104   0   239   1   0   1   9
haislip,marcus    ind SF  9  106   13   38   0   1   6   11   5   15    3   2   6   2  15   0    32   0   0   0   0
ham,darvin        det SF 47  275   17   37   0   0  12   31  19   35    5   6   8   7  39   1    46   0   0   0   0
hamilton,richard  det SG 76 2925  510 1160  36 118 368  429  74  295  372  77 217  13 232   8  1424  10   0   0  76
hamilton,zendon   mil PF 16  159   11   32   0   0  29   48  18   42    6   5  12   2  26   0    51   0   0   0   0
handlogten,ben    uta  C 21  297   43   83   0   1   9   17  23   65   13   7  18   5  55   2    95   1   0   0   5
hardaway,anferne  nyk SG 37  894  110  260  15  50  34   46  19   89   74  28  50   3  79   0   269   1   0   0   0
harpring,matt     uta SF 78 2584  418  855   9  43 245  315 196  480  142  70 133  16 250   2  1090   4   1   0  55
harrington,al     atl SF 66 2550  453  986  16  74 236  351 145  461  208  85 204  16 249   2  1158   5   0   0  66
harrington,junio  nor PG 29  550   64  178   6  19  29   35  13   63   62  25  41   5  72   1   163   0   0   1   7
harrington,othel  chi PF 70 1271  217  424   0   0 127  177 106  292   56  24  84  18 188   2   561   1   0   0  28
harris,devin      dal PG 76 1173  157  366  44 131  78  103  28  102  169  77  82  19 139   0   436   0   0   0  19
harris,lucious    cle SG 73 1128  118  299  21  65  56   69  39  121   49  27  29   6  68   0   313   1   0   0   5
harrison,david    ind  C 43  760  106  184   0   0  52   91  48  135   13  16  53  55 134   6   264   3   0   0  14
hart,jason        cha PG 74 1887  257  573  35  95 157  200  18  203  367  99 102  14 167   1   706   2   0   0  27
harvey,donnell    njn PF  3   16    2    2   0   0   4    4   2    7    1   1   1   1   2   0     8   0   0   0   0
haslem,udonis     mia PF 80 2675  346  641   0   4 178  225 239  726  108  63 113  41 260   5   870   5   1   0  80
hassell,trenton   min SG 82 2068  225  475   1  11  90  114  80  219  128  30  64  30 200   1   541   1   0   0  51
hayes,jarvis      was SF 54 1560  206  530  42 123  99  118  41  227   90  49  62   9 107   1   553   1   0   0  22
haywood,brendan   was  C 68 1865  239  427   0   0 159  261 202  464   57  52  96 114 218   6   637   4   0   0  68
henderson,alan    dal PF 78 1203  116  220   0   2  41   76 164  348   21  29  49  37 149   1   273   1   0   0  10
hilario,nene      den PF 55 1317  194  386   0   2 140  212 104  325   84  50  94  48 167   0   528   6   1   0  18
hill,grant        orl SF 67 2338  517 1015   3  13 280  341  77  318  220  97 161  28 144   1  1317   2   0   0  67
hinrich,kirk      chi SG 77 2801  445 1122 145 408 171  216  32  304  494 122 176  21 244   9  1206   2   0   0  77
hoiberg,fred      min SG 76 1272  139  284  70 145  89  102  32  181   85  50  20  15 105   0   437   0   0   0   0
horry,robert      san PF 75 1396  157  375  51 138  86  109  91  268   80  67  69  60 138   1   451   2   0   0  16
house,eddie       sac PG 68  891  165  366  44  97  23   27  16   83   96  44  35   6  65   0   397   1   0   0   7
houston,allan     nyk SG 20  532   85  205  31  80  36   43   4   23   42   8  21   2  40   0   237   0   0   0  11
howard,dwight     orl PF 82 2675  352  677   0   2 277  413 287  823   75  77 165 136 232   3   981   1   0   1  82
howard,josh       dal SF 76 2446  377  793  34 115 170  232 169  484  109 116 122  49 211   3   958   6   0   0  76
howard,juwan      hou PF 61 1624  244  541   0   1  97  115 126  346   94  32  79   5 143   0   585   4   0   1  47
hudson,troy       min PG 79 1729  266  664  89 258  70   90  19  105  283  27 113   6 121   0   691   0   0   0  32
hughes,larry      was SG 61 2358  467 1086  59 209 352  453  74  382  285 176 153  18 168   0  1345   2   0   0  61
humphrey,ryan     mem SF 35  317   42  103   0   2  18   37  50   87    6  10  23   1  35   0   102   0   0   0   0
humphries,kris    uta SF 67  873  116  287   2   6  44  101  73  197   43  25  52  18  96   0   278   1   0   0   4
hunter,brandon    orl SF 31  224   37   73   0   0  21   39  25   69    3   4  22   7  42   0    95   0   0   1   0
hunter,lindsey    det PG 76 1144  108  302  23  84  46   58  38  123  130  68  68  13 125   0   285   0   0   0   3
hunter,steven     pho  C 76 1046  135  220   0   1  78  163  98  227   13   4  44 102 131   1   348   0   0   0   3
iguodala,andre    phi SG 82 2686  269  546  47 142 156  210  89  464  246 138 139  48 204   2   741   1   0   0  82
ilgauskas,zydrun  cle  C 78 2615  458  979   2   7 402  503 299  672  100  53 191 165 313   7  1320   9   0   0  78
ilunga-mbenga,di  dal  C 15   58    6   14   0   0   3    4   3    8    0   0   5   5  13   0    15   0   0   0   1
iverson,allen     phi PG 75 3174  771 1818 104 338 656  786  51  299  596 180 344   9 140   1  2302  10   0   0  75
ivey,royal        atl SG 62  809   85  198   3   9  47   67  19   84  103  39  58   7 140   1   220   0   0   0   5
jackson,bobby     sac PG 25  536  109  255  33  96  50   58  23   85   59  14  28   2  58   1   301   0   0   0   0
jackson,jermaine  nyk PG 21  230   17   33   0   2   8   13   3   23   24   7  10   1  26   0    42   0   0   0   0
jackson,jim       pho SG 64 1988  248  582 122 295  54   58  33  269  183  35 115   5 153   1   672   3   0   0  27
jackson,luke      cle SF 10   43   10   27   4   6   5    6   2    6    3   0   2   0   4   0    29   0   0   0   0
jackson,marc      phi  C 81 1976  340  731   0   2 289  349 184  406   81  32 131  18 171   0   969  10   0   0  23
jackson,stephen   ind SG 51 1806  330  819 103 286 190  229  44  250  119  64 123  14 154   4   953   4   0   0  49
jacobsen,casey    nor SG 84 1799  165  408  66 177 151  192  35  167  113  33  71   8 104   0   547   1   0   1   1
james,jerome      sea  C 80 1336  174  342   0   2  47   65  81  241   19  23  88 111 279   5   395  11   3   1  80
james,lebron      cle SF 80 3388  795 1684 108 308 477  636 111  588  577 177 262  52 146   1  2175   4   0   0  80
james,mike        hou PG 74 1859  331  751 100 259 109  145  35  208  263  65 106   6 174   2   871   0   0   0   5
jamison,antawn    was PF 68 2605  519 1189  71 208 225  296 160  519  154  55 118  16 151   1  1334   4   0   0  68
jaric,marko       lac PG 50 1656  189  457  56 151  59   82  20  161  303  84  98  17 107   0   493   0   0   0  41
jefferson,al      bos PF 71 1051  195  369   0   3  85  135 119  312   24  22  66  55 195   4   475   0   0   0   1
jefferson,richar  njn SF 33 1355  238  564  30  89 227  269  49  240  133  33 132  17 109   1   733   2   0   0  33
jeffries,jared    was SF 77 2007  203  434  16  51 101  173 152  374  151  66 114  35 206   1   523   1   0   0  71
jenkins,horace    det PG 15  104   15   45   0   9  12   13   3    9    9   5   7   1   6   0    42   0   0   0   0
johnsen,britton   ind PF  6   87    6   22   0   4   0    0   5   10    4   1   3   0  10   0    12   0   0   0   1
johnson,anthony   ind PG 63 1747  203  456  41 108  85  113  32  179  302  59  96  15 144   0   532   5   0   0  36
johnson,dermarr   den SG 71 1232  185  371  53 148  80  101  43  151   75  43  65  18 140   0   503   0   0   0  40
johnson,ervin     min  C 46  411   28   54   1   1  16   25  43  113    6   7  18  13  86   0    73   3   0   0  23
johnson,joe       pho SG 82 3238  544 1179 177 370 135  180 120  422  291  79 148  24 167   0  1400   1   0   0  82
johnson,linton    san SF  2   15    0    2   0   1   0    0   0    3    0   1   1   0   1   0     0   0   0   0   0
jones,dahntay     mem SG 52  649   83  190  23  60  44   64  11   69   21  13  29  11  81   0   233   1   0   0   7
jones,damon       mia PG 82 2576  331  726 225 521  68   86  14  231  350  44  98   5 121   0   955   9   0   0  66
jones,eddie       mia SG 80 2839  351  820 142 382 174  216  38  405  212  86  99  38 251   4  1018   1   0   0  80
jones,fred        ind SG 77 2268  275  647  87 229 176  207  34  242  196  61 114  31 171   1   813   0   0   1  14
jones,james       ind SF 75 1330  126  318  66 166  53   62  39  174   57  31  43  28 123   1   371   0   0   0  24
jones,jumaine     lal SF 76 1830  210  486 102 261  55   75 107  398   65  44  49  24 165   1   577   2   0   0  23
jones,mark        orl SG 10  116    9   31   0   4   5   10   6   13    6   5   3   2  16   0    23   0   0   0   0
kaman,chris       lac  C 63 1632  246  495   0   1  80  121 135  423   73  26 115  68 182   2   572   1   0   0  50
kapono,jason      cha SF 81 1491  269  671  80 194  70   85  32  164   61  40  46   6 132   1   688   0   0   0  14
kasun,mario       orl  C 45  356   47   98   0   1  24   43  52  128    8   8  26  13  86   1   118   2   0   1   0
khryapa,viktor    por SF 32  523   54  124   4  11  23   42  28  108   25  20  33  18  80   0   135   1   0   0   5
kidd,jason        njn PG 66 2436  340  855 129 358 142  192  94  488  545 123 167   9 110   0   951   2   0   0  65
kirilenko,andrei  uta PF 41 1349  207  420  23  77 203  259  89  255  132  67  90 136 101   1   640   0   0   0  37
kittles,kerry     lac SG 11  243   28   73   7  21   6   10   1   32   20   8   7   3  12   0    69   0   0   0   0
knight,brandin    hou PG  1    3    0    1   0   0   0    0   0    0    1   0   0   0   0   0     0   0   0   0   0
knight,brevin     cha PG 66 1944  248  587   3  20 167  196  21  170  591 131 147   5 192   1   666   9   2   0  61
korver,kyle       phi SF 82 2666  317  759 226 558  82   96  40  379  182 103 106  33 265   2   942   0   0   0  57
krstic,nenad      njn PF 75 1964  281  570   0   2 185  255 161  401   77  32 112  63 280   7   747   2   0   0  57
kukoc,toni        mil SF 53 1099  105  256  42 116  44   61  31  160  160  39  64  13  70   0   296   1   0   0   6
kutluay,ibo       sea SG  5   12    0    1   0   0   0    0   0    1    0   0   2   0   1   0     0   0   0   0   0
laettner,christi  mia PF 49  739  107  184   1   7  45   59  36  131   41  32  29  15  78   0   260   0   0   0   0
lafrentz,raef     bos  C 80 2195  341  688  82 225 120  148 154  553   98  42  70  99 262   2   884   4   1   1  80
lampe,maciej      nor PF 37  380   49  132   2   4  15   22  24   89   11   5  17   7  51   0   115   0   0   0   0
lenard,voshon     den SG  3   54   10   26   4  12   5    8   0    6    6   1   2   0   2   0    29   0   0   0   1
lewis,rashard     sea SF 71 2697  532 1151 173 432 220  283 110  388   94  75 123  62 158   1  1457   3   0   0  71
livingston,randy  uta PG 17  227   22   52   5   8  15   17   3   12   45  12  14   2  28   0    64   0   0   0   4
livingston,shaun  lac PG 30  814   89  215   0   2  44   59  22   89  151  32  75  11  82   1   222   0   0   0  15
lopez,raul        uta PG 31  518   57  135  20  45  27   33   7   39  123  22  47   3  78   0   161   1   0   0  15
lue,tyronn        atl PG 70 2007  295  654  55 155 142  165  14  149  322  33 105   0 168   2   787   1   1   1  49
lynch,george      nor SF 44  933   68  189  11  37  17   23  55  174   88  32  57  12  83   0   164   0   0   0  27
madsen,mark       min PF 41  602   34   66   0   0  20   40  63  128   18   7  24  14 103   1    88   1   0   0  14
maggette,corey    lac SG 66 2436  425  986  51 168 563  657  70  394  225  70 195   8 191   1  1464   3   0   1  60
magloire,jamaal   nor  C 23  703   98  227   0   0  74  123  79  205   29   8  59  23  74   0   270   5   0   0  22
marbury,stephon   nyk PG 82 3281  604 1308 115 325 458  549  50  248  668 122 233   6 186   1  1781   8   0   0  82
marion,shawn      pho PF 81 3146  613 1289 114 341 229  275 235  915  154 163 125 119 199   0  1569   0   0   0  81
marks,sean        san  C 23  244   27   80   0   3  22   28  18   56    8   3  14  11  29   0    76   0   0   0   0
marshall,donyell  tor PF 65 1645  262  592 151 363  72   91  95  428   81  57  42  46 136   0   747   1   0   0   2
martin,darrick    lac PG 11  190   16   50   5  18   5    8   3   10   28   6   6   0  19   0    42   0   0   0   0
martin,kenyon     den PF 70 2272  444  907   0  12 199  308 146  511  170 100 149  78 228   4  1087  16   4   1  67
martin,kevin      sac SG 45  454   45  117   5  25  36   55  29   58   22  16  24   3  35   0   131   0   0   0   0
mason,desmond     mil SG 80 2893  478 1079   1   8 420  524  85  312  217  58 164  27 198   1  1377   9   2   0  71
massenburg,tony   san  C 61  699   74  182   0   0  48   63  54  163   14  18  40  20 122   1   196   3   1   0   6
mccarty,walter    pho SF 72  906   95  235  55 155  15   29  29  138   37  25  36  15 144   1   260   2   0   1   0
mccoy,jelani      atl PF 10   88    7   13   0   0   1    5   7   21    0   3   6   8  24   0    15   0   0   0   0
mcdyess,antonio   det PF 77 1797  307  598   0   1 126  192 177  482   71  46  93  52 204   3   740   7   2   0   8
mcgrady,tracy     hou SG 78 3182  715 1660 142 435 431  557  71  484  448 135 201  52 167   0  2003   5   0   0  78
mcinnis,jeff      cle PG 76 2651  377  915  91 264 130  160  32  157  391  56 117   1 177   1   975   8   0   0  69
mckie,aaron       phi SG 68 1118   61  142  20  62  10   16  20  172  103  48  31  17 116   2   152   0   0   0   3
mcleod,keith      uta PG 53 1382  143  408  18  72 112  146  20  113  236  63  99  12 138   0   416   3   1   0  47
medvedenko,stan   lal PF 43  423   71  156   0   1  23   28  31   79   13   9  13   2  64   0   165   0   0   0   4
mercer,ron        njn SG 18  390   65  158   0   3   7   10   9   40   20  16  14   2  20   0   137   0   0   1   3
mihm,chris        lal  C 75 1870  280  552   0   2 175  258 197  502   50  14 110 108 237   1   735   3   0   1  75
miles,darius      por SF 63 1699  336  697   8  23 129  215  71  299  129  75 157  78 189   0   809   6   0   1  22
milicic,darko     det  C 37  255   25   76   0   0  17   24   3   43    7   2  16  17  31   0    67   0   0   0   2
miller,andre      den PG 82 2852  427  895   6  39 253  302 100  338  569 121 220   8 204   1  1113   9   1   1  82
miller,anthony    atl PF  2    9    2    3   0   0   0    0   0    1    1   1   1   0   2   0     4   0   0   0   0
miller,brad       sac  C 56 2091  319  609   5  19 233  287 139  521  220  69  82  68 181   4   876  11   1   0  56
miller,mike       mem SG 76 2278  387  766 140 323 108  150  36  300  220  54 127  23 197   2  1022   1   0   0  51
miller,reggie     ind SG 66 2105  314  719  96 298 250  268  18  156  146  50  77   5 109   0   974   7   0   0  66
ming,yao          hou  C 80 2447  538  975   0   0 389  497 208  669   61  34 196 160 298   8  1465   1   0   0  80
mobley,cuttino    sac SG 66 2388  408  932 150 342 168  205  45  229  188  74 133  30 152   1  1134   7   0   0  64
mohammed,nazr     san  C 77 1933  289  602   0   1 153  227 247  586   34  58 108  86 236   3   731   7   0   1  59
moiso,jerome      cle PF 20  120    9   18   0   1  10   13  10   37    1   3   7   6  13   0    28   0   0   0   1
moore,mikki       lac  C 74 1178  144  287   1   5 107  136  97  246   47  19  63  32 173   1   396   3   0   0   4
mourning,alonzo   mia  C 37  702  100  212   0   0  82  141  53  198   18   8  57  74  82   1   282  11   2   0  17
murphy,troy       gsw PF 70 2375  392  947  59 148 233  319 251  756   97  53 108  33 190   2  1076   6   0   1  69
murray,lamond     tor SF 62  919  132  310  46 105  61   80  44  164   47  32  54  16  85   0   371   1   0   0   1
murray,ronald     sea SG 49  883  131  363  24  95  59   80  15   98   65  30  57  11  59   0   345   0   0   0   6
mutombo,dikembe   hou  C 80 1212  108  217   0   0 106  143 150  426   10  16  51 101 135   1   322   4   0   0   2
n'diaye,mamadou   lac  C 11   72    8   20   0   1   4    7   9   18    1   1   0   5  20   0    20   0   0   0   0
nachbar,bostjan   nor SG 71 1341  161  410  75 196  97  117  24  182   74  29  73  16 183   1   494   2   0   0   6
nailon,lee        nor SF 68 2017  415  869   0   2 133  165 128  298  109  36 110  16 190   1   963   7   1   0  51
najera,eduardo    den SF 68 1185  145  322   6  21  58   91 102  243   65  41  61  24 148   0   354   2   0   0   4
nash,steve        pho PG 75 2572  430  857  94 218 211  238  57  249  861  74 245   6 136   0  1165   1   1   0  75
nelson,jameer     orl PG 79 1612  286  628  44 141  73  107  52  193  237  78 117   3 199   4   689   1   0   0  21
nesterovic,rasho  san  C 70 1785  198  430   0   0  14   30 184  459   71  31  73 117 207   1   410   1   0   0  70
newble,ira        cle PF 74 1833  182  424  19  53  55   69  78  220   91  50  61  18 144   1   438   6   0   0  68
nocioni,andres    chi SF 81 1895  241  601  25  97 170  222  69  386  122  37 135  34 208   3   677   2   1   2  38
norris,moochie    hou PG 38  360   35  109   0  12  20   24  10   46   39  18  27   2  44   0    90   0   0   0   0
nowitzki,dirk     dal PF 78 3020  663 1445  91 228 615  708  96  757  240  97 176 119 219   1  2032  14   0   1  78
o'neal,jermaine   ind PF 44 1530  386  854   1   6 295  391  85  388   82  25 131  88 173   4  1068  11   0   1  41
o'neal,shaquille  mia  C 73 2492  658 1095   0   0 353  765 253  760  200  36 203 171 262   4  1669   9   0   0  73
odom,lamar        lal PF 64 2320  366  774  36 117 207  298 134  653  238  42 161  65 211   3   975   8   2   0  64
okafor,emeka      cha PF 73 2600  448 1003   0   1 209  343 275  795   64  62 125 125 214   0  1105   1   0   0  73
okur,mehmet       uta  C 82 2304  354  756  17  63 329  387 194  616  166  32 141  68 227   2  1054   7   1   2  25
ollie,kevin       phi PG 26  158   11   31   0   0   6    9   3   19   19   5   6   0  16   0    28   0   0   0   0
olowokandi,micha  min  C 62 1215  161  353   0   0  46   69 106  324   29  15  68  56 193   3   368   5   1   0  34
ostertag,greg     sac  C 56  556   37   84   0   2  13   38  55  167   37   7  24  40  88   1    87   1   0   0   3
outlaw,bo         pho SF 39  214   12   34   0   0   5    9  16   53   13   6   8  12  29   0    29   0   0   0   0
outlaw,travis     por SF 59  793  133  267   4  10  49   75  40  121   35  30  39  40  77   0   319   0   0   0   2
pachulia,zaza     mil  C 74 1397  160  354   0   1 138  185 131  378   60  44  70  34 166   0   458   6   1   1   4
padgett,scott     hou PF 66  942   98  233  50 126  29   40  47  185   55  33  30  10 119   0   275   0   0   0   0
palacio,milt      tor PG 80 1535  175  392   2  12 115  155  26  134  279  48 104  13 126   0   467   0   0   0   4
pargo,jannero     chi PG 32  453   82  213  23  66  17   23  12   47   76  16  45   1  53   0   204   0   0   0   0
parker,smush      pho PG 16  144   18   43   3  13   9   13   4   12   15   5  19   0  16   0    48   0   0   0   1
parker,tony       san PG 80 2736  539 1118  43 156 210  323  47  298  491  98 215   4 167   0  1331   0   0   0  80
patterson,ruben   por SF 70 1958  319  601   2  25 169  282 126  273  138 106 143  21 164   0   809  11   2   0  36
pavlovic,aleksan  cle SF 65  862  120  276  30  78  44   64  15   71   49  29  47   4 121   0   314   1   0   0   9
payton,gary       bos PG 77 2540  339  725  42 129 153  201  48  236  469  88 148  12 121   0   873  14   0   0  77
peeler,anthony    was SG 40  529   56  150  25  65  16   18  14   65   57  18  28   2  39   0   153   0   0   0   0
penney,kirk       lac SG  4   12    1    3   0   1   0    0   0    1    1   0   2   0   0   0     2   0   0   0   0
perkins,kendrick  bos PF 60  548   56  119   0   0  37   58  53  176   21   9  43  37  98   1   149   4   2   2   3
person,wesley     den SG 41  667  107  226  41  89   9   13   3   83   39  19  17   4  30   0   264   0   0   0   3
peterson,morris   tor SG 82 2509  356  848 129 335 188  226  71  340  169  91  93  18 219   2  1029   4   1   0  61
piatkowski,eric   chi SG 68  837  111  258  57 134  45   56  15   79   51  29  37   1  67   0   324   0   0   0  11
pierce,paul       bos SF 82 2959  556 1223 108 292 549  668  78  539  348 133 230  39 255   1  1769  11   1   0  82
pietrus,mickael   gsw SG 67 1340  214  501  67 195 141  202  65  189   82  46  92  18 139   2   636   0   0   0   3
planinic,zoran    njn PG 43  515   78  174  15  40  46   66  19   69   44  25  41   0  76   2   217   0   0   0   8
podkolzin,pavel   dal  C  5   10    0    0   0   0   1    2   0    2    0   0   2   0   4   0     1   0   0   0   0
pollard,scot      ind  C 49  865   79  167   0   0  33   49  85  205   18  30  31  24 123   1   191   1   0   0  17
pope,mark         den PF  9   27    2    6   0   0   0    0   5    8    1   1   1   2   5   0     4   0   0   0   0
posey,james       mem SF 50 1382  127  356  55 178  96  111  45  219   88  48  69  23 134   0   405   1   1   0  18
potapenko,vitaly  sea  C 33  335   45   87   0   1  27   31  30   78    9   7  12   3  53   0   117   0   0   0   1
prince,tayshaun   det SF 82 3039  469  963  47 138 221  274 133  435  247  56 135  71 161   1  1206   2   0   0  82
profit,laron      was SG 42  428   56  128   8  28  16   25  24   76   37  16  27   5  44   0   136   0   0   0   4
przybilla,joel    por  C 76 1858  199  333   0   0  90  174 178  588   74  24  98 163 239   1   488  16   2   0  50
radmanovic,vlad   sea PF 63 1851  266  650 128 329  81  103  52  288   86  57  80  31 172   2   741   2   0   0   0
radojevic,aleksa  uta  C 12  128    6   19   0   0   7   10   9   28    6   0  15   2  32   1    19   1   0   0   6
ramos,peter_john  was  C  6   20    5   10   0   0   1    2   1    4    0   0   3   1   4   0    11   0   0   0   0
randolph,zach     por PF 46 1603  332  741   0   6 207  254 142  442   86  34 112  17 112   3   871   3   0   0  37
ratliff,theo      por  C 63 1731  115  257   0   0  74  107 111  331   34  23  56 158 183   4   304   0   0   0  45
rebraca,zeljko    lac  C 58  928  133  234   0   0  73   85  49  184   26  13  49  40 130   3   339   0   0   0   2
redd,michael      mil SG 75 2848  625 1418 104 293 369  432  72  312  172  63 133   8 152   0  1723   0   0   0  75
reed,justin       bos SF 23  121   15   29   0   3  11   15   8   16   10   3   5   1  12   0    41   1   0   0   0
reiner,jared      chi  C 19  132   10   30   0   0   1    4  13   38    1   3   9   7  35   0    21   0   0   0   2
richardson,jason  gsw SG 72 2724  610 1368 125 370 214  309 125  424  281 105 169  32 156   0  1559   3   0   0  72
richardson,quent  pho SG 79 2840  407 1045 226 631 136  184  91  479  158  96 102  27 197   4  1176   5   0   0  78
ridnour,luke      sea PG 82 2571  299  739  67 178 159  180  55  204  483  94 149  23 185   0   824   0   0   0  82
robinson,bernard  cha SG 31  328   36   81   3   8  18   26  14   48   30  11  20   4  42   1    93   1   0   0   1
robinson,cliffor  njn PF 71 1688  202  523  67 193  62   97  54  209  104  62  66  53 181   3   533   5   2   0  29
robinson,glenn    san SF  9  157   34   77   2   6  20   23   4   24    8   4   7   3  19   0    90   0   0   0   0
rogers,rodney     phi SF 58 1367  172  450  48 168  52   70  61  246   86  41  86  20 172   1   444   1   0   0  33
rose,jalen        tor SG 81 2710  527 1159 108 274 333  390  44  276  209  63 180  10 190   0  1495   7   1   1  65
rose,malik        nyk PF 76 1475  198  441   1  10 137  186 129  341   59  46 102  16 208   2   534   1   0   0   5
ross,quinton      lac SG 78 1659  161  373   1   4  74  110  59  210  109  51  54  22 165   0   397   0   0   0  19
ruffin,michael    was PF 79 1262   41   99   0   1  29   67 157  332   64  43  44  41 193   4   111   0   0   0   7
rush,kareem       cha SG 48  969  157  406  51 137  37   48  20   89   68  20  47   7  74   0   402   0   0   0  22
russell,bryon     den SF 70 1026   95  252  56 149  61   77  50  172   72  44  35  11 130   0   307   1   0   0   2
salmons,john      phi SG 58  991   85  210  31  91  35   48  12  121  114  40  51  13  92   1   236   0   0   0   8
sampson,jamal     cha PF 23  329   28   62   0   0  23   39  36  122    8   4  17  17  53   0    79   2   0   0   0
santiago,daniel   mil  C 11  105    7   21   0   0   8   11   6   19    1   3   4   4  28   1    22   0   0   0   0
scalabrine,brian  njn PF 54 1167  132  332  22  68  53   69  83  244   88  34  66  18 111   3   339   3   0   0  14
sesay,ansu        gsw SF 16  128   17   42   2   8  13   24  18   38   12   2   8   3  16   0    49   0   0   0   0
seung-jin,ha      por  C 19  104   10   23   0   0   6   11   6   18    2   1  12   5  21   0    26   0   0   0   0
shirley,paul      pho SF  9   30    5   11   0   0   2    4   1    2    3   0   1   0   3   0    12   0   0   0   0
simmons,bobby     lac SF 75 2799  474 1017  50 115 231  273 128  446  205 106 135  16 227   4  1229   3   0   1  74
skinner,brian     sac PF 49  941  104  205   0   1  25   70 107  280   43  31  40  49 102   0   233   1   0   0  23
slay,tamar        cha SF  8   78   13   39   2  12   0    2   6   14    3   5   8   0  20   0    28   0   0   0   0
smith,donta       atl SG 38  433   44  113   6  22  33   48  19   52   39  23  25   5  50   0   127   0   0   0   0
smith,j.r.        nor SG 76 1859  295  748  81 281 111  161  39  152  142  55 109  11 135   0   782   3   0   0  56
smith,jabari      njn  C 45  648   62  148   1   2  41   55  29  111   38  25  39  14 103   0   166   0   0   0   2
smith,joe         mil PF 74 2265  319  621   0   1 175  228 179  541   67  43  79  38 222   5   813   0   0   1  73
smith,josh        atl SG 74 2050  274  602   4  23 163  237 147  457  127  59 135 144 157   1   715   0   0   0  59
smith,steve       mia SG 50  750  102  248  41 105  69   80  15   65   71  14  27   7  82   2   314   0   0   0   1
smith,theron      cha SF 33  510   44  136   3  12  14   16  39  116   28   6  27   4  58   0   105   0   0   0   5
snow,eric         cle PG 81 1844  125  327  13  45  59   80  37  155  317  67  89  16 189   0   322   2   0   0  15
snyder,kirk       uta SG 68  906  122  328  30  85  64   96  50  121   36  26  58  19 116   0   338   1   0   1   7
songaila,darius   sac PF 81 1667  257  488   0   3  94  111 125  344  114  51  70  18 206   2   608   0   0   0  21
sow,pape          tor PF 27  255   23   58   0   0  16   27  18   57    2  12  10   4  46   0    62   0   0   0   4
sprewell,latrell  min SG 80 2450  398  961  69 211 156  188  65  254  179  53 127  21 124   0  1021   3   0   0  79
stackhouse,jerry  dal SG 56 1617  274  662  32 120 253  298  38  183  127  53 106  10 104   0   833   7   1   0   7
stevenson,deshaw  orl SG 55 1089  174  426  25  67  56  101  38  102   69  16  57   9  73   0   429   2   0   0  27
stewart,michael   atl PF 12  145   11   21   0   0   3    7  21   40    5   6   6   5  32   1    25   0   0   0   1
stojakovic,peja   sac SF 66 2534  451 1016 174 433 253  275  62  285  138  79 102  12 157   0  1329   3   0   0  66
storey,awvee      njn SG  9   32    3   10   1   2   1    2   4    5    1   0   0   0   3   0     8   0   0   0   0
stoudamire,damon  por PG 81 2762  457 1165 181 490 182  199  56  310  458  86 164   2 158   0  1277   2   0   0  70
stoudemire,amare  pho PF 80 2888  747 1336   3  16 583  795 219  713  131  77 189 130 278   5  2080  14   1   0  80
strickland,erick  mil PG 62 1014  114  304  21  83  52   64  11  103  115  30  64   1 101   1   301   1   0   0   5
strickland,rod    hou PG 16  196    9   43   1   2   9   10   3   27   39   3  16   2  15   0    28   1   0   0   2
sundov,bruno      nyk  C 21   73   11   37   1   3   2    2   6   13    2   2   6   2  16   0    25   0   0   0   0
sura,bob          hou PG 61 1922  215  504  55 155 141  188  79  337  317  65 147   7 168   2   626  10   1   0  59
sweetney,mike     nyk PF 77 1509  237  446   0   1 176  235 169  418   44  27 108  28 224   5   650   1   0   1  28
swift,robert      sea  C 16   72    5   11   0   0   5    9   1    5    2   1   4   7  16   0    15   0   0   0   0
swift,stromile    mem PF 60 1279  219  488   0   4 166  219  92  273   43  41  90  92 182   0   604   1   0   0  14
szczerbiak,wally  min SF 81 2558  465  919  63 169 260  304  82  303  191  40 132  16 178   0  1253   3   0   0  37
tabuse,yuta       pho PG  4   17    1    6   1   1   4    4   2    4    3   0   1   0   1   0     7   0   0   0   0
taylor,maurice    nyk PF 65 1336  203  446   3   9  63  103  67  257   67  27  94  20 180   3   472   3   1   1  16
telfair,sebastia  por PG 68 1331  169  430  17  69 105  133  10  104  224  35 125   4 120   0   460   0   0   0  26
terry,jason       dal PG 80 2401  372  743 103 245 146  173  38  188  429 109 147  15 177   0   993   0   0   0  57
thomas,billy      njn SG 25  356   34   94  17  56   7    9   7   36   17  14   9   1  29   0    92   0   0   0   0
thomas,etan       was PF 47  976  128  255   0   0  76  144  85  244   20  17  50  51 133   2   332   2   0   1  10
thomas,james      atl SF 11  117   12   20   0   0   2    6  17   37    4   4   7   4  13   0    26   0   0   0   2
thomas,john       min PF 44  521   42   86   0   0  27   46  39   97   17  15  18  13  82   1   111   1   0   1   8
thomas,kenny      sac PF 73 2167  367  781   1   5 173  227 184  535  152  67 131  17 227   3   908   3   0   2  58
thomas,kurt       nyk PF 80 2855  424  901   2   4  66   84 170  831  160  70  99  79 310   6   916   3   0   1  80
thomas,tim        nyk SF 71 1940  315  718  85 208 136  173  45  237  110  41 113  17 222   3   851   5   0   0  68
tinsley,jamaal    ind PG 40 1301  218  522  58 156 122  164  26  160  257  81 134  12 112   3   616   7   1   0  40
traylor,robert    cle PF 74 1326  177  399   0   8  55  102 136  332   61  54  73  50 215   2   409   7   1   0   6
tsakalidis,jake   mem  C 31  278   32   64   0   0  14   18  21   56   10   3  12  16  42   0    78   1   0   0   1
tskitishvili,nik  gsw SF 35  220   22   74   2  17   4    7  12   41   10   8  19  11  33   0    50   0   0   0   0
turkoglu,hedo     orl SF 67 1752  328  782  93 245 188  225  62  233  153  41 119  18 140   0   937   6   0   1  11
udrih,beno        san PG 80 1149  173  390  58 142  67   89  16   83  150  41  77  10  96   0   471   0   0   0   2
vanexel,nick      por PG 53 1620  214  561 100 257  58   74  20  161  227  44  92   0  70   0   586   5   1   0  34
vanhorn,keith     dal SF 62 1502  257  564  54 142 128  157  89  294   75  36  81  21 170   2   696   1   0   0  16
varejao,anderson  cle SF 54  863   99  193   0   2  68  127 109  257   27  41  26  38 122   0   266   3   0   0   0
vaughn,jacque     njn PG 71 1410  146  325   5  15  76   91  17  107  135  41  62   1 138   1   373   1   0   0  34
voskuhl,jake      pho  C 38  360   27   59   0   0  26   38  30   92   17   4  20  11  60   0    80   1   0   0   1
vroman,jackson    nor PF 46  705   82  199   0   3  48   75  64  175   40  25  64  19 105   3   212   1   0   0  18
vujacic,sasha     lal SG 35  403   33  117  17  63  18   19  13   62   51  12  15   2  41   1   101   0   0   0   3
wade,dwyane       mia SG 77 2974  630 1318  13  45 581  762 110  397  520 121 321  82 230   4  1854   7   0   0  77
wagner,dajuan     cle SG 11  102   18   55   5  26   3    4   0    2   13   5   9   0  15   0    44   0   0   0   0
walker,antoine    bos PF 77 2955  581 1377 110 341 201  373 182  695  265  89 253  58 217   0  1473  15   0   0  77
walker,samaki     was PF 14  134   11   31   0   0   2    3   8   18    4   3   8   7  25   2    24   0   0   0   0
wallace,ben       det  C 74 2671  295  651   1   9 130  304 292  902  123 106  82 176 159   0   721   6   0   0  74
wallace,gerald    cha SG 70 2147  286  637  17  62 191  289 118  386  137 117 159  91 182   2   780   7   2   1  68
wallace,rasheed   det PF 79 2687  467 1062  75 236 136  195 174  644  142  65 127 115 236   1  1145  27   1   0  79
walton,luke       lal SF 61  768   74  180  16  61  34   48  55  142   93  26  58  11  70   0   198   0   0   0   5
wang,zhizhi       mia  C 20   92   17   36   2   3   7   12   6   18    5   3   5   2   9   0    43   0   0   0   0
ward,charlie      hou PG 14  360   24   77  16  51  11   13   6   39   43  15  18   0  22   0    75   0   0   0  13
watson,earl       mem PG 80 1808  236  554  52 163  91  138  35  164  359  83 167  19 184   0   615   0   0   0  14
weatherspoon,cla  hou SF 40  525   47  114   0   0  29   35  35  122   17   9  15   6  74   1   123   1   0   0  18
webber,chris      phi PF 67 2370  555 1283  15  44 181  228 130  612  318  94 182  53 214   6  1306   7   0   0  67
wells,bonzi       mem SG 69 1489  272  617  36 104 141  188  49  229   80  85  90  27 165   0   721   9   1   1  19
welsch,jiri       cle SF 71 1318  149  371  34 110 129  169  26  167  103  44  73   5 121   1   461   0   0   0  32
wesley,david      hou SG 80 2774  334  840 118 315 162  189  38  228  265  96 113   9 215   2   948   2   0   0  79
west,david        nor PF 30  552   75  172   2   5  34   50  40  129   23  12  37  16  62   0   186   2   0   0   8
west,delonte      bos PG 39  507   66  155  24  67  19   27  14   65   53  21  24   8  69   0   175   1   0   0   7
white,jahidi      cha  C 17  135   14   31   0   0  14   40  11   34    1   2  11  12  31   1    42   1   0   0   0
white,rodney      gsw SF 58  677  121  289  24  60  27   44  24   89   44  32  37  11  64   0   293   0   0   0   2
wilcox,chris      lac PF 54 1005  169  329   0   0  88  144  63  228   38  26  77  24 129   2   426   4   0   0  25
wilkins,damien    sea SF 29  520   73  168  16  59  21   34  29   66   26  22  16  10  55   0   183   1   0   0   7
wilks,mike        san PG 48  277   32   77   5  16  12   16   4   25   33  14  14   1  26   0    81   0   0   0   0
williams,aaron    tor PF 42  315   29   63   0   0  15   17  17   60    8   5  17   8  70   0    73   0   0   0   4
williams,eric     tor SF 55 1322  142  330  28  73 112  161  44  172   92  38  60   4 147   2   424   0   0   1  39
williams,frank    chi PG  9   71    3   20   0   4   0    0   2    6   11   2   3   3   9   0     6   0   0   0   0
williams,jason    mem PG 71 1952  266  644 107 330  80  101  19  122  399  75 130   5  91   0   719   4   0   0  68
williams,jerome   nyk PF 79 1211  122  243   0   5 115  172 115  283   41  55  65  10 155   0   359   3   0   0   4
williams,maurice  mil PG 80 2254  323  737  32  99 136  160  50  244  484  74 196  11 221   3   814   4   0   0  80
williams,scott    cle PF 19  152   12   41   0   1   9   11  15   30    8   4   5   6  30   0    33   0   0   0   0
williamson,corli  sac SF 72 1527  273  584   0   2 195  244 104  259   78  38  86  15 218   3   741   7   1   1   9
willis,kevin      atl  C 29  344   35   90   0   2  17   23  29   76    9   8  15   7  53   0    87   1   0   0   5
woods,loren       tor  C 45  712   71  164   0   1  34   59  81  220   17   8  37  39  78   0   176   3   0   0  30
woods,qyntel      mia SG  3   40    5   12   0   0   0    0   2    6    0   4   2   0   6   0    10   0   0   0   0
wright,dorell     mia SG  3   27    3   11   0   4   1    1   0    1    3   4   3   0   2   0     7   0   0   0   0
wright,lorenzen   mem  C 80 2287  320  683   0   3 131  198 177  613   87  58 100  69 251   1   771   4   0   0  77
