Player           Team PS GP  Min  FGM  FGA  3M  3A FTM  FTA  OR   TR   AS  ST  TO  BK  PF  DQ   PTS  TC  EJ  FF Sta
abdur-rahim,shar  sac PF 72 1956  332  632   5  22 218  278 106  357  149  48 108  42 227   1   887   9   0   0  31
acker,alex        det PG  5   35    4   16   1   5   0    0   1    5    4   1   4   0   4   0     9   0   0   0   0
allen,malik       chi PF 54  700  121  247   1   1  23   38  44  140   20  14  34  16  92   0   266   0   0   0  20
allen,ray         sea SG 78 3023  681 1500 269 653 324  359  71  332  286 105 188  16 151   2  1955   1   0   0  78
allen,tony        bos PG 51  981  129  274  11  34 100  134  32  111   67  51  67  18 126   0   369   0   0   0   9
alston,rafer      hou PG 63 2431  280  738 102 312  99  143  36  255  425 101 157  15 194   3   761   4   0   0  63
andersen,chris    nor  C 32  568   56   98   0   0  49  103  61  155    6   8  26  41  84   0   161   1   0   0   2
anderson,alan     cha SG 36  563   75  181  24  58  33   41  23   70   32  11  32   4  48   0   207   0   0   0   7
anderson,derek    mia SG 43 1048  108  303  40 134  93  111  21  143  101  23  54   6  98   1   349   0   0   0  11
anderson,shandon  mia SG 48  640   54  126   5  19  13   18  18   81   30  17  24   6  75   1   126   0   0   0   1
andriuskevicius   cle  C  6   10    0    1   0   0   0    0   1    4    0   2   0   0   1   0     0   0   0   0   0
anthony,carmelo   den SF 80 2939  756 1572  37 152 573  710 122  394  216  88 218  42 229   3  2122  10   0   0  80
araujo,rafael     tor  C 52  603   53  145   0   1  15   28  43  144   15  24  41   6 104   0   121   2   0   0  34
arenas,gilbert    was PG 80 3381  746 1668 199 540 655  799  59  280  484 161 297  25 286   4  2346   3   0   0  80
ariza,trevor      orl SF 57 1002   93  226   1   5  77  127  78  218   61  57  62  11 100   1   264   2   0   0  10
armstrong,darrel  dal PG 62  623   43  128  11  48  33   42  18   81   86  27  58   3  71   0   130   0   0   0   2
arroyo,carlos     orl PG 77 1195  168  378   7  20 106  137  33  130  232  38  83   4 119   1   449   2   0   0   0
artest,ron        sac SF 56 2208  350  867  78 253 206  305  75  286  203 122 131  41 164   1   984   2   0   0  56
atkins,chucky     mem PG 71 1712  226  573  97 274 129  163  23  120  198  43  87   2 152   4   678   1   0   0  41
augmon,stacey     orl SG 36  390   25   73   0   0  21   30  18   53   23  12  11   6  40   0    71   2   0   0   3
baker,vin         lac PF  8   84    7   15   0   0  13   18   2   19    4   4   9   4  13   1    27   0   0   0   1
banks,marcus      min PG 58 1495  219  468  22  63 118  147  23  135  220  54 119  11 162   0   578   0   0   0  29
barbosa,leandro   pho PG 57 1590  273  567  87 196 111  147  31  150  158  48  89   6 146   3   744   0   0   0  11
barnes,matt       phi PF 56  633   70  140   3  15  32   47  48  121   28  20  30   7 100   2   175   2   0   0   5
barrett,andre     tor PG 19  280   38  104   2  14   9   12   9   25   52  10  16   0  13   0    87   0   0   0   0
barron,earl       mia  C  8   46    5   16   0   0   3    4   2   10    0   0   5   0  10   0    13   0   0   0   0
barry,brent       san SG 74 1257  156  345  80 202  39   59  29  159  123  39  52  27  99   1   431   0   0   0   5
barry,jon         hou SG 20  340   25   65  12  32  24   29   1   31   26  13  22   1  25   0    86   0   0   0   0
basden,eddie      chi SG 19  141   15   37   1   7   8   10   7   28    8   9   9   2  17   0    39   0   0   0   0
bass,brandon      nor SF 29  267   28   70   0   0  12   19  18   68    3   3  11   7  18   0    68   0   0   0   1
batista,esteban   atl  C 56  496   34   80   0   1  33   53  61  144    7  15  38  11 110   2   101   1   0   0   3
battie,tony       orl  C 82 2215  280  552   0   6  89  134 145  457   49  46  88  69 250   4   649   1   0   0  82
battier,shane     mem SF 81 2843  303  621  65 165 147  208 164  429  136  92  90 114 223   3   818   0   0   0  81
baxter,lonny      cha PF 41  401   45  104   0   0  28   35  45  117    4  11  20   8  56   1   118   0   0   0   0
bell,charlie      mil PG 59 1282  180  410  71 168  63   89  21  120  130  59  41   5 126   1   494   0   0   0   6
bell,raja         pho SG 79 2957  425  930 197 446 115  146  44  253  207  76  89  22 248   5  1162   7   0   0  79
bender,jonathan   ind SF  2   21    4    5   0   0   2    2   0    4    2   0   0   1   2   0    10   0   0   0   0
bibby,mike        sac PG 82 3167  597 1382 192 497 342  403  29  240  444  82 199  10 169   0  1728   5   0   0  82
biedrins,andris   gsw  C 68  991  118  185   0   0  22   72 124  283   24  23  35  46 190   2   258   0   0   0   2
billups,chauncey  det PG 81 2926  423 1012 184 425 465  520  41  252  699  71 170   8 160   2  1495   6   0   0  81
blake,steve       por PG 68 1783  206  470  76 184  72   91  26  146  306  42  83   5 107   0   560   0   0   0  57
blatche,andray    was PF 29  178   26   67   3  13  10   12  12   38   10   5  12   7  36   0    65   0   0   0   0
blount,mark       min  C 81 2242  373  734   0   0 168  222  96  365   99  40 194  76 254   6   914   1   0   0  55
bogans,keith      hou SG 72 1896  215  544  65 200 127  186  55  255  128  71  90   9 167   1   622   2   0   0  31
bogut,andrew      mil  C 82 2347  323  606   0   3 122  194 189  573  192  49 125  68 259   3   768   6   0   0  77
bonner,matt       tor PF 78 1712  209  467 102 243  63   76  86  284   56  49  32  31 216   2   583   0   0   0   6
booth,calvin      was  C 33  253   20   47   1   2   5    9  19   52   12   9   8   9  44   0    46   0   0   0   2
boozer,carlos     uta PF 33 1026  219  399   0   0  99  137  73  285   88  30  69   8 105   2   537   0   0   0  19
bosh,chris        tor PF 70 2752  549 1087   0  13 474  581 204  647  181  50 157  79 209   3  1572   2   0   0  70
bowen,bruce       san SF 82 2751  232  536 104 245  51   84  35  320  126  79  67  30 191   0   619   5   0   0  82
bowen,ryan        hou SF 68  661   37  124   3  22  11   14  31   88   24  21  13   6  85   0    88   0   0   0  19
boykins,earl      den PG 60 1545  271  661  62 179 152  174  21   81  230  48  83   4  73   0   756   0   0   0   0
bradley,michael   phi PF 46  369   32   79   1   5   2    3  40  107   17   5  19   7  39   0    67   0   0   0   1
brand,elton       lac PF 79 3099  756 1435   1   3 440  568 236  790  208  81 173 201 227   0  1953   0   0   0  79
brezec,primoz     cha  C 79 2169  409  791   0   2 164  224 181  440   45  19  85  32 227   2   982   2   0   0  79
brown,devin       uta SG 81 1710  207  527  39 118 158  212  73  207  104  44  99  14 153   0   611   1   0   0  14
brown,kwame       lal  C 72 1979  204  388   0   1 128  235 182  473   72  27 100  46 196   3   536   1   0   0  49
brown,p.j.        nor PF 75 2382  269  583   0   0 139  168 182  547   90  46  90  50 216   2   677   1   0   0  73
brunson,rick      hou PG 27  249   21   54   5  13   7   12   1   22   35   8  22   1  22   0    54   1   0   0   0
bryant,kobe       lal SG 80 3274  978 2173 180 518 696  819  71  425  360 147 250  30 233   1  2832  14   0   0  80
buckner,greg      den SG 73 1754  181  417  86 243  43   55  31  209  127  87  52  20 180   0   491   2   0   0  27
burke,pat         pho  C 42  347   63  127   2   7  13   21  21   73   16   6  33  13  62   2   141   0   0   0   0
burks,antonio     mem PG 57  573   51  144   1   6  10   23   4   37   76  20  36   0  45   0   113   0   0   0   1
burleson,kevin    cha PG 39  342   22   88  10  54  16   17   4   26   48  26  25   2  63   2    70   0   0   0   1
butler,caron      was SF 75 2706  494 1086  41 120 289  332 114  466  186 127 175  18 238   4  1318   2   0   0  54
butler,jackie     nyk PF 55  745  117  215   0   0  58   77  67  183   25  17  62  32 127   0   292   1   0   0   0
butler,rasual     nor SF 79 1876  257  633  92 242  79  114  51  232   40  33  65  45 142   0   685   1   0   0  20
bynum,andrew      lal  C 46  339   33   82   0   0   8   27  34   80    9   4  17  22  56   0    74   1   0   0   0
bynum,will        gsw PG 15  162   21   52   2   9  10   16   3   12   19   7  13   1  10   0    54   0   0   0   0
cabarkapa,zarko   gsw PF 60  507   67  174   5  20  60   84  37  111   20  13  35   7  87   0   199   0   0   0   0
calderon,jose     tor PG 64 1485  132  312   7  43  78   92  30  141  288  42 101   4  93   0   349   0   0   0  11
camby,marcus      den  C 56 1854  302  649   1  11 111  156 132  668  115  79  92 184 158   1   716   4   0   0  54
cardinal,brian    mem PF 36  402   46  111  13  29  19   27  11   55   33  23  27   0  65   0   124   0   0   0   0
carroll,matt      cha SG 78 1296  192  476  72 185 138  168  34  157   35  47  48  11 120   0   594   0   0   0   6
carter,anthony    min PG 45  592   53  137   4  15  40   55   9   62  101  24  40   9  71   0   150   1   0   0   8
carter,vince      njn SG 79 2907  653 1518 125 367 480  601 135  462  338  94 213  53 235   1  1911   5   0   0  79
cassell,sam       lac PG 78 2659  493 1112  70 190 289  335  40  287  491  74 175  11 225   1  1345   8   0   0  75
cato,kelvin       det  C 27  334   36   84   0   0  26   35  20   70    4   6  18  12  52   0    98   1   0   0   0
chandler,tyson    chi  C 79 2121  160  283   0   1  97  193 265  714   81  41 123 104 298  14   417   8   0   0  50
cheaney,calbert   gsw SG 42  450   42  108   0   8   8    8  20   61   19  13  17   2  38   0    92   0   0   0   0
childress,josh    atl SF 74 2248  278  504  32  65 154  201 134  387  131  86 101  39 184   1   742   0   0   0  10
christie,doug     dal SG  7  185    9   26   0   1   8   12   2   13   14   9   6   1  10   0    26   0   0   0   7
claxton,speedy    nor PG 71 2021  304  736  17  63 246  320  39  193  339 108 154   6 177   1   871   1   0   0   4
cleaves,mateen    sea PG 27  232   25   71   4  16  19   24   2   14   42   3  14   2  30   0    73   0   0   0   0
collins,jarron    uta  C 79 1731  129  280   0   0 157  219 134  333   97  36  61  27 252   7   415   2   0   0  41
collins,jason     njn  C 71 1894  104  262   3  12  44   86  93  342   70  46  61  40 251   7   255   1   0   0  70
collison,nick     sea PF 66 1447  207  394   0   3  79  113 143  368   74  21  77  35 213   4   493   2   0   0  27
cook,brian        lal PF 81 1532  261  511  36  84  84  101  88  274   74  37  61  32 205   3   642   8   0   0  46
crawford,jamal    nyk SG 79 2555  366  879 101 293 295  357  36  248  301  87 175  15 150   0  1128   3   0   0  27
croshere,austin   ind PF 50 1147  132  285  54 140  90  102  62  265   62  22  48   7 105   2   408   0   0   0  26
curry,eddy        nyk  C 72 1868  336  597   0   0 307  486 145  432   19  28 179  56 239   4   979   3   0   0  69
dalembert,samuel  phi  C 66 1761  196  369   0   1  93  132 159  541   25  34 107 160 244   9   485   2   0   0  52
dampier,erick     dal  C 82 1928  171  347   0   0 127  215 273  640   51  27 115 106 263   3   469   1   0   0  36
daniels,antonio   was PG 80 2285  230  550  23 101 284  336  19  172  284  52  89   8  96   0   767   2   0   0  17
daniels,marquis   dal SG 62 1764  246  512   4  19 138  183  81  224  172  67 100  13 143   2   634   0   0   0  29
davis,antonio     tor  C 44  943   82  190   0   1  52   81  90  208   21  23  51  10 125   0   216   4   0   0  39
davis,baron       gsw PG 54 1977  335  861 102 324 195  289  45  236  480  89 159  14 165   3   967   9   0   0  49
davis,dale        det  C 28  179    9   24   0   1   8   15  21   53    6   0   4   9  23   0    26   0   0   0   2
davis,josh        pho PF  6   18    2    7   0   2   2    3   3    4    1   2   1   0   3   0     6   0   0   0   0
davis,ricky       min SG 78 3214  584 1304  73 242 275  345  65  351  394  91 213  17 191   2  1516   5   0   0  78
delfino,carlos    det SG 68  730   91  226  20  60  45   67  28  113   44  21  36  15  86   0   247   0   0   0   1
delk,tony         det PG 24  382   71  161  20  47  20   27  14   53   33  13  19   1  28   0   182   1   0   0   0
deng,luol         chi SF 78 2603  442  954  21  78 207  276 127  516  147  72 105  50 128   1  1112   2   0   0  56
diaw,boris        pho SF 81 2875  449  853   8  30 174  238 159  558  503  58 190  83 261   5  1080   0   0   0  70
dickau,dan        bos PG 19  237   17   46  10  20  18   18   5   16   40  11  18   1  40   1    62   1   0   0   0
diener,travis     orl PG 23  250   29   69  25  57   5    6   4   21   16   7  10   0  22   0    88   0   0   0   0
diogu,ike         gsw PF 69 1035  175  334   0   0 136  168  95  229   29  15  78  30 164   4   486   0   0   0  14
diop,desagana     dal  C 81 1510   75  154   1   2  39   72 145  374   23  44  36 146 253   3   190   2   0   0  45
dixon,juan        por PG 76 1923  357  821  65 170 156  194  30  177  149  58 113   6 157   0   935   1   0   0  42
doleac,michael    mia  C 31  371   37   88   0   0  24   30  23   85    8  10  14   7  45   0    98   0   0   0   3
dooling,keyon     orl PG 50 1139  178  405  13  43 101  121  11   78  109  49  82   4 116   1   470   2   0   0   7
duhon,chris       chi PG 74 2155  215  538 100 278 117  143  28  220  373  70 117   3 152   0   647   4   0   0  38
duncan,tim        san PF 80 2789  574 1185   2   5 335  533 231  881  253  70 198 162 219   2  1485   9   0   0  80
dunleavy,mike     gsw SF 81 2588  331  816  74 260 196  252  78  399  237  60 120  32 199   1   932   3   0   0  68
dupree,ronald     min SF 36  268   33   63   0   1  14   41  21   49   14  12  14   0  44   1    80   0   0   0   0
edwards,john      atl  C 40  296   31   64   0   0   8   11  18   48    5   3  12  15  76   1    70   0   0   0   4
eisley,howard     den PG 32  394   34  103  13  42  20   24   3   33   69  11  21   2  34   0   101   0   0   0   0
ellis,monta       gsw PG 49  889  132  318  28  82  42   59  23  105   78  32  58  11  69   0   334   0   0   0   3
elson,francisco   den  C 72 1579  151  284   1   5  49   74  99  339   47  54  65  45 211   0   352   3   0   0  54
ely,melvin        cha PF 57 1350  216  425   0   2 128  192  94  277   76  29 100  44 160   1   560   2   0   0  22
evans,maurice     det SG 80 1139  154  341  43 116  52   65  76  163   60  41  39  15 122   0   403   3   0   0   1
evans,reggie      den PF 67 1392  131  268   0   1 115  217 171  502   38  40  85  10 166   0   377   7   0   0  25
ewing,daniel      lac PG 66  973   97  255  22  78  36   46  23   85   84  37  57   6  86   0   252   0   0   0   5
felix,noel        sea SF 12   82    6   25   1   3   5    8   3   13    2   2   8   3  13   0    18   0   0   0   0
felton,raymond    cha PG 80 2402  345  883  97 271 161  222  77  265  446 102 182   8 181   0   948   0   0   0  54
finley,michael    san SF 77 2037  286  695 110 279  98  115  31  247  116  37  62   7  97   0   780   1   0   0  18
fisher,derek      gsw PG 82 2587  364  887 117 295 244  293  36  211  352 125 156   8 237   3  1089   2   0   0  36
fitch,gerald      mia PG 18  239   30   89   7  26  17   23   7   30   33   7  15   5  28   0    84   2   0   0   1
fizer,marcus      nor PF  3   39    9   17   1   1   1    2   1    7    1   0   2   0   5   0    20   0   0   0   0
ford,sharrod      pho SF  3   13    2    3   0   0   0    0   1    3    0   0   2   1   7   0     4   0   0   0   0
ford,t.j.         mil PG 72 2558  328  789  35 104 187  248  63  311  473 104 219   7 196   3   878   3   0   0  70
fortson,danny     sea PF 23  277   27   51   0   0  33   43  31   78    2   4  26   2  76   2    87   7   0   0   1
foster,jeff       ind  C 63 1583  138  250   0   4  96  159 224  574   50  41  64  27 191   2   372   1   0   0  37
foyle,adonal      gsw  C 77 1827  152  300   0   0  41   67 143  424   33  44  80 125 215   1   345   0   0   0  72
frahm,richie      hou SG 33  346   39  100  23  70   7   10   3   33   21   4   8   2  30   0   108   0   0   0   0
francis,steve     nyk PG 70 2392  333  765  25  83 314  399  74  290  345  74 214  17 204   3  1005   8   0   0  60
frye,channing     nyk  C 65 1571  305  640   3   9 189  229 138  374   53  30  97  47 200   3   802   4   0   0  14
gadzuric,dan      mil  C 74  885  171  309   0   1  41   89  91  232   24  25  35  43 171   2   383   1   0   0   0
gai,deng          phi PF  2    5    0    0   0   0   0    0   0    0    0   0   0   0   0   0     0   0   0   0   0
gaines,reece      mil PG 12   52    6   12   0   2   1    4   0    0    3   1   1   0   1   0    13   0   0   0   0
garcia,francisco  sac SF 67 1295  130  325  39 137  78  101  39  185   94  41  75  47 135   0   377   0   0   0  11
garnett,kevin     min PF 76 2960  626 1191   8  30 396  489 214  966  308 104 180 107 206   3  1656  10   0   0  76
garrity,pat       orl SF 57  943  101  242  50 129  30   37  31  108   38  12  38   9 108   0   282   0   0   0   0
gasol,pau         mem PF 80 3132  600 1194   3  12 425  617 191  713  371  46 235 153 184   1  1628   1   0   0  80
george,devean     lal SF 71 1541  170  425  50 160  58   86  82  274   68  66  54  34 159   1   448   3   0   0   5
gill,eddie        ind PG 40  126    9   43   6  22  16   21   0   14   12  11   8   1  13   0    40   0   0   0   0
ginobili,manu     san SG 65 1823  309  669  83 217 280  360  42  230  235 101 121  26 156   0   981   1   0   0  56
giricek,gordan    uta SG 37  953  166  383  18  59  43   57  15   70   63  16  63   4  87   0   393   0   0   0  36
goldwire,anthony  lac PG  3   22    1    7   0   2   0    0   0    1    2   0   1   0   0   0     2   0   0   0   0
gomes,ryan        bos SF 61 1376  173  355   3   9 112  149 102  298   58  35  55   5  83   1   461   0   0   0  33
gooden,drew       cle PF 79 2174  334  652   1   3 176  258 237  665   56  52 106  49 190   2   845   3   0   0  79
gordon,ben        chi SG 80 2484  486 1152 166 382 211  268  43  219  240  75 180   5 238   2  1349   0   0   0  47
graham,joey       tor SF 80 1580  198  414  29  87 108  133  57  244   60  37  92  13 227   4   533   0   0   0  24
graham,stephen    cle SG 22  176   21   54   2  10  14   15   5   27    7   5  13   2  31   0    58   0   0   0   0
granger,danny     ind SF 78 1762  221  478  30  93 115  148 131  384   90  59  80  62 211   1   587   1   0   0  17
grant,brian       pho PF 21  248   27   65   0   0   7    8  11   57    7   5   7   3  45   0    61   0   0   0   2
green,devin       lal SG 27  137    6   28   0   2  13   21  10   24    7   3   5   0  13   0    25   0   0   0   0
green,gerald      bos SF 32  377   66  138   6  20  29   37  10   41   18  13  22   4  41   1   167   1   0   0   3
green,willie      phi SG 10  153   28   66  10  19   4    5   1   15    5   2  12   0  13   0    70   0   0   0   2
greene,orien      bos PG 80 1236  100  253   9  40  45   68  37  145  129  77 109  10 181   1   254   0   0   0   5
griffin,adrian    dal SG 52 1246   98  204   0   2  41   53  75  227   89  51  39   9 113   1   237   1   0   0  45
griffin,eddie     min PF 70 1359  130  370  16  82  44   74 107  389   40  13  43 148 125   0   320   0   0   0  27
grundy,anthony    atl PG 12  108   19   38   5  15   9   14   1   17    9   7   9   0  14   0    52   0   0   0   0
hamilton,richard  det SG 80 2824  649 1322  55 120 256  303  84  256  275  52 173  16 207   1  1609   9   0   0  80
hamilton,zendon   phi  C 12   49    7   14   0   0  12   18   3   11    0   4   6   0   5   0    26   0   0   0   0
hardaway,anferne  nyk SG  4   72    4   14   0   1   2    2   0   10    8   2   6   0   7   0    10   0   0   0   0
harpring,matt     uta SF 71 1946  322  678  14  39 227  313 158  368   98  59 109  14 202   2   885   0   0   0  32
harrington,al     atl SF 76 2781  551 1220  66 191 243  350 132  523  238  85 195  14 301   5  1411   0   0   0  76
harrington,othel  chi PF 72  826  135  273   0   0  77  123  54  154   39   7  61  13 131   1   347   2   0   0  23
harris,devin      dal PG 56 1272  190  405   5  21 169  236  26  125  177  53  84  16 121   2   554   0   0   0   4
harrison,david    ind  C 67 1032  148  294   0   0  89  174  84  254   14  23  79  59 193   3   385   8   0   0  17
hart,jason        sac PG 66  811   86  221   9  31  37   56  12   71   70  31  43   5  85   0   218   2   0   0   0
haslem,udonis     mia PF 81 2491  300  591   0   2 157  199 167  634   95  50  80  17 216   2   757   8   0   0  80
hassell,trenton   min SG 77 2515  286  616   7  23 131  176  82  216  203  43 124  29 201   3   710   0   0   0  67
hayes,chuck       hou SF 40  534   59  105   0   1  29   45  67  179   14  26  12  14  76   2   147   0   0   0   0
hayes,jarvis      was SF 21  517   77  183  17  47  25   30  19   76   27  16  22   1  38   0   196   0   0   0  13
haywood,brendan   was  C 79 1876  222  432   0   0 131  224 200  467   46  30  97 104 232   2   575   2   0   0  70
head,luther       hou PG 80 2309  254  630 113 313  86  123  33  266  215  89 119   9 169   2   707   0   0   0  27
henderson,alan    cle PF 51  527   47   91   0   0  33   49  60  137   10   9  22  12  58   0   127   0   0   0   3
hilario,nene      den PF  1    2    0    1   0   0   0    0   0    0    0   0   2   0   1   0     0   0   0   0   0
hill,grant        orl SF 21  612  119  243   2   8  78  102  15   80   48  24  35   6  50   0   318   0   0   0  17
hinrich,kirk      chi PG 81 2955  451 1078 126 341 256  314  29  288  514  94 188  21 251   4  1284   6   0   0  81
hodge,julius      den SG 14   35    5   13   0   0   3    8   5    7    6   2   8   0   7   0    13   0   0   0   0
holcomb,randy     chi SF  4   11    1    1   0   0   0    0   1    1    0   0   0   0   2   0     2   0   0   0   0
horry,robert      san PF 63 1181  112  292  53 144  44   68  71  242   79  43  41  51 115   2   321   4   0   0   3
house,eddie       pho SG 81 1418  320  758 123 315  33   41  15  132  148  42  76  12  96   0   796   4   0   0   0
howard,dwight     orl PF 82 3024  468  881   0   2 356  598 288 1022  125  65 217 115 277   1  1292   2   0   0  81
howard,josh       dal SF 59 1919  350  743  27  63 196  267 123  371  111  68  79  26 167   2   923   3   0   0  58
howard,juwan      hou PF 80 2538  394  859   0   4 154  191 168  535  112  49 133   8 235   2   942   7   0   0  80
hudson,troy       min PG 36  795  127  333  40 101  48   52   8   44  106  12  40   4  55   0   342   0   0   0   0
hughes,larry      cle SG 36 1281  192  469  28  76 146  193  26  161  131  53  99  21 117   0   558   2   0   0  31
humphries,kris    uta SF 62  622   77  203   0   5  34   65  56  157   30  23  31  16  82   0   188   2   0   0   2
hunter,lindsey    det PG 30  356   37  100  11  43   2    4  10   40   60  19  20   3  44   0    87   0   0   0   1
hunter,steven     phi  C 69 1315  175  291   0   0  71  138 110  271   17  12  64  76 120   0   421   4   0   0  35
iguodala,andre    phi SG 82 3087  344  688  56 158 263  349 117  481  255 135 153  21 198   4  1007   3   0   0  82
ilgauskas,zydrun  cle  C 78 2285  450  889   0   5 317  380 245  591   91  38 155 136 280   5  1217   6   0   0  78
iverson,allen     phi PG 72 3099  815 1822  72 223 675  829  44  232  532 140 248  10 121   0  2377  13   0   0  72
ivey,royal        atl PG 73  976  116  264   4  10  24   33  31   96   74  24  23   7 147   1   260   1   0   0  66
jack,jarrett      por PG 79 1596  189  428  20  76 128  160  18  160  219  41 102   2 138   0   526   0   0   0   4
jackson,bobby     mem PG 71 1777  286  748 129 332 107  146  44  223  195  61 101   1 155   2   808   2   0   0  15
jackson,jermaine  mil PG 30  207   11   26   1   4  12   14   8   27   25   4  13   1  19   0    35   0   0   0   2
jackson,jim       lal SF 40  512   47  160  18  74   9   13  11   76   35  12  35   6  51   0   121   0   0   0   1
jackson,luke      cle SF 36  319   29   85  12  36  26   33  16   40   25  11  31   2  30   0    96   0   0   0   0
jackson,marc      nor PF 64 1025  174  369   1   2  66   82  86  217   44  13  65   8 126   1   415   4   0   0  10
jackson,stephen   ind SG 81 2910  472 1148 117 339 268  341  48  312  225 104 203  43 195   0  1329  12   0   0  81
james,jerome      nyk  C 45  405   56  121   0   0  25   40  39   91   12   3  51  23 104   0   137   0   0   0   9
james,lebron      cle SF 79 3363  875 1823 127 379 601  814  75  556  522 123 260  66 181   0  2478   0   0   0  79
james,mike        tor PG 79 2922  576 1228 169 382 283  338  45  262  460  72 206   3 215   1  1604   5   0   0  79
jamison,antawn    was PF 82 3287  660 1494 147 373 217  297 167  765  158  90 137  12 189   1  1684   1   0   0  80
jaric,marko       min SG 75 2105  226  566  40 133  95  138  60  233  293 108 127  21 189   3   587   1   0   0  49
jasikevicius,sar  ind SG 75 1558  170  429  86 236 121  133  19  153  227  40 116   4 108   0   547   2   0   0  15
jefferson,al      bos PF 59 1061  189  379   0   4  86  134  97  299   30  30  62  46 166   1   464   1   0   0   7
jefferson,richar  njn SF 78 3058  495 1005  60 188 471  580  95  534  297  59 174  17 193   1  1521   5   0   0  78
jeffries,jared    was SF 77 1953  187  415  16  50  99  168 164  379  148  58  99  50 223   3   489   1   0   0  77
johnson,amir      det SF  3   39    7   10   2   3   4    4   3    4    3   0   4   2   7   0    20   0   0   0   0
johnson,anthony   ind PG 75 1982  267  603  51 155 106  141  31  168  324  63 115  22 132   0   691   4   0   0  53
johnson,dermarr   den SG 58  924  132  306  56 160  34   42  19   96   55  25  46  26  86   0   354   0   0   0  21
johnson,ervin     mil  C 18   80    7   17   0   0   1    2   5   24    2   1   5   2  23   0    15   0   0   0   0
johnson,joe       atl SG 82 3340  632 1395 128 360 261  330  98  335  536 103 267  31 187   0  1653   0   0   0  82
johnson,linton    nor SG 36  527   61  149  13  36  18   27  40  122   14  12  28  12  61   2   153   0   0   0   7
jones,dahntay     mem SG 71  970  109  263   3  21  60   93  20  104   39  38  50  15 108   1   281   2   0   0   4
jones,damon       cle PG 82 2089  190  491 140 371  32   50  14  133  169  37  55   1 112   0   552   3   0   0   7
jones,dwyane      bos  C 14   90    4   10   0   0   6   13  10   31    2   1   3   3  14   0    14   0   0   0   0
jones,eddie       mem SG 75 2438  292  722 133 374 168  215  35  279  177 131  93  27 201   2   885   3   0   0  75
jones,fred        ind SG 68 1836  233  559  63 187 122  160  18  170  154  55 107  20 142   3   651   0   0   0   2
jones,james       pho SF 75 1773  243  581 110 285 103  121  44  253   57  38  35  49 141   0   699   0   0   0  24
jones,jumaine     cha SF 76 2088  298  736 115 335  88  121 105  376   63  68  74  22 200   4   799   4   0   0  42
kaman,chris       lac  C 78 2562  369  706   0   2 194  252 187  750   79  45 176 108 268   5   932   3   0   0  78
kapono,jason      mia SF 51  666   79  177  21  53  28   33  12   71   37   7  20   3  89   0   207   0   0   0   2
kasun,mario       orl  C 28  213   31   69   0   0  18   23  24   60    3   2  15   3  69   0    80   0   0   0   0
khryapa,viktor    por SF 69 1490  158  342  10  30  77  111 114  307   88  50  84  29 209   7   403   2   0   0  53
kidd,jason        njn PG 80 2978  366  905 139 395 194  244  86  580  672 150 192  29 157   0  1065   2   0   0  80
kirilenko,andrei  uta SF 69 2607  336  730  36 117 346  495 161  552  299 102 203 220 162   0  1054   1   0   0  63
kleiza,linas      den SF 61  522   77  173   2  13  57   81  38  116   15  10  16  13  87   0   213   1   0   0   2
knight,brevin     cha PG 69 2349  308  772   3  13 252  314  35  223  610 157 164   4 202   3   871   7   0   0  67
korolev,yaroslav  lac SF 24  128    9   30   2   7   7   10   5   13    9   3   6   0  11   0    27   0   0   0   0
korver,kyle       phi SF 82 2562  327  761 184 438 101  119  27  270  163  65  98  26 224   1   939   0   0   0  43
krstic,nenad      njn  C 80 2467  447  881   1   4 185  265 182  513   88  32 133  63 297   9  1080   3   0   0  80
kukoc,toni        mil SF 65 1020  116  298  45 147  40   56  26  150  139  33  66  17  87   0   317   1   0   0   0
lafrentz,raef     bos  C 82 2028  238  552 112 286  51   75  80  406  115  29  65  72 273   6   639   0   0   0  63
lampe,maciej      hou PF  6   28    2   11   0   0   0    2   4    9    2   0   3   0   2   0     4   0   0   0   0
lee,david         nyk PF 67 1128  137  230   0   0  71  123 109  303   43  30  51  20 124   1   345   0   0   0  14
lenard,voshon     por SG 26  459   75  191  25  78  16   31   5   47   41  21  31   4  39   0   191   0   0   0   6
lewis,rashard     sea SF 78 2881  538 1151 142 370 350  428 111  390  182 102 141  50 191   0  1568   6   0   0  77
livingston,randy  chi PG  5   22    0    2   0   0   0    0   1    4    1   1   1   0   6   0     0   0   0   0   0
livingston,shaun  lac PG 61 1524  149  349   1   8  53   77  41  183  273  46 111  32 160   0   352   0   0   0  14
lucas,john        hou PG 13  106   14   36   2   9   0    0   2    5   12   5   7   0   6   0    30   0   0   0   0
lue,tyronn        atl PG 51 1233  192  418  58 127 118  138  13   82  157  26  75   3 113   2   560   2   0   0  10
macijauskas,arvy  nor PG 19  136   14   41   3  12  13   15   3   10    5   7   8   0  10   0    44   0   0   0   0
madsen,mark       min PF 62  676   27   66   0   7  20   47  50  141   11  23  26  17 114   2    74   0   0   0   7
maggette,corey    lac SG 32  946  167  375  24  71 212  256  28  169   66  19  78   4  95   1   570   1   0   0  13
magloire,jamaal   mil  C 82 2467  287  615   0   0 178  333 220  778   56  29 166  80 276   6   752   8   0   0  82
marbury,stephon   nyk PG 60 2199  349  774  33 104 246  326  25  175  382  63 157   4 143   0   977   3   0   0  60
marion,shawn      pho SF 81 3268  716 1365  96 290 241  298 249  959  143 160 125 137 223   2  1769   1   0   0  81
marks,sean        san PF 25  180   37   71   0   3   7   12  12   43    7   5   7   7  21   1    81   0   0   0   0
marshall,donyell  cle PF 81 2073  265  671 128 395  92  123 105  492   60  59  90  41 160   0   750   1   0   0   0
marshall,rawle    dal SF 23  245   24   60   1   3  22   29   8   31   10   8  15   7  17   0    71   0   0   0   9
martin,darrick    tor PG 40  343   34   97  16  40  18   24   2   20   57  17  15   0  42   0   102   0   0   0   0
martin,kenyon     den PF 56 1548  297  600   5  22 121  170  93  353   79  43  72  52 171   1   720   7   0   0  49
martin,kevin      sac SG 72 1914  262  546  66 179 188  222  58  261   97  55  81   9 138   0   778   0   0   0  41
mason,desmond     nor SF 70 2104  275  690   1   6 206  302  64  298   66  42 113  17 136   1   757   9   0   0  55
maxiell,jason     det PF 26  157   23   54   0   0  14   42  12   28    3   4  11   5  14   0    60   0   0   0   0
may,sean          cha PF 23  399   70  171   0   5  49   64  42  109   22  17  33  12  58   0   189   0   0   0   1
mbenga,dj         dal  C 43  240   32   60   0   1  10   20  19   56    2   6  16  25  47   0    74   0   0   0   1
mccants,rashad    min SF 79 1365  241  535  67 180  78  106  29  143   63  44  86  22 176   1   627   5   0   0  12
mccarty,walter    lac SF 36  352   33   99  10  45  12   21  15   68   23   8  19   5  52   0    88   0   0   0   1
mcdyess,antonio   det PF 82 1736  285  560   0   2  68  122 156  436   90  46  76  48 220   0   638   4   0   0   0
mcgrady,tracy     hou SF 47 1746  410 1011  73 234 254  340  46  307  225  59 120  41  88   0  1147   3   0   0  47
mcinnis,jeff      njn PG 28  488   63  143   3  16  20   29  11   50   52  11  29   2  37   0   149   0   0   0   1
mckie,aaron       lal SG 14  121    3   12   0   2   1    2   3   20   11   5   2   0   7   0     7   0   0   0   0
mcleod,keith      uta PG 66 1231  120  340  24  82 106  133  11   78  151  42  76   9 131   2   370   0   0   0  32
medvedenko,stani  lal PF  2    7    1    2   0   0   0    0   0    0    1   0   0   0   1   0     2   0   0   0   0
mihm,chris        lal  C 59 1546  230  459   0   0 144  201 137  373   61  16  83  73 214   5   604   1   0   0  56
miles,aaron       gsw PG 19  118    6   18   0   0   4    4   0   14   24   4  11   1  13   0    16   0   0   0   0
miles,c.j.        uta SG 22  204   28   76   5  20  18   24  18   38   16   7   9   2  20   0    79   0   0   0   0
miles,darius      por SF 40 1288  235  510   2  10  87  163  24  182   73  42  99  39 100   1   559   3   0   0  23
milicic,darko     orl  C 55  768  119  234   0   2  28   50  44  151   41  14  51  77  92   1   266   2   0   0   1
miller,andre      den PG 82 2942  404  872   5  27 313  424  92  351  674 106 256  18 213   1  1126  10   0   0  82
miller,brad       sac  C 79 2924  434  877  34  88 280  338 122  615  374  61 180  62 234   1  1182   3   0   0  79
miller,mike       mem SG 74 2266  354  760 138 339 168  210  42  397  200  52 140  27 173   4  1014   1   0   0   9
ming,yao          hou  C 57 1946  467  900   0   1 337  395 148  581   85  30 147  94 195   4  1271   4   0   0  57
mobley,cuttino    lac SG 79 2978  429 1007  83 245 229  273  50  341  238  93 145  36 208   2  1170   4   0   0  74
mohammed,nazr     san  C 80 1387  190  377   0   0 113  144 163  418   40  21  91  49 220   2   493   1   0   0  30
monia,sergei      sac SF 26  345   29   87   9  34  10   14  11   52   19   7  12   5  41   0    77   0   0   0  15
moore,mikki       sea  C 47  584   54  124   0   2  46   62  44  130   27   7  40  15  92   1   154   0   0   0   1
morris,terence    orl SF 22  207   16   49   0   2   3    3   6   38    4   6   7   5  19   0    35   0   0   0   0
mourning,alonzo   mia  C 65 1302  188  315   0   1 133  224 125  359   11  13  79 173 177   4   509   5   0   0  20
murphy,troy       gsw PF 74 2512  363  838  58 181 251  319 195  743  101  47 108  26 191   2  1035   6   0   0  74
murray,lamond     njn SF 57  577   72  181  27  78  25   40  29  132   13  17  22   7  66   0   196   0   0   0   1
murray,ronald     cle SG 76 2109  321  768  37 141 172  242  33  153  199  68 135  11 133   0   851   0   0   0  27
mutombo,dikembe   hou  C 64  957   50   95   0   0  69   90 100  306    4  17  35  57 128   0   169   7   0   0  23
n'dong,boniface   lac  C 22  152   22   53   0   0   6    9  15   37    7   2   6   5  23   0    50   0   0   0   1
nachbar,bostjan   njn SF 36  507   54  156  19  71  30   44   8   60   27  16  24   4  65   0   157   1   0   0  13
nailon,lee        phi SF 22  235   40   80   0   0  13   15  23   42    7   8  10   4  32   0    93   0   0   0   0
najera,eduardo    den SF 64 1451  127  301   4  12  89  114 128  325   52  53  54  34 165   0   347   2   0   0   3
nash,steve        pho PG 79 2799  541 1056 150 342 257  279  47  333  826  61 276  12 120   1  1489   2   0   0  79
nelson,jameer     orl PG 62 1785  347  719  70 165 141  181  39  180  302  70 148   9 174   2   905   2   0   0  33
nesterovic,rasho  san  C 80 1520  172  334   0   2  18   30 114  309   33  21  53  88 209   3   362   0   0   0  51
newble,ira        cle SF 36  358   17   57   3  13  11   16  21   56    9   5  12  10  47   0    48   3   0   0   3
nocioni,andres    chi SF 82 2240  383  831  93 238 204  242  89  500  117  40 120  52 252   3  1063   3   0   0  43
norris,moochie    nor PG 44  425   46  112   4  14  29   42  12   54   50  20  33   1  49   0   125   0   0   0   0
nowitzki,dirk     dal PF 81 3087  751 1564 110 271 539  598 115  728  226  58 156  83 164   1  2151   8   0   0  81
o'neal,jermaine   ind PF 51 1802  380  805   3  10 261  368 102  476  133  27 151 117 177   2  1024   7   0   0  47
o'neal,shaquille  mia  C 59 1805  480  800   0   0 221  471 172  541  113  23 168 104 230   4  1181   6   0   0  58
oberto,fabricio   san PF 59  489   44   93   0   2  15   27  57  123   27   9  28  11  91   0   103   0   0   0   0
odom,lamar        lal SF 80 3222  445  925  80 215 216  313 181  738  443  75 213  64 256   4  1186   7   0   0  80
okafor,emeka      cha PF 26  875  131  316   0   0  82  125  94  261   31  22  53  50  88   1   344   0   0   0  25
okur,mehmet       uta PF 82 2943  519 1128  80 234 354  454 211  746  194  40 163  73 285   4  1472   6   0   0  82
ollie,kevin       phi PG 70 1073   75  174   1   3  41   49  13   98  101  33  29   3 103   1   192   0   0   0  23
olowokandi,micha  bos  C 48  919  107  240   0   0  24   47  50  220   23  22  55  33 122   2   238   2   0   0  24
ostertag,greg     uta  C 60  809   61  124   0   0  24   48  82  225   58   6  46  66 129   2   146   3   0   0  22
outlaw,bo         orl PF 32  353   35   58   0   0   5    8  31   77   14  10  17  12  50   0    75   1   0   0   0
outlaw,travis     por SF 69 1155  162  368  14  53  62   89  48  189   34  31  37  46 112   0   400   0   0   0  11
owens,andre       uta PG 23  211   27   74   3  16  12   18  11   21    8   5  13   0  25   0    69   0   0   0   2
pachulia,zaza     atl  C 78 2452  307  681   0   2 297  404 264  613  129  89 180  39 286   6   911   9   0   0  78
padgett,scott     njn PF 62  721   71  201  42 121  27   34  56  165   41  28  21  12  90   0   211   0   0   0   1
palacio,milt      uta PG 71 1373  171  403   1  16  98  150  17  134  190  47 110  14 124   1   441   1   0   0  18
pargo,jannero     chi PG 57  642  109  292  39 103  17   21   8   61   94  24  61   2  57   1   274   0   0   0   0
parker,smush      lal PG 82 2775  348  779 120 328 125  180  37  271  302 140 147  16 213   1   941   7   0   0  82
parker,tony       san PG 80 2717  623 1136  11  36 253  358  38  261  460  83 249   4 161   1  1510   1   0   0  80
patterson,ruben   den SF 71 1793  327  635   1  13 203  338 118  244  127  76 150  21 150   0   858  10   0   0  22
paul,chris        nor PG 78 2808  407  947  50 177 394  465  61  400  611 175 183   6 218   0  1258   9   0   0  78
pavlovic,sasha    cle SG 53  813   87  212  35  96  32   49  16   80   24  19  42   6 103   3   241   2   0   0  19
payton,gary       mia PG 81 2306  230  547  66 230 100  126  34  233  257  71 102  10 169   0   626   7   0   0  25
perkins,kendrick  bos PF 68 1334  137  266   0   2  80  130 140  404   69  21 107 105 199   3   354   1   0   0  40
peterson,morris   tor SG 82 3137  478 1096 177 448 241  294  65  381  190 104 126  15 223   2  1374   7   0   0  77
petro,johan       sea  C 68 1287  153  300   0   0  47   75 109  296   15  25  60  51 213   2   353   1   0   0  41
piatkowski,eric   chi SG 29  229   24   61   9  33   2    5   4   23   13   6  11   1  20   0    59   0   0   0   1
pierce,paul       bos SG 79 3084  689 1462 111 314 627  812  77  530  375 107 273  34 223   3  2116   0   0   0  79
pietrus,mickael   gsw SG 52 1181  169  418  56 176  87  143  58  163   44  33  78  10 132   0   481   0   0   0  18
planinic,zoran    njn PG 56  595   66  183  13  56  46   66  14   74   53  20  43   4  91   1   191   0   0   0   1
podkolzin,pavel   dal  C  1   18    0    2   0   0   3    6   0    7    0   0   2   1   0   0     3   0   0   0   0
pollard,scot      ind  C 46  779   71  156   1   1  31   40  73  219   24  37  27  20 115   1   174   2   0   0  32
posey,james       mia SG 67 1912  159  395 117 290  48   62  33  319   89  54  58  20 196   2   483   1   0   0  63
potapenko,vitaly  sac  C 33  348   37   71   0   0  10   17  27   64    9   2  16   2  50   0    84   0   0   0  12
powell,josh       dal SF 37  431   37   81   0   0  36   45  28   81    9   7  22   4  52   0   110   0   0   0   2
price,ronnie      sac PG 29  150   21   58   6  27  12   12   5   15   11   6  10   0  10   0    60   0   0   0   0
prince,tayshaun   det SF 82 2897  455  999  64 183 182  238 104  346  186  62  91  39  96   1  1156   1   0   0  82
profit,laron      lal SG 25  276   40   84   3  18  21   24   8   43   15  11  24   5  25   0   104   0   0   0   1
przybilla,joel    por  C 56 1395  131  239   0   0  82  154 146  391   43  20  76 130 149   1   344   3   0   0  52
radmanovic,vladi  lac PF 77 1974  262  643 138 354  93  114  64  357  136  61  93  29 210   3   755   2   0   0  27
randolph,shavlik  phi PF 57  489   44   97   0   0  43   71  55  133   19  19  21  12  83   0   131   0   0   0   1
randolph,zach     por PF 74 2545  536 1229  16  55 245  343 193  592  144  57 165  14 185   1  1333   6   0   0  71
ratliff,theo      por  C 55 1305  108  189   0   0  54   83  89  279   28  18  47  88 143   1   270   0   0   0  19
rebraca,zeljko    lac  C 29  413   52   96   0   0  31   41  13   64    9   5  24  19  59   0   135   0   0   0   2
redd,michael      mil SG 80 3127  682 1516 163 413 501  571  78  342  229  95 170   5 157   1  2028   0   0   0  80
reed,justin       min SF 72  999  119  295   0   1  87  120  53  124   41  23  52  15 163   1   325   2   0   0   6
richardson,jason  gsw SG 75 2881  641 1438 183 477 276  410 105  438  232  97 167  37 206   1  1741   2   0   0  74
richardson,quent  nyk SG 55 1442  163  459  64 188  61   91  65  230   88  39  56   6 134   0   451   5   0   0  42
ridnour,luke      sea PG 79 2630  334  799  43 149 199  227  47  235  550 123 162  22 178   0   910   0   0   0  77
roberson,anthony  mem PG 16   91   14   31   5  10   2    2   0    6    5   1   3   0   6   0    35   0   0   0   0
roberts,lawrence  mem PF 33  185   20   44   0   2  11   23  26   49    5   8   5   2  30   0    51   0   0   0   0
robinson,bernard  cha SG 66 1304  157  365   2  21 106  134  62  219   77  81  74  10 141   1   422   0   0   0  18
robinson,cliffor  njn PF 80 1863  219  513  60 175  52   79  55  267   89  44  62  40 206   0   550   2   0   0  13
robinson,nate     nyk PG 72 1543  230  565  58 146 152  202  56  167  147  59 114   1 201   5   670   6   0   0  27
rose,jalen        nyk SG 72 1967  289  680  58 169 248  318  26  208  183  31 114  13 158   3   884   5   0   0  44
rose,malik        nyk PF 72 1126  106  286   2   4 107  137  86  262   65  42  81  14 143   1   321   4   0   0  36
ross,quinton      lac SG 67 1515  130  308   0   7  57   75  38  170   79  51  47  16 155   0   317   0   0   0  45
ruffin,michael    was PF 76 1012   34   77   0   2  37   74 122  271   27  33  38  31 179   1   105   0   0   0   4
rush,kareem       cha SG 47 1111  181  469  57 164  55   77  18  103   50  38  65  13  79   0   474   0   0   0  25
russell,bryon     den SF  1    3    0    0   0   0   0    0   0    1    1   0   0   0   0   0     0   0   0   0   0
salmons,john      phi SG 82 2063  219  521  26  87 155  200  48  220  223  73 125  13 178   0   619   0   0   0  24
sampson,jamal     sac  C 12   39    5    7   0   0   0    2   5   18    5   0   0   4   5   0    10   0   0   0   0
sanders,melvin    san SG 16  111   16   33   2   3   7   10   4   23    3   5   8   0  20   0    41   0   0   0   0
scalabrine,brian  bos PF 71  940   74  193  31  87  26   36  27  114   51  21  50  19 127   0   205   1   0   0   1
scales,alex       san PG  1    1    0    0   0   0   0    0   0    0    0   0   0   0   0   0     0   0   0   0   0
schenscher,luke   chi  C 20  149   16   26   0   0   4   13   8   29    7   1   5   3  21   0    36   0   0   0   0
seung-jin,ha      por  C 27  213   18   31   0   0   8   17  14   49    1   3  14   8  41   0    44   0   0   0   4
simien,wayne      mia PF 43  418   58  120   0   0  30   34  38   88    7  13  24   1  70   2   146   0   0   0   2
simmons,bobby     mil SF 75 2533  366  808 105 250 165  200  91  333  172  86 123  21 254   8  1002   1   0   0  74
singleton,james   lac SF 59  760   77  151  10  20  39   50  63  197   29  19  28  21  95   1   203   0   0   0  10
skinner,brian     por PF 65  946   82  160   0   0  27   56  76  229   30  25  45  42 119   1   191   1   0   0   5
smith,charles     den SG 22  210   30   72  15  38   5    8   3   16    9   5   4   6  28   0    80   0   0   0   4
smith,donta       atl SG 23  133   15   27   2   4   6   12   3   14    9   8   4   0  20   0    38   0   0   0   0
smith,j.r.        nor SG 55  990  144  366  52 140  83  101  19  110   58  37  54   4  90   0   423   1   0   0  25
smith,joe         mil PF 44  887  145  305   0   2  89  115  83  230   31  24  40  13 120   1   379   0   0   0   5
smith,josh        atl SF 80 2561  329  774  34 110 210  292 176  531  191  64 162 208 260   5   902   5   0   0  73
snow,eric         cle PG 82 2354  163  399   1  10  64   93  38  198  346  76 116  19 218   4   391   3   0   0  82
snyder,kirk       nor SG 68 1308  205  453  46 129  86  117  55  161  102  29  70  23 106   1   542   3   0   0  44
songaila,darius   chi PF 62 1328  236  491   2   5  94  115  76  246   88  35  85  16 157   2   568   1   0   0   7
sow,pape          tor PF 42  592   53  123   0   0  41   57  54  146    8  21  30  19 118   2   147   1   0   0  25
stackhouse,jerry  dal SG 55 1524  242  603  36 130 195  221  32  153  160  37 121  10  96   1   715   5   0   0  11
stevenson,deshaw  orl SG 82 2652  359  781   2  15 180  242  59  241  160  57 123  17 178   2   900   6   0   0  82
stojakovic,peja   ind SF 71 2606  445 1018 162 404 238  260  79  415  136  45 103  10 171   2  1290   1   0   0  70
storey,awvee      was SG 25  118   16   41   3   7   8   14   8   22    4   3   5   1  22   0    43   0   0   0   1
stoudamire,damon  mem PG 27  861  114  287  36 104  53   62  23   95  128  19  55   1  49   0   317   0   0   0  27
stoudamire,salim  atl PG 61 1234  204  492  82 216  99  110  12  116   75  27  82   3 118   1   589   0   0   0   1
stoudemire,amare  pho PF  3   50    9   27   0   1   8    9   6   16    2   1   1   3   4   0    26   0   0   0   3
sweetney,mike     chi PF 66 1228  200  444   0   0 133  204 118  350   59  19  95  56 209   4   533   1   0   0  44
swift,robert      sea  C 47  985  124  241   0   0  53   91  94  264    8  15  49  56 142   3   301   0   0   0  20
swift,stromile    hou PF 66 1343  225  458   0   2 136  209 103  291   25  38  91  50 198   3   586   1   0   0   5
szczerbiak,wally  bos SF 72 2734  493 1012 102 255 278  310  77  313  213  40 136  19 150   0  1366   2   0   0  71
taft,chris        gsw PF 17  140   23   38   0   0   1    6  19   36    2   2   2   7  25   0    47   0   0   0   0
taylor,donell     was SG 51  465   53  136   4  17  30   43  16   53   45  30  34   4  47   0   140   0   0   0   1
taylor,maurice    nyk PF 67 1209  182  389   0   1  58   83  65  229   53  21 103  13 177   0   422   5   0   0  13
telfair,sebastia  por PG 68 1644  228  578  57 162 130  175  19  120  247  66 115   6 167   1   643   2   0   0  30
terry,jason       dal PG 80 2799  516 1099 171 416 168  210  31  158  306 100 135  27 196   1  1371   4   0   0  80
thomas,billy      was PG 18  158   17   46  10  30   4    4  10   21   10  11   6   2  24   0    48   0   0   0   1
thomas,etan       was PF 70 1090  127  240   0   0  73  123  94  272   13  19  51  67 143   2   327   2   0   0   8
thomas,james      chi PF 22  152   10   19   0   0   8   14  12   39    1   0   7   3  35   0    28   0   0   0   0
thomas,john       njn PF 16  128    6   15   0   0   3    4  10   20    2   3   8   2  17   0    15   0   0   0   0
thomas,kenny      sac PF 82 2295  305  604   0   1 138  204 199  618  168  72 135  39 196   0   748   9   0   0  55
thomas,kurt       pho PF 53 1411  190  391   0   0  75   92 102  415   57  23  57  54 193   5   455   0   0   0  50
thomas,tim        pho SF 29  668  113  262  46 111  28   42  22  130   20  16  33   7  78   0   300   0   0   0  10
thompson,dijon    pho SG 10   44   11   25   4  11   2    2   4   11    1   3   2   1   6   0    28   0   0   0   0
tinsley,jamaal    ind PG 42 1122  158  386  16  70  58   91  35  133  211  48 109   6  96   2   390   5   0   0  27
tsakalidis,jake   mem  C 51  733  100  165   0   0  57   87  78  212   13  14  39  32 107   1   257   1   0   0  19
tskitishvili,nik  pho PF 17   98   13   37   1   3   9   14   9   22    3   1   6   2   8   0    36   0   0   0   0
turiaf,ronny      lal PF 23  159   15   30   0   0  15   27  11   37    8   3   7  10  30   0    45   0   0   0   1
turkoglu,hedo     orl SG 78 2599  398  877 114 283 255  296  70  333  216  70 130  21 234   5  1165   7   0   0  59
udoka,ime         nyk SF  8  115    9   24   1   3   3    6   3   17    6   1   2   0   8   0    22   0   0   0   0
udrih,beno        san PG 54  591  106  233  24  70  39   50  18   52   92  14  53   2  55   0   275   0   0   0   3
vanexel,nick      san PG 65  987  136  343  55 154  28   41   6   91  123  16  57   3  60   0   355   1   0   0   2
vanhorn,keith     dal SF 53 1089  164  387  50 136  94  113  54  192   37  31  71  11 121   1   472   0   0   0   0
varejao,anderson  cle SF 48  760   79  150   0   1  61  119  77  235   19  31  27  19 118   2   219   1   0   0   4
vaughn,jacque     njn PG 80 1233  107  245   1   6  59   81  16   91  123  42  52   1 140   0   274   0   0   0   6
villanueva,charl  tor PF 81 2363  435  940  70 214 113  160 181  521   88  60  99  63 247   4  1053   2   0   0  36
voskuhl,jake      cha  C 51  819  114  261   1   3  41   60  62  183   39  26  33  23 157   2   270   2   0   0   2
vroman,jackson    nor PF 41  410   26   66   0   0  21   44  33   86   11  12  21  11  78   2    73   1   0   0   2
vujacic,sasha     lal SG 82 1453  108  312  59 172  46   52  33  159  139  48  50   3 150   0   321   2   0   0   4
wade,dwyane       mia SG 75 2896  699 1413  13  76 629  803 107  430  503 146 268  58 217   0  2040   9   0   0  75
wafer,von         lal SG 16   74    6   38   2  17   6    8   5    8    4   3   1   0  12   0    20   0   0   0   0
walker,antoine    mia PF 82 2200  391  898 137 383  81  129 103  421  166  47 150  27 187   1  1000   5   0   0  19
walker,samaki     ind PF  7   23    0    2   0   0   2    2   0    3    0   0   2   1   7   0     2   0   0   0   0
wallace,ben       det  C 82 2884  237  465   0   4 123  296 301  923  158 146  88 181 164   1   597   6   0   0  82
wallace,gerald    cha SF 55 1897  317  589  14  50 188  306 123  412   96 138  99 115 150   1   836   9   0   0  52
wallace,rasheed   det PF 80 2778  459 1067 155 434 136  183  90  547  182  82  85 129 232   1  1209  16   0   0  80
walsh,matt        mia SG  2    3    1    1   0   0   0    2   0    0    0   0   1   0   0   0     2   0   0   0   0
walton,luke       lal SF 69 1332  135  328  18  55  57   76  88  247  156  41  77  15 119   1   345   1   0   0   6
warrick,hakim     mem SF 68  723  101  228   0   0  76  115  43  144   30  14  56  21 113   0   278   0   0   0   2
watson,earl       sea PG 70 1583  219  509 110 272  75  111  24  158  289  68 136  10 159   1   623   1   0   0  10
webber,chris      phi PF 75 2892  617 1422  21  77 263  348 184  741  256 103 182  62 219   1  1518   1   0   0  75
webster,martell   por SF 61 1065  139  348  65 182  61   71  29  130   34  21  43  14  90   0   404   0   0   0  18
wells,bonzi       sac SG 52 1685  284  613  10  45 129  190 142  401  144  94 126  25 156   0   707   7   0   0  41
welsch,jiri       mil SG 58  863   86  222  14  49  65   87  22  111   62  34  41   1  65   0   251   0   0   0   2
wesley,david      hou SG 71 2378  226  561  99 271 151  187  24  178  204  59 120   6 212   3   702   4   0   0  59
west,david        nor PF 74 2528  530 1036   3  14 199  236 168  548   92  61 105  64 214   1  1262   5   0   0  74
west,delonte      bos PG 71 2420  333  684  84 218  86  101  57  289  329  84 133  46 197   3   836   4   0   0  71
whaley,robert     uta  C 23  212   23   57   0   0   3    6  16   43   17   7  14   8  41   1    49   0   0   0   0
wilcox,chris      sea PF 77 1530  257  450   0   2 112  153 118  410   52  33  72  34 183   0   626   1   0   0  24
wilkins,damien    sea SF 82 1524  193  435  14  56 136  162  79  192  107  72  85  12 144   1   536   0   0   0  12
wilks,mike        sea PG 47  356   29   90   3  19  25   41   9   39   32  14  24   1  34   0    86   0   0   0   0
williams,aaron    nor PF 47  789   91  176   0   0  40   58  64  181   17  17  30  21 138   0   222   1   0   0   5
williams,alvin    tor PG  1    9    0    3   0   2   1    2   0    3    0   0   0   0   0   0     1   0   0   0   0
williams,deron    uta PG 80 2310  339  805  91 219  95  135  35  194  359  60 145  17 234   3   864   0   0   0  47
williams,eric     tor SF 28  356   29   75   5  18  28   38  10   50   15   7  15   2  55   0    91   0   0   0  11
williams,jason    mia PG 59 1876  268  606 107 288  85   98   6  139  287  53 100   5 101   0   728   0   0   0  56
williams,louis    phi PG 30  150   23   52   2   9   8   13   3   19   10   5  13   0  13   0    56   0   0   0   0
williams,marvin   atl SF 79 1954  235  531  13  53 189  253 122  383   63  48  83  24 227   1   672   1   0   0   7
williams,maurice  mil PG 58 1533  267  629  73 191  96  113  30  143  230  52 105   7 146   0   703   4   0   0  12
williamson,corli  sac SF 37  367   43  103   2   2  38   49  21   67   14   7  30   4  56   0   126   1   0   0   0
woods,loren       tor  C 27  324   28   59   0   1   6   14  44  110    4   9  16  23  49   0    62   2   0   0   4
woods,qyntel      nyk SG 49 1014  129  254  22  60  49   76  44  190   47  32  61  13  96   1   329   0   0   0  16
wright,antoine    njn SF 39  369   29   81   1  15  11   22   8   30   12   4  21   3  42   0    70   0   0   0   0
wright,bracey     min PG  7  136   21   51   6  17  14   16   3   18    5   1   8   0   8   0    62   0   0   0   0
wright,dorell     mia SF 20  133   20   43   3   6  15   17   2   32    8   3  14   1  12   0    58   0   0   0   2
wright,lorenzen   mem  C 78 1691  194  406   0   2  66  117 142  395   48  52  67  46 201   0   454   3   0   0  58
zimmerman,derric  njn PG  2   32    2    3   0   0   0    0   1    4    7   0   4   0   4   0     4   0   0   0   0
