Player           Team PS GP  Min  FGM  FGA  3M  3A FTM  FTA  OR   TR   AS  ST  TO  BK  PF  DQ   PTS  TC  EJ  FF Sta
abdur-rahim,shar  sac PF 80 2012  310  654   3  20 170  234 122  398  109  53 116  40 243   3   793   8   0   0  45
adams,hassan      njn PG 60  505   75  135   0   1  24   36  35   77   13  17  22   4  47   0   174   0   0   0   8
ager,maurice      dal SG 32  215   22   70   5  15  20   33   1   21    7   4  15   3  27   0    69   0   0   0   1
aldridge,lamarcu  por  C 63 1390  241  479   0   2  83  115 144  312   24  22  43  73 186   3   565   1   0   0  22
allen,malik       chi PF 60  638  107  258   0   1  28   34  42  119   16  17  21  16  85   0   242   1   0   0   1
allen,ray         sea SG 55 2220  505 1153 165 443 279  309  57  247  228  82 154  11 113   0  1454   0   0   0  55
allen,tony        bos PG 33  807  133  259   8  33 105  134  35  124   56  49  75  12  86   0   379   2   0   0  18
alston,rafer      hou PG 82 3037  383 1020 192 529 130  177  29  282  444 129 170  10 195   3  1088   7   0   0  82
amundson,louis    phi SF 11   91    6   15   0   0   4   10  13   28    1   1   5   8  15   0    16   0   0   0   0
anderson,alan     cha SF 17  256   37   81   5  20  19   23  11   32   21   7  22   0  33   0    98   1   0   0   0
anderson,derek    cha SF 50 1190  126  294  54 152  93  106  29  113  133  52  56   7 115   1   399   1   0   0  32
anthony,carmelo   den SF 65 2481  691 1453  40 149 459  568 143  392  249  77 234  22 203   1  1881  13   0   0  65
araujo,rafael     uta  C 28  251   27   65   0   0  18   29  22   66   10   6  17   2  39   0    72   0   0   0   0
arenas,gilbert    was PG 74 2942  647 1548 205 584 606  718  61  338  443 139 236  13 249   1  2105   2   0   0  73
ariza,trevor      orl SF 57 1279  200  371   0   7 106  171  98  249   65  59  84  19 134   1   506   2   0   0   7
armstrong,darrel  ind PG 81 1275  156  377  72 214  73   93  34  134  191  70  74   6 102   0   457   7   0   0   4
armstrong,hilton  nor PF 56  633   68  125   0   0  40   67  58  149   10  12  35  26  79   0   176   0   0   0   5
arroyo,carlos     orl PG 72 1304  203  478  14  51 132  166  31  134  202  39  90   2 131   1   552   4   0   0   5
artest,ron        sac SF 70 2642  458 1040  93 260 307  415 102  454  235 149 146  43 205   1  1316   1   0   0  65
atkins,chucky     mem PG 75 2066  310  715 116 306 252  311  18  139  346  50 127   4 136   2   988   4   0   0  23
augustine,james   orl PF  2    8    1    3   0   0   0    0   1    3    2   0   0   0   2   0     2   0   0   0   0
azubuike,kelenna  gsw SG 41  670   98  220  34  79  61   78  25   93   28  22  39   9  49   0   291   0   0   0   9
balkman,renaldo   nyk SF 68 1065  139  275   5  27  51   90  97  294   44  57  49  44 146   0   334   0   0   0   1
banks,marcus      pho PG 45  501   84  196   5  29  48   60  10   38   60  23  40   3  70   0   221   0   0   0   1
barbosa,leandro   pho PG 80 2616  529 1111 190 438 196  232  22  214  317  96 146  15 210   3  1444   0   0   0  18
barea,jose        dal PG 33  193   28   78   6  21  16   24   7   25   24   1  14   1  19   0    78   0   0   0   1
bargnani,andrea   tor PF 65 1628  267  625 100 268 117  142  52  255   50  32 107  53 180   0   751   3   0   0   2
barnes,matt       gsw SF 76 1815  275  628 106 290  90  123  91  350  156  73 105  41 188   1   746   3   0   0  23
barrett,andre     chi PG  7   30    4    8   0   0   0    0   1    5    7   0   4   0   4   0     8   0   0   0   0
barron,earl       mia  C 28  202   24   83   0   1  17   18  19   41    5   6  11   4  21   0    65   0   0   0   0
barry,brent       san SG 75 1633  202  425 128 287 103  117  17  160  138  56  61  12  88   0   635   1   0   0  28
bass,brandon      nor SF 21  161   15   44   0   1  12   16  13   43    3   2  10   3  16   0    42   0   0   0   3
baston,maceo      ind PF 47  406   49   76   3   7  37   47  21   74   16  12  32  18  65   0   138   0   0   0   2
batista,esteban   atl  C 13   81    8   16   0   0   4    7   7   30    4   3   4   0  13   0    20   0   0   0   0
battie,tony       orl  C 66 1576  176  360   0   1  52   77  92  344   35  29  61  30 185   0   404   1   0   0  66
battier,shane     hou SF 82 2990  292  654 157 373  88  113  67  339  175  79  72  60 190   1   829   0   0   0  82
bell,charlie      mil PG 82 2848  426  974 127 361 131  168  57  238  247  97 105   4 213   0  1110   1   0   0  64
bell,raja         pho SG 78 2918  410  950 205 496 118  152  48  251  196  50  83  22 233   5  1143   8   0   0  78
bibby,mike        sac PG 82 2784  471 1166 173 481 288  347  39  263  388  88 197   6 139   0  1403   6   0   0  82
biedrins,andris   gsw  C 82 2378  348  581   0   0  87  167 251  762   88  67 119 136 304   6   783   1   0   0  63
billups,chauncey  det PG 70 2537  348  815 109 316 386  437  23  237  502  84 140  17 161   0  1191   8   0   0  70
blake,steve       den PG 82 2224  209  509  67 208  43   64  21  168  408  61 129   8 121   0   528   2   0   0  42
blalock,will      det PG 14  166    9   30   1   5   6    6   6   15   17   5  12   0   9   0    25   0   0   0   0
blatche,andray    was PF 56  683   86  197   4  27  30   49  77  191   39  17  49  32  94   0   206   2   0   0  13
blount,mark       min  C 82 2547  427  839   9  31 147  195 136  505   67  43 159  59 239   2  1010   2   0   0  81
bogans,keith      orl SG 59  984   99  245  53 137  47   63  16   93   59  28  46   2  97   0   298   2   0   0  18
bogut,andrew      mil  C 66 2257  348  629   1   5 112  194 168  584  198  49 150  35 216   6   809   7   0   0  66
bonner,matt       san PF 56  653  106  237  36  94  27   38  65  156   22  17  25  11  67   1   275   0   0   0   0
boone,josh        njn PF 61  672   99  171   0   0  56  103  64  176   10  11  33  21  94   2   254   0   0   0   0
booth,calvin      was  C 43  368   31   65   1   2   6   10  26   79   17   4   9  29  68   0    69   0   0   0   1
boozer,carlos     uta PF 74 2564  647 1154   0   0 255  372 235  867  221  70 194  21 217   1  1549   2   0   0  74
bosh,chris        tor PF 69 2655  543 1094  12  35 463  590 186  741  176  39 179  90 163   0  1561   4   0   0  69
bowen,bruce       san SF 82 2462  189  467  89 232  43   73  23  223  117  62  65  25 175   1   510   4   0   0  82
boykins,earl      mil PG 66 2030  323  769  95 239 220  245  49  139  291  56 120   2  92   1   961   0   0   0  23
bozeman,cedric    atl SG 23  199   11   39   2  13   2    6   3   23    9   5   9   2  32   0    26   0   0   0   5
brand,elton       lac PF 80 3073  645 1211   1   1 351  461 268  744  235  77 202 179 238   0  1642   3   0   0  80
brewer,ronnie     uta SG 56  671  102  193   0   9  56   83  37   75   24  37  24   6  44   0   260   0   0   0  14
brezec,primoz     cha  C 58  842  122  274   1   3  43   68  80  184   23  11  38  23 161   3   288   0   0   0  40
brown,andre       sea  C 38  272   42   74   0   1   9   15  26   74    2   6  29   4  26   0    93   1   0   0   0
brown,dee         uta PG 49  451   32   98   6  28  24   37   8   40   83  22  31   7  51   0    94   0   0   0   0
brown,devin       nor SG 58 1664  233  555  81 227 123  155  55  251  149  44  91   9 139   0   670   1   0   0  49
brown,kwame       lal  C 41 1131  143  242   0   1  59  134  81  244   75  39  76  49 124   0   345   1   0   0  28
brown,p.j.        chi PF 72 1452  170  418   0   2  96  122 129  347   48  24  85  50 187   1   436   2   0   0  49
brown,shannon     cle SG 23  201   28   74   7  25  10   14   6   21   10   7  14   2  24   0    73   0   0   0   5
bryant,kobe       lal SG 77 3142  813 1757 137 398 667  768  75  439  413 111 255  36 205   2  2430  14   0   0  77
buckner,greg      dal SG 76 1371  123  299  32 103  27   34  35  158   70  47  40   7 152   0   305   1   0   0  11
burke,pat         pho  C 23  164   23   65   6  22   8   13  12   47    5   3   7   2  19   0    60   0   0   0   0
butler,caron      was SF 64 2486  451  976  18  72 283  328 148  469  234 134 181  17 191   0  1203   4   0   0  63
butler,jackie     san PF 11  103   16   35   0   0   9   10   6   22    5   2  10   0  16   0    41   0   0   0   2
butler,rasual     nor SF 81 2225  314  788 134 363  56   87  42  256   63  40  67  54 148   0   818   1   0   0  38
bynum,andrew      lal  C 82 1793  247  443   0   3 143  214 139  484   94  12 115 128 249   5   637   3   0   0  53
calderon,jose     tor PG 78 1616  263  505  25  75 117  143  21  134  387  63 110   5 136   0   668   2   0   0  11
camby,marcus      den  C 70 2371  312  659   0   2 161  221 164  816  223  87 122 232 183   2   785   2   0   0  70
cardinal,brian    mem PF 28  315   42   85  18  44  25   27  13   59   31  22  23   1  42   0   127   1   0   0   1
carney,rodney     phi SF 67 1170  182  392  25  72  53   87  39  128   26  38  43  23 118   0   442   0   0   0  35
carroll,matt      cha SG 72 1877  285  658 111 267 188  208  35  207   91  53  73   9 176   1   869   0   0   0  47
carter,anthony    den PG  2   37    3    8   0   2   0    0   0    3   11   0   6   1   4   0     6   0   0   0   0
carter,vince      njn SG 82 3128  726 1598 156 437 462  576 114  492  393  82 217  30 266   2  2070   4   0   0  82
cassell,sam       lac PG 58 1410  261  625  32 109 160  182  27  167  270  28 101   8 126   0   714   7   0   0  30
cato,kelvin       nyk  C 18   96    7   22   0   0   8   12  12   31    0   3   6  10  10   0    22   0   0   0   0
chandler,tyson    nor  C 74 2510  290  464   0   1 103  197 316  899   66  37 125 129 244   5   683  10   0   0  73
childress,josh    atl SF 55 2025  261  518  26  77 167  210 124  341  128  58  80  36 118   0   715   0   0   0  13
christie,doug     lac SG  7   82    5   17   1   6   2    3   3   11    8   3   5   1  11   0    13   0   0   0   0
claxton,speedy    atl PG 42 1052   91  278   6  28  33   60  12   81  185  72  75   4 131   3   221   0   0   0  31
collins,jarron    uta  C 82  919   75  170   0   0  54   83  71  171   60  13  37   8 147   0   204   0   0   0   9
collins,jason     njn  C 80 1845   55  151   0   2  59  127  90  316   46  40  73  38 273   2   169   3   0   0  78
collins,mardy     nyk SG 52  785   87  228  13  47  48   82  28  104   83  32  57   3  75   0   235   0   0   0   9
collison,nick     sea PF 82 2377  318  636   0   2 154  199 229  666   82  48 123  66 289   7   790   2   0   0  56
conroy,will       lac PG  7   52    0    3   0   0   0    4   3    7    9   0   2   0   7   0     0   0   0   0   0
cook,brian        lal PF 65 1017  185  409  46 115  34   47  62  216   65  25  51  26 134   3   450   5   0   0  24
crawford,jamal    nyk SG 59 2198  354  886 103 322 228  272  44  189  259  57 162   8 114   0  1039   1   0   0  36
croshere,austin   dal PF 61  727   78  222  26  91  45   52  33  186   44  14  33   6  68   0   227   1   0   0   2
curry,eddy        nyk  C 81 2850  585 1016   1   1 405  659 195  571   68  34 295  40 265   4  1576   9   0   0  81
dalembert,samuel  phi  C 82 2533  356  658   0   2 167  224 239  733   64  47 161 159 286   8   879   0   0   0  82
dampier,erick     dal  C 76 1913  209  334   0   0 119  191 217  566   44  24 107  82 239   3   537   1   0   0  73
daniels,antonio   was PG 80 1764  172  389  19  63 208  250  18  151  290  39  69   9  79   0   571   2   0   0   8
daniels,marquis   ind SG 45  800  129  281   6  26  56   80  26   82   57  27  55   7  56   0   320   0   0   0   4
davis,baron       gsw PG 63 2223  452 1030  85 280 275  369  51  276  509 135 193  29 181   1  1264   8   0   0  62
davis,dale        det  C 46  463   33   74   0   0  17   26  59  137   12  10  15  34  60   0    83   2   0   0   6
davis,paul        lac  C 31  179   22   52   0   0   7   10  21   44    7   6   8   5  28   0    51   0   0   0   0
davis,ricky       min SG 81 3020  506 1089 123 310 239  285  54  315  385  80 210  23 189   1  1374  11   0   0  81
delfino,carlos    det SG 82 1373  156  376  46 138  70   89  67  266   88  46  61   8  97   0   428   1   0   0   1
deng,luol         chi SF 82 3074  630 1218   1   7 279  359 148  579  204  97 153  48 167   1  1540   0   0   0  82
diaw,boris        pho PF 73 2274  306  569  15  45  82  120  91  317  352  28 154  38 177   6   709   0   0   0  59
diawara,yakhouba  den SF 64 1179  100  292  49 170  35   53  27  110   55  30  37   7 132   0   284   1   0   0  19
dickau,dan        por PG 50  448   54  151  16  61  42   53   7   43   70  14  27   1  55   0   166   0   0   0   3
diener,travis     orl PG 26  285   34   80  18  50  12   15   3   18   35   4  13   0  27   0    98   0   0   0   0
diogu,ike         ind PF 59  759  127  266   0   0 112  140  75  203   25   8  67  26 122   3   366   1   0   0   2
diop,desagana     dal  C 81 1473   71  151   0   1  48   86 166  438   30  40  63 113 244   2   190   2   0   0   9
dixon,juan        tor SG 81 1927  299  703  79 226 101  116  27  158  123  76 101   9 177   0   778   2   0   0   6
doleac,michael    mia  C 56  699   82  175   0   1  36   41  44  155   22  18  30  15  96   0   200   0   0   0   0
dooling,keyon     orl PG 66 1434  188  458  31  96 114  141  22   86  112  52  72  15 125   0   521   1   0   0   2
douby,quincy      sac PG 42  362   48  126  12  50  11   15  11   37   15  15  15   4  21   0   119   0   0   0   0
duhon,chris       chi PG 78 1907  197  483  88 245  76  101  23  169  310  69 105   6 150   0   558   2   0   0  30
duncan,tim        san PF 80 2728  618 1131   1   9 362  568 213  845  273  66 223 190 203   0  1599   9   0   0  80
dunleavy,mike     ind SF 82 2582  384  849  70 223 211  269  84  431  228  84 149  22 203   1  1049   0   0   0  49
dupree,ronald     det SF 19   98   11   31   0   0   3    9   5   17    5   5   3   1  12   0    25   0   0   0   0
ellis,monta       gsw PG 77 2640  480 1010  39 143 273  358  62  243  319 132 221  19 210   1  1272   0   0   0  53
elson,francisco   san  C 70 1333  144  282   0   2  62   80  81  336   55  31  86  59 184   0   350   3   0   0  41
ely,melvin        san PF 30  310   29   80   0   0  31   47  15   53   18   6  29   8  51   0    89   0   0   0   0
evans,maurice     lal SG 76 1730  234  542  48 133 122  155  93  221   74  38  57  14 126   0   638   1   0   0  10
evans,reggie      den PF 66 1129  117  215   0   0  91  183 156  460   45  42  95  16 144   0   325   2   0   0  11
ewing,daniel      lac PG 61  716   65  161  14  44  35   45   9   73   90  32  50   4  62   1   179   0   0   0   3
farmar,jordan     lal PG 72 1091  124  294  45 137  27   38  22  119  137  44  73   7  77   0   320   1   0   0   2
farmer,desmon     sea SG  8   32    5   15   2   8   1    1   0    1    9   1   1   0   2   0    13   0   0   0   0
felton,raymond    cha PG 78 2837  393 1024 103 312 204  256  51  267  545 118 230  10 180   1  1093   1   0   0  75
finley,michael    san SG 82 1820  273  663 104 286  90   98  34  223  108  32  46  16  76   0   740   0   0   0  16
fisher,derek      uta PG 82 2285  258  675  48 156 262  307  30  149  274  83 120   6 234   4   826   5   0   0  61
ford,t.j.         tor PG 75 2243  393  902  21  69 240  293  53  236  595 101 231   8 186   3  1047   2   0   0  71
fortson,danny     sea PF 14  157   15   30   0   1  10   13  13   43    1   1  15   0  38   0    40   0   0   0   6
foster,jeff       ind  C 75 1742  123  260   0   1  78  122 252  608   57  62  70  37 202   1   324   4   0   0  43
foye,randy        min PG 82 1876  300  691  68 185 164  192  49  218  232  53 152  21 184   1   832   0   0   0  12
foyle,adonal      gsw  C 48  481   48   85   0   0  11   25  51  126   19  11  23  50  61   0   107   0   0   0   6
francis,steve     nyk PG 44 1236  140  343  42 111 175  211  33  157  170  41 100  12 126   4   497   7   0   0  30
freije,matt       atl PF 19  148   16   54   3  22   5    6   8   24    7   3   3   1  13   0    40   0   0   0   0
frye,channing     nyk PF 72 1897  298  689   3  18  85  108  91  395   67  36 100  42 216   3   684   3   0   0  59
gadzuric,dan      mil  C 54  841  108  228   0   1  42   90  94  246   29  22  49  32 141   3   258   1   0   0   8
garbajosa,jorge   tor  C 67 1906  222  529  66 193  57   78  48  330  125  78  64  15  90   0   567   0   0   0  60
garcia,francisco  sac SF 79 1408  163  380  53 149  95  114  53  205   87  45  70  43 190   2   474   1   0   0   5
garnett,kevin     min PF 76 2999  638 1341  12  56 416  498 183  975  313  89 205 126 184   2  1704  13   0   0  76
garrity,pat       orl SF 33  277   22   70  11  32  16   18  12   42   14   7  14   0  37   0    71   0   0   0   0
gasol,pau         mem PF 59 2133  462  858   3  11 299  400 149  581  201  29 161 126 137   0  1226   0   0   0  59
gay,rudy          mem PF 78 2107  321  760  52 143 152  209  93  347  100  71 140  74 192   3   846   1   0   0  43
gelabale,mickael  sea SF 70 1236  122  264  11  47  66   82  59  173   56  24  49  22 108   1   321   0   0   0  14
george,devean     dal SF 60 1281  146  370  53 150  36   48  57  213   33  46  51  23 143   2   381   3   0   0  17
gibson,daniel     cle PG 60  990   98  231  52 124  28   39  28   92   69  23  44   8  94   1   276   0   0   0  16
ginobili,manu     san SG 75 2064  396  854 128 323 320  372  59  327  263 109 157  27 155   0  1240   2   0   0  36
giricek,gordan    uta SG 61 1191  176  381  52 122  71   87  24  129   63  28  62   5 122   1   475   1   0   0   6
glyniadakis,andr  sea  C 13   80    8   17   0   0   1    2   2    8    1   0   9   0  18   0    17   0   0   0   4
gomes,ryan        bos PF 73 2274  338  723  16  42 189  233 125  407  119  48 105  13 169   1   881   0   0   0  60
gooden,drew       cle PF 80 2239  371  784   1   6 142  199 263  681   88  70 115  28 210   2   885   3   0   0  80
gordon,ben        chi SG 82 2703  609 1338 155 375 380  440  35  258  297  63 249  17 252   1  1753   2   0   0  51
graham,joey       tor SF 79 1321  192  388   9  31 110  131  55  248   44  29  49   4 161   1   503   0   0   0  21
graham,stephen    por SG 14  166   17   40   3  11   8    9   6   21    5   4  13   1  25   0    45   0   0   0   1
granger,danny     ind PF 82 2789  398  867 110 288 236  294 114  381  114  66 135  61 245   3  1142   0   0   0  57
green,gerald      bos SF 81 1779  310  739  95 259 128  159  68  208   83  41 120  24 198   1   843   1   0   0  26
green,willie      phi SG 74 1846  357  868  51 157  74  111  42  158  112  56 106   4 145   1   839   0   0   0  36
greene,orien      ind PG 41  260   23   62   2  11  15   25  12   44   22  17  28   4  38   0    63   0   0   0   0
greer,lynn        mil PG 41  440   61  141  18  52  27   32   2   27   53  17  18   1  32   0   167   0   0   0   0
griffin,adrian    chi SG 54  585   61  129   0   6  15   19  40  109   59  32  38   4  78   1   137   0   0   0   1
griffin,eddie     min PF 13   91    7   27   0   1   4    5   7   24    4   0   6   7   8   0    18   0   0   0   0
hall,mike         was SF  2   13    1    4   0   0   0    0   1    2    1   0   0   0   1   0     2   0   0   0   0
hamilton,richard  det SG 75 2761  547 1170  44 129 347  403  75  282  285  59 159  15 232   2  1485  15   0   0  75
harpring,matt     uta SF 77 1966  322  656  13  39 237  309 117  353   99  52 118  11 232   3   894   0   0   0   2
harrington,al     gsw PF 78 2565  495 1083 127 293 168  242 151  496  149  65 169  24 268   2  1285   3   0   0  78
harrington,junio  mem PG 29  543   57  137   7  26  31   46  12   68   89  21  52   5  79   0   152   1   0   0   8
harrington,othel  cha PF 26  224   25   56   0   0  17   22  13   38    6   1  15   1  49   0    67   1   0   0   0
harris,devin      dal PG 80 2087  292  593  14  50 215  261  45  196  296  96 146  21 242   5   813   1   0   0  61
harrison,david    ind  C 24  191   30   58   0   0  11   22   9   42    6   5  26  12  47   0    71   3   0   0   2
hart,jason        lac PG 36  850  100  224   7  29  42   47  14   98  103  44  38   1  83   3   249   1   0   0  22
haslem,udonis     mia PF 79 2486  353  717   0   4 138  203 188  654   97  49 110  26 236   1   844   5   0   0  79
hassell,trenton   min SG 76 2218  217  443   6  25  72   92  83  243  203  22  80  26 144   1   512   0   0   0  68
hayes,chuck       hou SF 78 1716  192  335   0   0  55   89 204  520   47  70  64  18 281   9   439   0   0   0  43
hayes,jarvis      was SF 81 1626  224  546  66 183  71   84  42  210   80  48  56  13 160   1   585   0   0   0  17
haywood,brendan   was  C 77 1740  198  355   0   0 115  210 195  477   47  34  90  88 208   3   511   2   0   0  49
head,luther       hou PG 80 2209  306  700 177 401  83  105  31  252  194  76 137   5 133   1   872   1   0   0  10
henderson,alan    phi PF 38  418   43   67   0   0  33   47  48  107   10   9  12  12  62   1   119   0   0   0   5
herrmann,walter   cha SF 48  937  174  330  53 115  41   53  28  139   26  17  32   7  76   0   442   0   0   0  12
hilario,nene      den PF 64 1717  294  516   0   1 195  283 150  449   77  62 127  58 209   3   783   4   0   0  42
hill,grant        orl SF 65 2006  342  660   2  12 248  324  53  237  138  61 144  25 146   1   934   2   0   0  64
hinrich,kirk      chi PG 80 2841  475 1061 140 337 237  284  32  274  500 100 191  23 274   5  1327   7   0   0  80
hite,robert       mia PG 12  136   19   60   5  23   8   12   4   16    8   3   6   2   8   0    51   0   0   0   0
hodge,julius      mil SG  9   63    6   12   0   0   3    4   2    8   12   4   3   0   6   0    15   0   0   0   1
hollins,ryan      cha  C 27  186   20   36   0   0  24   40  11   31    1   4  16   7  40   1    64   0   0   0   0
horry,robert      san PF 69 1128   90  251  50 149  38   64  73  229   77  45  44  41 105   1   268   2   0   0   8
house,eddie       njn SG 56  943  180  421  75 175  33   36  14   92   67  27  27   3  69   0   468   4   0   0   1
howard,dwight     orl PF 82 3025  526  873   1   2 390  666 283 1008  158  70 317 156 245   3  1443   6   0   0  82
howard,josh       dal SF 70 2455  493 1075  92 239 243  294 130  475  127  82 123  56 180   2  1321   4   0   0  69
howard,juwan      hou PF 80 2127  309  665   0   0 155  188 138  470  131  29 112   8 205   1   773   4   0   0  38
hudson,troy       min PG 34  558   74  195  28  80  26   32   8   48   73  14  40   2  23   0   202   0   0   0   6
hughes,larry      cle SG 70 2597  381  953  74 222 209  309  41  267  256  89 154  26 164   1  1045   5   0   0  68
humphries,kris    tor SF 60  666   87  185   0   0  53   79  78  187   18  14  32  21  98   0   227   0   0   0   2
hunter,lindsey    det PG 52  746   94  244  38 119  30   33   9   47   93  34  35   7  56   0   256   0   0   0   0
hunter,steven     phi  C 70 1601  188  326   0   0  74  151 114  334   26  13  65  76 137   1   450   2   0   0  41
iguodala,andre    phi SG 76 3069  443  991  48 155 452  551  77  434  432 152 261  33 200   0  1386   1   0   0  76
ilgauskas,zydrun  cle  C 78 2134  385  793   0   1 155  192 242  599  123  48 141  98 257   4   925   4   0   0  78
ilic,mile         njn  C  5    6    0    3   0   0   0    0   0    1    0   0   3   0   1   0     0   0   0   0   0
ilyasova,ersan    mil PF 66  976  139  363  54 148  70   89  58  189   49  27  51  17 147   2   402   0   0   0  14
iverson,allen     den PG 65 2763  581 1313  62 197 485  610  23  193  468 123 268  13  96   0  1709  10   0   0  64
ivey,royal        atl PG 53  541   64  142   5  15  24   35  15   51   45  24  31   4  62   0   157   0   0   0  18
jack,jarrett      por PG 79 2649  320  705  63 180 243  279  18  208  417  86 187   9 202   0   946   1   0   0  79
jackson,bobby     nor PG 56 1340  205  520  53 162 129  167  44  188  141  49  79   6  97   0   592   3   0   0   3
jackson,luke      tor SF 13  139   19   43   5  17   5    9   2   10   13   5   7   1  15   0    48   0   0   0   2
jackson,marc      nor PF 56 1006  158  386   1   4  91  104  60  182   58  22  64   7  90   0   408   3   0   0  24
jackson,stephen   gsw SG 75 2475  409  944 100 311 243  299  61  222  287  84 183  34 200   4  1161  13   0   0  69
james,jerome      nyk  C 41  271   33   79   0   0  10   18  21   66    3   6  23  15  73   0    76   0   0   0  11
james,lebron      cle SF 78 3195  772 1621  99 310 489  701  83  526  470 125 250  55 171   1  2132   2   0   0  78
james,mike        min PG 82 2073  297  702  80 215 154  184  25  163  297  55 129   7 171   1   828   0   0   0  65
jamison,antawn    was PF 70 2660  512 1139 138 378 226  307 134  562  136  80 104  36 194   2  1388   3   0   0  70
jaric,marko       min SG 70 1558  136  325  32  85  67   88  54  184  145  75  88  16 172   1   371   1   0   0  13
jasikevicius,sar  gsw PG 63  973  128  322  44 130  86   95  15   69  172  26  90   1  75   0   386   1   0   0   3
jefferson,al      bos  C 69 2320  453  882   0   1 201  295 237  756   88  48 136 106 232   2  1107   0   0   0  60
jefferson,richar  njn SF 55 1958  303  665  52 145 239  326  49  240  148  34 120   8 123   0   897   0   0   0  53
jeffries,jared    nyk SF 55 1309   95  206   2  20  31   68 111  238   67  44  61  30 150   2   223   1   0   0  43
johnson,alexande  mem PF 59  752   91  169   0   0  78  118  50  181   17  25  47  35 137   5   260   2   0   0  19
johnson,amir      det SF  8  125   18   33   0   3  11   14  15   37    3   5   9  13  19   0    47   0   0   0   0
johnson,anthony   atl PG 67 1297  142  344  25  74  46   61  22  101  201  33  76   3 119   0   355   3   0   0  17
johnson,dermarr   den SG 39  418   50  154  19  88  16   21  10   57   17  16  27  12  39   0   135   0   0   0   7
johnson,joe       atl SG 57 2359  536 1139 119 312 235  314  53  239  249  60 176  11 115   1  1426   1   0   0  57
johnson,linton    nor SF 54  719   93  190  10  30  30   37  52  163   18  33  27  18 101   0   226   3   0   0   0
jones,bobby       phi SF 43  331   41   91   1   9  23   41  22   55   16  11  18   1  58   0   106   0   0   0   5
jones,dahntay     mem SG 78 1666  220  461   5  12 138  174  47  153   68  39  92  22 192   2   583   4   0   0  25
jones,damon       cle PG 60 1177  137  355  89 231  30   44   9   66   94  16  36   2  53   0   393   2   0   0   0
jones,dwayne      cle PF  4   17    0    1   0   0   3    6   1    6    0   0   2   0   3   0     3   0   0   0   0
jones,eddie       mia SG 64 1589  178  422  78 222  59   75  31  190  109  68  47  10 124   1   493   0   0   0  41
jones,fred        por SG 63 1318  139  361  39 128  95  114  23  114  108  48  67  16 121   4   412   0   0   0  12
jones,james       pho SF 76 1378  162  440  90 238  71   81  33  176   45  28  28  42 115   1   485   0   0   0   7
jones,jumaine     pho SF 19  140   14   51  10  32   2    2   6   23    1   5   7   1  19   0    40   0   0   0   0
jones,solomon     atl PF 58  673   65  128   0   1  59   75  49  136   11  11  25  42 124   3   189   0   0   0   8
kaman,chris       lac  C 75 2173  294  652   0   1 166  224 160  588   79  41 147 116 251   6   754   8   0   0  66
kapono,jason      mia SF 67 1769  278  563 108 210  66   74  26  180   81  38  70   2 135   1   730   0   0   0  35
khryapa,viktor    chi SF 34  234   27   70   0   6  19   26  20   57   22  10  16   1  53   0    73   0   0   0   0
kidd,jason        njn PG 80 2937  369  908 124 361 179  230 135  655  736 127 213  23 146   0  1041   3   0   0  80
kinsey,tarance    mem SG 48  969  139  303  13  46  78   98  28   97   41  53  46   2  57   0   369   0   0   0  12
kirilenko,andrei  uta SF 70 2048  197  418  16  75 174  239  88  329  202  74 135 144 172   2   584   0   0   0  70
kleiza,linas      den PF 79 1488  200  474  83 221 115  135  77  266   45  28  79  14 200   0   598   3   0   0  14
knight,brevin     cha PG 45 1273  152  363   1  18 103  128  14  115  296  67  95   3 113   2   408   7   0   0  25
korolev,yaroslav  lac SF 10   42    4   16   1   5   3    6   1    3    4   3   1   0   0   0    12   0   0   0   0
korver,kyle       phi SF 74 2291  372  845 132 307 191  209  30  259  105  57 117  20 188   1  1067   1   0   0   1
krstic,nenad      njn  C 26  849  170  323   0   1  86  121  51  176   46  10  52  24  88   1   426   0   0   0  26
lafrentz,raef     por  C 27  354   39  102   2  23  20   26  25   70    8   7  13  11  57   2   100   0   0   0   9
lang,james        was  C 11   55    4    9   0   0   3    5   5   11    2   0   2   3  14   0    11   0   0   0   0
lee,david         nyk SF 58 1729  240  400   0   0 141  173 196  602  104  48  92  23 155   3   621   2   0   0  12
lewis,rashard     sea SF 60 2350  463 1005 151 387 265  315  91  396  145  68 118  39 143   1  1342   2   0   0  60
livingston,randy  sea PG  4   25    0    3   0   0   0    0   1    1    4   0   1   0   2   0     0   0   0   0   0
livingston,shaun  lac PG 54 1613  208  449   5  16  82  116  56  184  274  59 108  29 135   1   503   2   0   0  31
lowry,kyle        mem PG 10  174   14   38   3   8  25   28  12   31   32  14  12   1  20   0    56   0   0   0   0
lucas,john        hou PG 47  385   62  156  15  59  15   19   9   36   33  17  15   0  38   0   154   0   0   0   0
lue,tyronn        atl PG 56 1484  218  523  56 160 144  163  19  104  201  24  85   0 101   0   636   1   0   0  17
madsen,mark       min PF 56  471   23   43   0   0  15   29  35   87   10  10  21  10 100   0    61   0   0   0   0
maggette,corey    lac SG 75 2294  367  808  13  65 519  633  90  442  208  65 201  14 244   2  1266   3   0   0  31
magloire,jamaal   por  C 81 1706  199  395   0   0 131  242 151  492   30  21 129  66 226   0   529   5   0   0  23
major,renaldo     gsw SF  1   27    2   10   0   0   1    2   0    2    0   2   1   0   4   0     5   0   0   0   0
marbury,stephon   nyk PG 74 2751  395  952 123 345 297  386  36  213  403  71 179  10 185   3  1210   5   0   0  74
marion,shawn      pho PF 80 3007  560 1070  79 251 201  248 172  785  134 156 114 122 216   3  1400   2   0   0  80
markota,damir     mil PF 30  170   19   52   6  16   7   11  11   31    6   3  15   1  22   0    51   0   0   0   0
marks,sean        pho  C  4   18    2    6   0   1   2    2   0    3    0   0   0   1   4   0     6   0   0   0   0
marshall,donyell  cle PF 81 1361  209  493  95 271  53   80  86  323   46  36  70  43 130   0   566   1   0   0   0
marshall,rawle    ind SF 40  362   32   89   4  18  31   45   8   29   13  12  19   5  22   0    99   0   0   0   2
martin,darrick    tor PG 31  222   33   94  13  37  15   21   2   12   43   3  12   0  22   0    94   0   0   0   0
martin,kenyon     den PF  2   62    8   16   0   1   3   12   6   20    1   0   5   0  10   0    19   1   0   0   2
martin,kevin      sac SG 80 2818  505 1067 127 333 481  570  69  342  173  98 135  11 181   1  1618   0   0   0  80
mason,desmond     nor SG 75 2573  407  900   0   0 214  323 124  345  115  52 192  22 174   1  1028   7   0   0  75
mason,roger       was PG 61  488   59  177  33 101  14   16   8   46   34  13  19   6  64   0   165   0   0   0   0
maxiell,jason     det PF 67  943  131  262   0   0  72  137  88  186   14  30  53  60 110   1   334   1   0   0   8
may,sean          cha PF 35  837  164  328   2   3  86  112  73  233   66  19  56  24 100   0   416   2   0   0   8
mbenga,dj         dal  C 21   80    5   16   0   0   7    8   3   11    6   3   5   5  17   0    17   0   0   0   0
mccants,rashad    min SG 37  555   62  177  20  75  40   58  14   47   38  26  40   7  71   1   184   0   0   0   0
mccray,chris      mil SG  5   12    0    3   0   0   0    0   0    0    0   0   2   0   1   0     0   0   0   0   0
mcdyess,antonio   det PF 82 1727  284  540   0   0  96  139 165  496   72  61  75  65 239   1   664   9   0   0   3
mcfarlin,ivan     phi PF 11   41    5   13   0   1   5    7   7   11    1   0   1   0   8   0    15   0   0   0   0
mcgrady,tracy     hou SG 71 2542  638 1480 126 381 345  488  56  378  458  92 213  36 136   0  1747   2   0   0  71
mcinnis,jeff      cha PG 38  702   71  181   1   8  22   32  14   62  124  14  42   0  72   0   165   2   0   0   3
mckie,aaron       lal SG 10  131   11   17   0   0   0    0   1   18   13   4   8   0  14   0    22   0   0   0   0
mcleod,keith      ind PG 48  716   73  188  16  45  69   78   4   43   90  24  46   5  51   0   231   1   0   0   9
medvedenko,slava  atl PF 13   81   11   28   0   1  17   20   4   14    2   0   5   2  16   0    39   0   0   0   0
mensah-bonsu,pop  dal PF 12   72   11   17   0   0   7   18   9   21    0   1   9   0   8   0    29   0   0   0   0
miles,c.j.        uta SG 37  376   40  116   7  32  14   23  11   35   25  11  30   4  60   0   101   1   0   0  13
milicic,darko     orl  C 80 1908  249  548   0   1 141  230 145  437   90  44 124 140 219   3   639   3   0   0  16
miller,andre      phi PG 80 2958  422  906   5  35 222  283  97  351  625 110 222  10 182   1  1071   4   0   0  79
miller,brad       sac  C 63 1784  224  494   5  33 115  149  79  401  224  38 108  39 155   0   568   4   0   0  56
miller,mike       mem SF 70 2740  465 1010 202 498 161  203  52  378  298  54 179  18 138   0  1293   2   0   0  69
millsap,paul      uta SF 82 1473  209  398   1   3 140  208 183  423   62  67  94  74 236   3   559   0   0   0   1
ming,yao          hou  C 48 1625  423  819   0   2 356  413 101  452   94  17 167  94 159   0  1202   1   0   0  48
mobley,cuttino    lac SG 78 2840  388  882 101 246 200  239  52  267  198  92 145  24 186   0  1077   6   0   0  73
mohammed,nazr     det  C 51  776  118  222   0   0  50   82  89  229    9  27  43  40 133   3   286   3   0   0  33
moore,mikki       njn  C 79 2083  308  506   0   1 160  235 145  403   74  46 113  60 261   3   776  12   0   0  55
morris,randolph   nyk  C  5   43    1    6   0   0   2    6   1    9    1   2   2   1   4   0     4   0   0   0   0
morrison,adam     cha SF 78 2331  355  944  87 258 120  169  54  230  163  28 130   6 179   0   917   7   0   0  23
mourning,alonzo   mia  C 77 1571  238  425   0   0 185  308 126  350   18  13 129 178 219   3   661   8   0   0  43
murphy,troy       ind PF 68 1849  266  581  58 147 108  145 100  414  126  46  78  42 195   2   698   4   0   0  48
murray,ronald     det SG 69 1474  177  438  24  83  87  120  26  113  187  49  90  13  96   0   465   1   0   0  18
mutombo,dikembe   hou  C 75 1291   85  153   0   0  60   87 164  488   13  22  38  76 156   0   230   5   0   0  33
nachbar,bostjan   njn SF 76 1533  226  495 112 265 132  164  27  253   61  30  69  26 183   2   696   4   0   0   1
najera,eduardo    den SF 75 1658  204  354   1  12  88  123 131  310   64  73  56  26 207   3   497   4   0   0  36
nash,steve        pho PG 76 2684  517  971 156 343 222  247  30  269  884  57 287   6 117   0  1412   5   0   0  76
nelson,jameer     orl PG 77 2338  376  875  65 194 183  221  50  234  330  73 184   5 225   2  1000   2   0   0  77
nesterovic,rasho  tor  C 80 1657  230  421   0   1  34   50 115  360   74  38  56  84 193   3   494   1   0   0  73
newble,ira        cle SF 15  130   16   37   8  15   6   10  13   30    2   6   3   0  17   0    46   0   0   0   1
nocioni,andres    chi SF 53 1404  273  584  80 209 123  145  42  301   57  27 104  24 164   3   749   2   0   0  31
noel,david        mil SF 68  794   65  177  17  53  37   43  42  123   65  25  40   9  77   1   184   0   0   0   0
novak,steve       hou SF 35  193   18   50  13  39   2    2   4   26    6   5   4   0  21   0    51   0   0   0   1
nowitzki,dirk     dal PF 78 2817  673 1341  72 173 498  551 122  693  263  52 167  62 171   0  1916  12   0   0  78
o'bryant,patrick  gsw  C 16  119   10   32   0   0  11   17   7   21    9   6   8   8  26   0    31   0   0   0   0
o'neal,jermaine   ind  C 69 2461  498 1141   0   7 343  447 153  661  167  50 203 182 232   3  1339  11   0   0  69
o'neal,shaquille  mia  C 40 1134  283  479   0   0 124  294  97  297   79   8  95  55 139   2   690   2   0   0  39
oberto,fabricio   san  C 79 1364  158  281   0   0  33   51 131  368   68  25  69  24 213   2   349   0   0   0  33
odom,lamar        lal PF 56 2203  319  681  54 182 198  283 102  547  270  53 163  32 182   5   890  11   0   0  56
okafor,emeka      cha  C 67 2330  394  740   0   0 175  295 258  757   80  57 111 172 210   4   963   2   0   0  65
okur,mehmet       uta  C 80 2661  490 1061 129 336 296  387 160  579  156  36 125  38 257   1  1405   7   0   0  80
ollie,kevin       phi PG 53  928   81  187   0   2  37   45   8   74  130  21  47   1  76   0   199   0   0   0  23
olowokandi,micha  bos  C 24  237   19   46   0   0   2    3  14   48    5   8  17  13  48   0    40   1   0   0   0
outlaw,bo         orl PF 41  458   34   51   0   0  13   22  47  106   16  17  21   6  57   0    81   0   0   0   0
outlaw,travis     por SF 67 1537  246  567  10  37 143  181  65  217   52  61  66  74 150   1   645   1   0   0   1
pachulia,zaza     atl  C 72 2025  291  615   0   1 293  373 200  501  106  77 162  36 267   4   875   1   0   0  47
padgett,scott     mem PF 31  233   16   56   8  33   6   13  16   54    8   5   9   3  35   0    46   0   0   0   0
pargo,jannero     nor PG 82 1711  283  692  81 209 104  122  20  180  203  53 122   4 121   0   751   0   0   0   7
parker,anthony    tor SG 73 2433  328  687 115 261 132  159  60  283  153  73  71  11 135   0   903   0   0   0  73
parker,smush      lal PG 82 2455  342  785 110 301 113  175  45  206  228 119 153  10 211   4   907   6   0   0  80
parker,tony       san PG 77 2503  570 1096  15  38 274  350  34  250  420  82 191   6 137   0  1429   3   0   0  77
patterson,ruben   mil SF 81 2506  475  867   3  19 241  373 190  440  232 110 199  25 232   2  1194   6   0   0  53
paul,chris        nor PG 64 2357  381  871  50 143 292  357  54  280  569 118 161   3 154   0  1104   9   0   0  64
pavlovic,sasha    cle SF 67 1533  222  490  60 148 100  127  23  158  105  55 102  17 145   2   604   1   0   0  28
payton,gary       mia PG 68 1503  144  366  32 123  38   57  18  132  201  43  66   3 117   0   358   6   0   0  28
perkins,kendrick  bos  C 72 1575  132  269   0   3  60  100 113  372   94  23 113  96 214   0   324   4   0   0  53
peterson,morris   tor SF 71 1519  222  517 106 295  84  123  32  237   47  45  53  12 126   0   634   2   0   0  12
petro,johan       sea  C 81 1508  226  438   0   0  50   77  92  335   45  39  82  47 237   1   502   1   0   0  13
piatkowski,eric   pho SG 12   72    9   25   7  18   2    2   2    9    4   0   5   1   6   0    27   0   0   0   0
pierce,paul       bos SF 47 1741  373  850 107 275 320  402  39  277  194  48 152  13 122   0  1173   2   0   0  46
pietrus,mickael   gsw SG 72 1940  286  586  93 240 136  210  81  327   62  48 105  55 220   1   801   0   0   0  38
pinkney,kevinn    bos PF  6   99   12   27   1   2   6    9   7   15    5   3   4   3  12   0    31   0   0   0   0
pollard,scot      cle  C 24  109   11   26   0   0   2    4  15   31    3   4   4   1  27   0    24   1   0   0   0
posey,james       mia SF 71 1918  186  432  97 259  81   98  66  357   94  71  55  23 193   1   550   2   0   0  19
potapenko,vitaly  sac  C  3   14    0    4   0   0   0    0   0    2    0   0   2   0   3   0     0   0   0   0   0
powe,leon         bos PF 61  725   79  177   0   2 106  144  97  215   10  14  47  22 104   2   264   0   0   0   2
powell,josh       gsw SF 37  355   43   93   0   0  30   42  24   88   21   5  29  12  61   0   116   0   0   0   0
powell,roger      uta SF  3   13    0    3   0   1   2    2   3    3    0   0   3   0   2   0     2   0   0   0   0
price,ronnie      sac PG 58  567   67  172  21  65  37   55  15   71   48  28  33   4  64   0   192   0   0   0   1
prince,tayshaun   det SF 82 3004  459  997  81 210 172  223 144  429  227  51  98  55 116   0  1171   2   0   0  82
przybilla,joel    por  C 43  698   37   78   0   0  10   27  59  168   12  10  40  67 124   0    84   0   0   0  43
quinn,chris       mia PG 42  410   48  131  20  57  25   37   6   30   65  15  21   0  32   1   141   0   0   0   1
radmanovic,vladi  lal PF 55  988  134  316  40 118  53   73  53  180   66  25  69  18 125   2   361   0   0   0  15
randolph,shavlik  phi PF 13  180   23   48   0   0  12   22  19   54    4   7   9  10  23   0    58   0   0   0   6
randolph,zach     por PF 68 2426  600 1286  14  48 394  481 199  688  147  53 215  15 184   1  1608   8   0   0  67
ratliff,theo      bos  C  2   43    1    3   0   0   3    4   2    7    0   1   1   3   6   0     5   0   0   0   2
ray,allan         bos PG 47  714  100  259  48 116  42   55  18   69   43  20  42   3  85   2   290   0   0   0   5
redd,michael      mil SG 53 2033  477 1025 117 306 345  416  42  196  124  63 122   9  78   0  1416   1   0   0  53
redick,j.j.       orl SG 42  623   80  195  38  98  54   60  10   52   36  12  21   0  52   0   252   0   0   0   0
reed,justin       min SF 41  318   40  107   0   0  26   30  15   46   17   5  22   3  44   0   106   1   0   0   3
reiner,jared      mil  C 27  253   15   43   0   0   3   10  21   71   13   5  14   6  45   1    33   0   0   0   2
richardson,jason  gsw SG 51 1677  306  734 110 300  92  140  72  259  172  54  82  32 129   0   814   1   0   0  49
richardson,jerem  por SF  6   22    3    6   2   3   0    0   1    2    0   1   1   0   2   0     8   0   0   0   0
richardson,quent  nyk SG 49 1622  228  545  97 258  83  120  65  352  108  36  70   7 133   2   636   6   0   0  47
ridnour,luke      sea PG 71 2091  301  695  49 139 128  159  28  164  368  83 156  19 181   3   779   1   0   0  58
roberson,anthony  gsw PG 20  229   44  104  21  55   2    3   2   21   10  12  13   0  27   1   111   0   0   0   1
roberts,lawrence  mem PF 54  974   94  208   0   2  95  131 101  261   30  36  36  13 133   2   283   0   0   0  18
robinson,bernard  njn SG 31  280   19   62   0   2  23   27  10   48   19  17  16   2  32   0    61   0   0   0   0
robinson,cliffor  njn PF 50  951   81  218  25  66  16   36  31  122   51  12  30  23  98   0   203   3   0   0   1
robinson,nate     nyk PG 64 1358  227  523  83 213 108  139  55  152   91  52  72   7 158   2   645   7   0   0   5
rodriguez,sergio  por PG 67  862  101  239  24  85  21   26  20   91  218  35  77   2  72   0   247   0   0   0   1
rondo,rajon       bos PG 78 1830  188  450   6  29 119  184  74  292  297 128 137   8 181   1   501   0   0   0  25
rose,jalen        pho SF 29  247   38   86  21  47  11   12   3   23   16   5   9   2  22   0   108   1   0   0   0
rose,malik        nyk PF 65  809   74  186   2   8  42   52  47  175   65  26  65   9 120   2   192   3   0   0   2
ross,quinton      lac SF 81 1704  177  379   2  10  68   87  60  190   86  70  33  32 179   0   424   1   0   0  43
roy,brandon       por SG 57 2016  349  765  55 146 202  241  58  250  230  67 116  10 139   1   955   0   0   0  55
ruffin,michael    was PF 30  270    5   18   0   0   7   19  35   62    6   6  12   8  43   0    17   0   0   0   0
salmons,john      sac SG 79 2139  236  517  40 112 159  204  47  264  254  73 119  27 177   2   671   0   0   0  19
sampson,jamal     den  C 21  123    9   14   0   1   6   14  15   48    5   2  10   7  17   0    24   0   0   0   3
scalabrine,brian  bos PF 54 1024   77  191  44 110  18   23  24  105   60  23  44  18 130   3   216   0   0   0  17
schenscher,luke   por  C 11  117    7   23   0   0   5    7  10   25    1   2   4   4  25   2    19   0   0   0   0
sefolosha,thabo   chi SG 71  864  109  256  15  42  23   45  35  153   60  33  60  11 100   0   256   0   0   0   4
sene,mouhamed     sea PF 28  170   18   49   0   0  17   29  16   45    0   3  11  12  33   0    53   0   0   0   3
simien,wayne      mia PF  8   93    9   23   0   0   5    7   5   11    4   2   3   0  13   0    23   0   0   0   0
simmons,cedric    nor PF 43  534   55  132   0   0  16   33  44  107   12   8  22  23  75   0   126   1   0   0   4
singleton,james   lac SF 53  385   30   82   3  14  22   29  36  106   17  15  17  17  45   0    85   0   0   0   0
skinner,brian     mil PF 67 1518  124  253   0   0  46   79 106  385   58  18  75  64 195   2   294   3   0   0  44
slokar,uros       tor PF 20   74   14   26   1   2   9   13   7   14    1   1   9   2  11   0    38   0   0   0   0
smith,craig       min SF 82 1536  246  463   0   6 116  186 149  415   49  51  74  18 223   2   608   2   0   0   5
smith,j.r.        den SG 63 1472  284  644 149 382 102  126  30  143   91  49  85   9 146   1   819   4   0   0  24
smith,joe         phi PF 65 1505  214  477   0   5 125  148 120  400   49  37  76  27 147   1   553   0   0   0  11
smith,josh        atl SF 72 2650  436  993  38 152 268  387 165  621  236 101 228 207 241   4  1178   6   0   0  72
smith,steven      phi SF  6   26    2    8   0   0   1    2   1    6    0   1   2   0   4   0     5   0   0   0   0
snow,eric         cle PG 82 1929  135  324   0   4  72  113  35  188  330  55 111  16 185   0   342   2   0   0  45
snyder,kirk       hou SG 39  562   66  146  11  44  49   75  17   83   39  11  26  12  51   0   192   2   0   0   1
songaila,darius   was PF 37  700  118  225   0   2  46   54  44  134   38  17  43  10 105   3   282   3   0   0   1
sow,pape          tor PF  7   36    3    9   0   0   4    6   6   11    2   1   1   1   2   0    10   0   0   0   0
spanoulis,vassil  hou PG 31  270   23   72   5  29  34   42   5   22   28   7  29   1  33   1    85   0   0   0   0
stackhouse,jerry  dal SG 67 1617  280  654  62 162 182  215  39  145  187  51 117  10  78   0   804   4   0   0   8
stevenson,deshaw  was SG 82 2418  347  753  74 183 152  216  55  216  218  65 119  19 155   0   920   5   0   0  82
stojakovic,peja   nor SF 13  426   83  196  34  84  31   38  11   54   11   8  19   4  29   0   231   0   0   0  13
stoudamire,damon  mem PG 62 1501  171  437  59 175  66   83  31  139  299  47 101   2  95   0   467   0   0   0  51
stoudamire,salim  atl PG 60 1035  177  425  56 155  61   68   6   74   61  21  55   2  88   0   471   0   0   0   0
stoudemire,amare  pho  C 82 2690  607 1055   0   3 457  585 222  786   84  78 232 110 295   7  1671  15   0   0  78
sweetney,mike     chi PF 48  384   58  134   0   0  37   66  45  120   28   9  42  11  79   0   153   0   0   0   0
swift,stromile    mem PF 54 1035  161  346   0   5  97  134  85  250   17  30  69  62 146   2   419   2   0   0  18
szczerbiak,wally  bos SF 32  900  161  388  44 106 113  126  16   98   55  18  54   3  65   1   479   1   0   0  19
taylor,donell     was SG 47  370   56  140   3  17  11   21  14   53   45  17  25   3  34   0   126   0   0   0   1
taylor,maurice    sac PF 12  103    8   28   0   0   8   13  10   28    5   4   6   1  16   0    24   2   0   0   2
telfair,sebastia  bos PG 78 1582  176  474  37 128  90  110  17  108  218  43  98  11 166   1   479   5   0   0  30
terry,jason       dal PG 81 2848  514 1063 162 370 160  199  40  231  423  81 152  17 170   0  1350   2   0   0  80
thomas,etan       was PF 65 1248  159  277   0   0  77  138 136  377   29  22  71  89 162   3   395   4   0   0  32
thomas,kenny      sac PF 62 1412  146  303   0   1  39   76 134  377   76  43  90  16 141   2   331   5   0   0  53
thomas,kurt       pho  C 67 1213  126  259   0   1  56   71  86  379   24  24  35  29 156   2   308   4   0   0  13
thomas,tim        lac SF 76 2053  299  723 136 356 102  144  63  378  171  55 106  28 228   2   836   5   0   0  24
thomas,tyrus      chi SF 72  967  134  282   0   2 106  175  89  269   40  46  94  76 162   2   374   3   0   0   4
thompson,dijon    atl SG  6   49    6   15   0   2   5    6   3    8    2   0   1   0   2   0    17   0   0   0   0
tinsley,jamaal    ind PG 72 2242  345  888  61 193 172  239  60  240  494 117 200  25 190   3   923   8   0   0  72
tsakalidis,jake   hou  C 36  394   29   72   0   0  26   39  42  104    5   8  24  12  51   0    84   0   0   0   7
tucker,p.j.       tor SF 17   85   11   22   0   0   8   14  11   23    3   2   6   0  12   0    30   0   0   0   0
turiaf,ronny      lal PF 73 1089  147  268   0   1  89  134  88  259   63  17  52  78 202   5   383   2   0   0   1
turkoglu,hedo     orl SF 73 2262  345  823 109 281 171  219  57  293  233  70 143  16 221   4   970   3   0   0  73
udoka,ime         por SF 75 2143  237  514  89 219  66   89  95  279  112  71  73  17 207   2   629   2   0   0  75
udrih,beno        san PG 73  949  127  344  33 115  53   60  11   82  122  27  56   1  70   0   340   0   0   0   1
varejao,anderson  cle PF 81 1931  191  401   0   9 165  268 191  545   75  76  67  52 269   2   547   2   0   0   6
vaughn,jacque     san PG 64  759   71  167   1   2  49   65   8   68  131  24  40   2  74   0   192   0   0   0   4
villanueva,charl  mil PF 39  984  180  383  29  86  73   89  62  228   36  24  54  12 108   1   462   0   0   0  17
vinicius,marcus   nor SF 13  103    7   15   3   7   5    7   2   11    5   2   6   1  10   0    22   0   0   0   0
voskuhl,jake      cha  C 73 1038  121  255   0   0  77  113  84  256   44  30  56  24 199   2   319   4   0   0   9
vujacic,sasha     lal SG 73  937  105  268  60 161  43   49  28  107   64  41  30   1 103   1   313   3   0   0   4
wade,dwyane       mia SG 51 1929  472  962  21  79 432  535  51  239  384 107 216  62 117   0  1397   4   0   0  50
wafer,von         lac SG  1    1    0    1   0   1   0    0   0    0    0   0   0   0   0   0     0   0   0   0   0
wagner,dajuan     gsw SG  1    7    1    1   1   1   1    2   0    0    1   0   1   0   1   0     4   0   0   0   0
walker,antoine    mia PF 78 1834  265  668  84 305  46  105  92  339  130  48 141  17 173   3   660   1   0   0  15
wallace,ben       chi  C 77 2699  192  424   1   5 109  267 303  821  186 111 101 156 153   0   494   4   0   0  77
wallace,gerald    cha SF 72 2643  478  952  39 120 309  447 142  518  185 144 160  69 209   3  1304  13   0   0  71
wallace,rasheed   det PF 75 2418  357  843 104 296 108  137  90  543  127  75  94 118 225   3   926  19   0   0  72
walton,luke       lal SF 60 1980  264  557  48 124 108  145  87  302  257  60 118  21 117   2   684   2   0   0  60
warrick,hakim     mem PF 82 2151  373  712   0   8 299  388 130  420   75  43 161  30 232   3  1045   3   0   0  43
watson,earl       sea PG 77 2150  263  687  92 280 108  147  34  185  437  99 167  23 152   0   726   2   0   0  25
webber,chris      det PF 61 1820  289  639   4  11 102  159 124  437  188  60 107  41 143   0   684   3   0   0  60
webster,martell   por SF 82 1762  195  492  91 250  93  132  43  240   52  35  76  19 126   0   574   0   0   0  27
wells,bonzi       hou SG 28  593   85  207   1   7  46   82  26  120   31  24  57  13  62   0   217   4   0   0   1
wesley,david      cle SG 35  354   22   75   9  38  20   28   3   35   37  12  17   4  32   0    73   1   0   0   5
west,david        nor PF 52 1898  374  788   7  24 187  227 125  423  114  42  98  38 142   2   942   5   0   0  52
west,delonte      bos PG 69 2215  306  717  65 178 168  197  32  208  304  74 140  34 152   1   845   2   0   0  47
white,james       san SG  6  138   18   41   2   7  12   15   3   20    5   3   5   1   7   0    50   0   0   0   2
wilcox,chris      sea PF 82 2585  433  819   0   6 240  351 178  629   82  70 127  38 248   3  1106   5   0   0  81
wilkins,damien    sea SG 82 2036  262  602  50 122 150  170  87  229  156  92 116  16 157   0   724   3   0   0  31
wilks,mike        sea PG 47  539   66  141   5  15  33   42  15   54   79  15  31   4  53   0   170   0   0   0   4
williams,aaron    lac PF 40  387   29   55   0   2  20   26  28   86   10   9  21  14  56   0    78   0   0   0   7
williams,deron    uta PG 80 2951  494 1083  82 255 227  296  41  267  745  78 246  13 254   2  1297   2   0   0  80
williams,eric     cha SF 22  122   19   47   8  19   8   14   3   17    7   3   7   0  12   0    54   0   0   0   0
williams,jason    mia PG 61 1864  235  569 100 295  94  103  18  141  322  58 100   1  68   0   664   2   0   0  55
williams,justin   sac PF 26  334   54   88   0   1  23   63  51  115    2   5  15  16  51   0   131   0   0   0   1
williams,louis    phi PG 61  690   93  211  12  37  64   92  17   70  110  22  46   1  42   0   262   0   0   0   0
williams,marcus   njn PG 79 1312  208  526  46 163  72   85  29  163  260  29 142   2  96   0   534   1   0   0   2
williams,marvin   atl SF 64 2163  303  700  11  45 215  265  84  334  118  52 125  31 188   2   832   3   0   0  62
williams,mo       mil PG 68 2474  468 1049  79 228 159  186  54  329  416  85 202   6 201   1  1174   7   0   0  68
williams,shammon  lal PG 31  345   35   86  20  50   4    6  11   40   31  12  13   0  20   0    94   1   0   0   0
williams,shawne   ind SF 46  557   75  160  19  52  11   20  33   83   22   6  24   8  69   0   180   0   0   0   3
williams,shelden  atl PF 81 1528  169  371   2   4 111  144 131  438   47  52  97  38 202   1   451   0   0   0  32
williamson,corli  sac SF 68 1337  236  463   0   2 148  207  63  221   39  29  97  15 183   1   620   2   0   0   1
willis,kevin      dal  C  5   42    5   13   0   0   2    2   2    8    1   2   2   1  11   0    12   0   0   0   0
wright,antoine    njn SF 63 1136  110  251  19  59  44   73  38  175   55  30  43  10 120   1   283   0   0   0  23
wright,bracey     min SG 19  192   24   60   6  20  13   18   7   21   15   9   6   1   6   0    67   0   0   0   0
wright,dorell     mia SF 66 1293  162  364   5  34  64   86  40  272   95  41  65  44 112   0   393   0   0   0  19
wright,lorenzen   atl  C 67 1037   82  183   0   0   9   32  85  216   40  28  39  28 203   4   173   2   0   0  31
