Player           Team PS GP  Min  FGM  FGA  3M  3A FTM  FTA  OR   TR   AS  ST  TO  BK  PF  DQ   PTS  TC  EJ  FF Sta
abdur-rahim,shar  sac PF  6   51    3   14   0   0   4    4   6   10    4   1   1   0   9   0    10   0   0   0   0
afflalo,arron     det SG 75  975   99  241  10  48  68   87  36  137   52  31  34   8  83   0   276   0   0   0   9
ager,maurice      njn PG 26  166   21   65   3  19   6   12   4   13    8   0   6   1  17   0    51   0   0   0   3
ahearn,blake      mia PG 12  176   15   57  10  34  30   31   1   19   19   6  17   0  20   0    70   0   0   0   0
aldridge,lamarcu  por PF 76 2655  561 1161   1   7 227  298 220  578  122  55 126  94 240   7  1350   0   0   0  76
allen,malik       dal PF 73 1097  157  326   1   3  23   25  66  196   44  19  45  31 149   1   338   2   0   0  16
allen,ray         bos SG 73 2621  439  987 180 452 215  237  75  268  225  65 127  16 147   0  1273   2   0   0  73
allen,tony        bos PG 75 1377  169  388  18  57 138  181  34  168  114  62 109  21 168   1   494   2   0   0  11
allred,lance      cle  C  3   12    1    4   0   0   1    2   0    1    0   0   0   0   1   0     3   0   0   0   0
almond,morris     uta SF  9   40    4   15   1   4   4    6   0    2    3   1   2   0   5   0    13   0   0   0   0
alston,rafer      hou PG 74 2527  364  924 143 407  98  137  28  260  392  98 160  18 139   0   969   6   0   0  74
amundson,louis    phi SF 16   63    8   16   0   0   2    7   7   12    0   1   2   1  13   0    18   0   0   0   0
andersen,chris    nor  C  5   34    2    7   0   0   2    4   2    9    0   0   1   4   6   0     6   0   0   0   0
anderson,derek    cha SG 28  393   47  125  19  52  28   38   9   52   44  12  25   1  49   0   141   0   0   0   0
anthony,carmelo   den SF 77 2804  728 1481  58 164 464  590 178  571  259  98 252  39 253   2  1978  11   0   0  77
anthony,joel      mia  C 24  497   28   60   0   0  29   49  38   93    3   9  17  31  55   1    85   0   0   0   1
arenas,gilbert    was PG 13  424   78  197  22  78  74   96   6   51   66  23  49   1  30   0   252   0   0   0   8
ariza,trevor      lal SF 35  549   69  136   5  18  49   75  30  108   44  31  23  11  45   0   192   1   0   0   3
armstrong,darrel  njn PG 50  550   40  110  23  69  20   30  17   67   73  28  41   2  53   0   123   1   0   0   2
armstrong,hilton  nor  C 65  729   67  148   0   0  44   70  65  163   23  15  59  34 130   1   178   0   0   0   3
arroyo,carlos     orl PG 62 1266  157  349  29  85  87  102  10  113  219  26  77   2  85   1   430   1   0   0  20
artest,ron        sac SF 57 2169  435  962  84 221 212  295 101  328  199 134 147  38 159   1  1166   8   0   0  54
atkins,chucky     den PG 24  350   42  122  25  79   4    9   3   31   47   9  10   1  27   0   113   0   0   0   0
augustine,james   orl PF 25  149   18   34   0   0   4    8  16   30    2   5   6   2  18   0    40   0   0   0   0
azubuike,kelenna  gsw SG 81 1736  261  587  71 195  99  138 107  324   75  45  58  34 159   1   692   0   0   0  17
balkman,renaldo   nyk SF 65  949   91  186   1  12  41   95  83  216   40  44  37  30 132   1   224   0   0   0   0
banks,marcus      mia PG 36  567   86  190  40 101  27   35   4   45   61  14  37  13  65   0   239   0   0   0   3
barbosa,leandro   pho PG 82 2420  472 1022 164 423 175  213  40  231  217  75 117  18 195   1  1283   0   0   0  11
barea,jose_juan   dal PG 44  462   71  170  21  54  28   35   4   47   58  14  35   1  48   0   191   1   0   0   9
bargnani,andrea   tor  C 78 1856  280  725  90 261 142  169  50  288   89  23  88  37 211   1   792   1   0   0  53
barnes,matt       gsw SF 72 1407  187  441  53 181  59   79  94  324  139  48  85  36 159   1   486   7   0   0  18
barrett,andre     lac PG  4   26    2    5   1   3   1    2   0    1    7   0   1   0   1   0     6   0   0   0   0
barron,earl       mia  C 46  891  132  327   1  13  61   87  67  198   29  19  47   8 114   0   326   1   0   0  15
barry,brent       san SG 31  554   77  160  48 112  19   20  12   55   54  17  18   3  43   0   221   0   0   0   1
bass,brandon      dal PF 79 1555  246  493   0   4 162  197 120  347   58  22  82  48 150   0   654   1   0   0   1
baston,maceo      tor PF 15  104   17   25   0   0   7   10   9   26    3   2   4   4  20   0    41   0   0   0   2
battier,shane     hou SF 80 2906  265  619 139 369  75  101 131  407  155  77  78  90 196   2   744   1   0   0  78
belinelli,marco   gsw SG 33  242   36   93  16  41   7    9   3   14   15   5  12   0  15   0    95   0   0   0   0
bell,charlie      mil PG 68 1632  185  486  74 217  70   87  31  167  209  52  77   2 121   1   514   0   0   0   5
bell,raja         pho SG 75 2646  317  752 176 438  79   91  47  274  168  54  65  27 220   2   889  10   0   0  75
bibby,mike        atl PG 47 1568  248  603  93 249  78  100  16  160  290  54 119   4  97   0   667   0   0   0  44
biedrins,andris   gsw  C 76 2076  340  541   0   0 116  187 254  742   75  56  85  94 262   4   796   1   0   0  59
billups,chauncey  det PG 78 2524  393  877 137 342 401  437  42  212  529 101 160  17 130   0  1324   7   0   0  78
blake,steve       por PG 81 2422  261  640 121 297  49   64  31  196  413  55 113   4 133   0   692   0   0   0  78
blatche,andray    was PF 82 1677  254  536   3  13 107  154 164  425   92  53 112 113 258   4   618   4   0   0  15
blount,mark       mia  C 69 1543  238  514  17  44  88  138  69  263   41  33  70  34 133   1   581   0   0   0  46
bogans,keith      orl SG 82 2205  241  586 148 407  81  110  42  266  104  59  53  10 164   0   711   0   0   0  35
bogut,andrew      mil  C 78 2721  465  910   0   7 189  322 245  763  199  65 174 135 254   5  1119   1   0   0  78
bonner,matt       san PF 68  858  121  292  46 138  38   44  53  192   32  14  39  17 111   0   326   1   0   0   3
boone,josh        njn PF 70 1771  238  435   0   0  99  217 192  509   55  36  68  61 155   1   575   0   0   0  53
booth,calvin      phi  C 31  205    9   27   0   0   6   10   6   38    8   6   4  18  35   0    24   0   0   0   0
boozer,carlos     uta PF 81 2824  709 1296   0   1 290  393 197  843  233 100 210  41 293   6  1708   3   0   0  81
bosh,chris        tor PF 67 2425  507 1027  10  25 472  559 174  583  171  63 153  67 157   1  1496   0   0   0  67
bowen,bruce       san SF 81 2455  174  428  90 215  45   69  33  234   91  54  46  22 177   0   483   3   0   0  81
bowen,ryan        nor SF 53  659   49  100   0   1  16   29  55  100   25  32  15  11  77   0   114   0   0   0   4
boykins,earl      cha PG 36  574   61  172  14  44  49   59   9   34   96  13  41   0  21   0   185   0   0   0   0
brand,elton       lac PF  8  274   52  115   0   0  37   47  21   64   16   3  17  15  21   0   141   0   0   0   6
brewer,corey      min SF 79 1805  182  486   7  36  88  110  82  292  111  76  89  25 188   2   459   0   0   0  35
brewer,ronnie     uta SG 76 2088  354  634  11  50 195  257  97  218  134 129  69  19 110   0   914   1   0   0  76
brezec,primoz     tor  C 50  475   44   94   0   0  24   40  30   81   11   3  24   8  83   1   112   3   0   0  18
brooks,aaron      hou PG 51  610   93  225  36 109  42   49  13   56   87  13  44   5  69   0   264   0   0   0   0
brown,andre       mem PF 33  285   39   78   0   0  22   49  37   92    8   7  14   4  38   0   100   1   0   0   1
brown,devin       cle SG 78 1761  217  531  45 146 107  142  64  262  175  52  98   7 144   1   586   1   0   0  20
brown,kwame       lal  C 38  715   72  142   0   0  40   98  50  188   45  22  51  23  82   0   184   1   0   0  15
brown,pj          bos PF 18  208   14   41   0   1  11   16  29   68   10   5  10   8  29   0    39   0   0   0   0
brown,shannon     chi PG 21  241   44  126   9  30  17   29   6   20   17  11  24   3  29   0   114   0   0   0   4
bryant,kobe       lal SG 82 3193  775 1690 150 415 623  742  94  516  442 150 257  40 227   1  2323  15   0   0  82
buckner,greg      min SG 31  519   45  117  15  50  19   22  10   65   39  21  29   2  63   0   124   0   0   0   4
butler,caron      was SF 58 2317  439  943  66 185 236  262  93  387  283 128 150  21 160   0  1180   0   0   0  58
butler,rasual     nor SF 51  878   91  260  44 133  26   31  16  100   36  15  10  21  66   1   252   0   0   0   8
bynum,andrew      lal  C 35 1009  189  297   0   0  82  118 105  356   61  12  52  72  98   2   460   3   0   0  25
calderon,jose     tor PG 82 2487  367  707  79 184 109  120  34  236  678  87 127   5 134   0   922   0   0   0  56
camby,marcus      den  C 79 2761  287  636   6  20 143  202 230 1037  259  84 118 286 216   2   723   3   0   0  79
cardinal,brian    mem PF 37  441   43  126  25  81  13   19  26   96   22  10  23   2  62   0   124   0   0   0   1
carney,rodney     phi SF 70 1040  158  392  38 120  55   81  50  149   32  39  34  22  96   0   409   1   0   0   6
carroll,matt      cha SG 80 2010  252  589 105 241 111  138  33  226   73  46  59  19 187   0   720   0   0   0  18
carter,anthony    den PG 70 1959  217  475  45 129  64   85  27  200  388 108 124  28 172   2   543   2   0   0  67
carter,vince      njn SG 76 2961  587 1287  98 273 350  429 112  453  389  93 181  33 241   1  1622   6   0   0  72
cassell,sam       bos PG 55 1274  233  532  23  76 127  144  17  136  214  37  98   6  98   0   616   3   0   0  34
chandler,tyson    nor  C 79 2785  377  605   0   1 175  295 322  928   81  45 136  84 244   4   929  10   0   0  79
chandler,wilson   nyk SF 35  687  106  242   9  30  34   54  38  127   33  15  27  16  83   1   255   0   0   0  16
childress,josh    atl SF 76 2276  327  573  22  60 222  275 174  373  117  71  98  43 129   1   898   0   0   0   0
collins,jarron    uta  C 70  702   36   82   0   1  46   74  40  116   37  10  22   6 106   0   118   1   0   0   9
collins,jason     njn  C 74 1172   53  113   0   1  34   74  64  178   25  23  48  25 194   2   140   4   0   0  26
collins,mardy     nyk SG 46  635   57  175   8  32  23   38  19   75   89  24  56   8  56   0   145   0   0   0   8
collison,nick     sea  C 78 2220  322  642   0   3 123  167 254  730  113  47 118  60 250   4   767   0   0   0  35
conley,mike       mem PG 53 1381  189  442  30  91  90  123  21  139  222  44  89   2  85   1   498   0   0   0  46
cook,brian        orl PF 51  631   88  234  43 115  19   21  28  109   27  13  39  12  93   2   238   1   0   0   2
cook,daequan      mia SG 59 1444  196  514  79 238  47   57  20  178   75  23  63   9 157   4   518   0   0   0  19
crawford,jamal    nyk SG 80 3193  570 1391 176 494 329  381  37  207  398  81 192  17 144   0  1645   1   0   0  80
crittenton,javar  mem PG 50  679   98  233  10  37  72  104  27  110   50  19  55   2  47   0   278   1   0   0   0
croshere,austin   gsw PF 44  456   61  137  22  61  29   32  33  104   30   8  22   6  60   1   173   0   0   0   0
curry,eddy        nyk  C 59 1531  297  544   0   0 187  300 111  275   32  14 126  29 157   2   781   3   0   0  58
dalembert,samuel  phi  C 82 2726  339  662   0   1 186  263 305  849   45  40 155 190 269   3   864   2   0   0  82
dampier,erick     dal  C 72 1756  178  277   0   0  84  146 207  539   63  24  80 106 226   6   440   2   0   0  64
daniels,antonio   was PG 71 2160  206  448  18  75 170  219  23  203  340  69  92   2  78   0   600   3   0   0  63
daniels,marquis   ind SG 74 1543  241  560  27 102  97  139  66  212  137  79 112  18 121   0   606   0   0   0   1
davidson,jermare  cha PF 38  324   51  126   0   0  18   28  21   62   13   7  17  15  46   0   120   0   0   0   2
davis,baron       gsw PG 82 3197  650 1526 173 525 318  424  96  385  624 191 232  43 247   3  1791  13   0   0  82
davis,glen        bos SF 69  941  107  221   0   0  99  150  95  208   28  31  65  20 160   3   313   0   0   0   1
davis,paul        lac  C 22  197   24   65   0   0   6   10  25   47   10   6   9   6  33   0    54   0   0   0   1
davis,ricky       mia SG 82 2960  420  971 135 333 155  197  55  353  276  87 191  14 187   1  1130   0   0   0  47
delfino,carlos    tor SF 82 1928  251  632 120 314 116  156  66  359  145  69  75  11 177   0   738   0   0   0   0
deng,luol         chi SF 63 2125  429  895   8  22 204  265 135  393  155  57 120  29 117   1  1070   1   0   0  59
diaw,boris        pho PF 82 2309  307  646  13  42  96  129  97  378  317  61 155  39 166   3   723   1   0   0  20
diawara,yakhouba  den SF 54  542   55  134  21  66  22   31  23   62   37   8  16   3  61   1   153   0   0   0  14
diaz,guillermo    lac SG  6   18    1    4   0   1   3    5   2    2    1   0   0   0   0   0     5   0   0   0   0
dickau,dan        lac PG 67 1042  124  296  36 108  68   82  13   97  172  32  55   3 108   0   352   0   0   0   8
dickens,kaniel    cle PF  5   12    1    3   0   0   0    0   0    1    1   0   0   1   1   0     2   0   0   0   0
diener,travis     ind PG 66 1352  159  430  74 233  64   71  26  115  251  35  55   4 107   1   456   1   0   0  21
diogu,ike         ind PF 30  308   64  134   0   0  40   47  38   85   10   7  20   3  43   0   168   0   0   0   1
diop,desagana     njn  C 79 1300   94  180   0   0  38   70 160  392   40  26  58  88 146   1   226   0   0   0  23
dixon,juan        det SG 53  670  106  258  30  72  21   26  15   75   97  21  54   2  62   0   263   0   0   0   0
doleac,michael    min  C 24  256   28   63   0   0   1    2  16   49    7  10  12  10  44   0    57   0   0   0   8
dooling,keyon     orl PG 72 1333  198  423  22  65 163  193   7  101  133  36  61   5 131   0   581   0   0   0   1
douby,quincy      sac PG 74  880  133  336  42 122  48   52  17   83   53  31  59  12  80   0   356   0   0   0   0
dudley,jared      cha SF 73 1390  163  348   9  41  87  118 121  286   81  55  50  11 128   1   422   0   0   0  14
duhon,chris       chi PG 66 1491  133  344  54 155  65   80  20  117  262  47  71   1  92   0   385   0   0   0  18
duncan,tim        san  C 78 2654  585 1178   0   4 338  463 237  881  218  56 178 151 185   1  1508   6   0   0  78
dunleavy,mike     ind SF 82 2955  532 1118 165 389 336  403  59  424  288  86 190  30 208   4  1565   2   0   0  82
dupree,ronald     sea SF  5   20    1    3   0   0   2    2   1    8    1   1   0   0   0   0     4   0   0   0   0
durant,kevin      sea SF 80 2767  588 1367  59 205 391  448  70  348  192  77 232  76 122   0  1626   0   0   0  80
ellis,monta       gsw PG 81 3073  652 1228  12  52 320  417 134  405  315 124 173  27 195   0  1636   0   0   0  72
elson,francisco   sea  C 63  814   92  237   0   1  26   37  50  200   24  15  47  20  96   0   210   1   0   0   5
ely,melvin        nor PF 52  622   85  180   0   0  32   58  28  145   22   7  42  18  79   0   202   1   0   0   1
evans,maurice     orl SG 75 1721  262  545  81 209  59   83  92  218   81  46  40  10 142   0   664   2   0   0  47
evans,reggie      phi PF 81 1879  152  346   1   1 120  257 224  611   65  86 108   8 213   0   425   4   0   0  61
farmar,jordan     lal PG 82 1691  291  631 114 307  53   78  39  183  225  77 108   5 105   0   749   0   0   0   0
fazekas,nick      lac PF 26  269   46   82   0   2  15   22  34   89   11   8  13  11  25   0   107   0   0   0   0
felton,raymond    cha PG 79 2976  412  996  56 200 260  324  37  236  583  95 214  12 184   0  1140   2   0   0  79
fesenko,kyrylo    uta  C  9   71    6   16   0   0   2    4  14   25    2   0   8   3  19   0    14   0   0   0   0
finley,michael    san SG 82 2211  315  761 132 357  64   80  27  254  114  29  56  10  93   0   826   2   0   0  61
fisher,derek      lal PG 82 2248  339  777 112 276 166  188  24  170  239  86  90   3 188   0   956   3   0   0  82
ford,t.j.         tor PG 51 1201  246  524  15  51 110  125  23   99  313  54 102   1  93   0   617   3   0   0  26
foster,jeff       ind  C 77 1886  205  373   0   3  86  145 264  668  129  56  62  32 221   4   496   2   0   0  52
foye,randy        min SG 39 1259  198  462  61 148  53   65  13  128  164  36  79   3 102   1   510   0   0   0  31
foyle,adonal      orl  C 82  775   70  154   0   1  16   34  71  208   18  16  32  45  94   0   156   0   0   0   0
frahm,richie      lac SG 10  163   20   54   7  25   0    2   4   14    8   2   6   0   7   0    47   0   0   0   2
francis,steve     hou PG 10  200   19   57   4  17  13   23   8   23   30   9  14   5  25   1    55   0   0   0   3
frye,channing     por  C 78 1345  221  452   3   9  85  109 107  353   57  29  55  27 208   1   530   1   0   0  20
gadzuric,dan      mil  C 51  532   64  154   0   1  33   63  67  144   11  20  34  24  83   0   161   0   0   0   4
garbajosa,jorge   tor PF  7   75    8   25   6  16   0    0   2   15    3   3   1   0   2   0    22   0   0   0   0
garcia,francisco  sac SF 79 2096  348  752 113 288 162  208  52  264  128  94 128  50 232   3   971   1   0   0  20
gardner,thomas    chi SG  4   46    9   23   3  12   0    2   3    4    1   0   4   0   4   0    21   0   0   0   0
garnett,kevin     bos PF 71 2329  534  990   0  11 269  336 135  655  244 100 137  92 163   1  1337   9   0   0  71
garrity,pat       orl SF 31  284   27   80   8  37   4    5   9   44   13   6  16   1  35   0    66   0   0   0   0
gasol,pau         lal PF 66 2349  475  890   4  16 292  362 155  553  211  30 124  98 139   0  1246   3   0   0  66
gay,rudy          mem SF 81 2999  625 1355 134 387 248  316 139  497  158 111 190  79 230   6  1632   0   0   0  81
gelabale,mickael  sea SF 39  466   69  157  16  37  14   18  16   58   33  10  27   9  31   0   168   0   0   0   0
george,devean     dal SG 53  821   74  207  22  68  24   34  28  137   35  19  24  13  90   1   194   0   0   0   4
gibson,daniel     cle SG 58 1767  201  465 118 268  85  105  30  134  146  47  76  14 163   2   605   1   0   0  26
gill,eddie        sea SG 14  154   12   31   5  15   9    9   1   22   22   7   9   2  18   1    38   0   0   0   1
ginobili,manu     san SG 74 2299  453  983 156 388 380  442  63  354  332 109 200  33 173   0  1442   1   0   0  23
giricek,gordan    pho SG 56  830  133  301  36  99  23   26  16   96   62  24  52   4  82   0   325   1   0   0   0
gomes,ryan        min SF 82 2432  392  857  59 179 190  229 133  474  145  65  96  10 153   0  1033   2   0   0  74
gooden,drew       chi PF 69 2123  332  742   0   6 162  215 176  591   81  48 122  53 203   1   826   9   0   0  65
gordon,ben        chi SG 72 2291  464 1070 142 347 266  293  41  222  213  56 151   8 171   2  1336   3   0   0  27
gortat,marcin     orl  C  6   40    8   17   0   0   2    3   8   16    2   1   2   1   4   0    18   0   0   0   0
graham,joey       tor SF 38  332   49  113   2   3  38   45  18   67   15   3  23   0  47   0   138   0   0   0   3
graham,stephen    ind SG 22  130   34   58   7  14  12   16   4   22    9   4  10   1  14   0    87   0   0   0   0
granger,danny     ind SF 80 2877  537 1206 171 423 322  378  93  486  166  95 171  84 290   9  1567   3   0   0  80
gray,aaron        chi  C 61  610  103  204   0   1  56   99  70  168   41  21  57  16 117   0   262   1   0   0   1
green,gerald      hou SF 30  359   52  151  15  39  34   41  13   64   29   8  32   4  45   0   153   0   0   0   0
green,jeff        sea PF 80 2251  321  749  21  76 177  238 101  378  119  46 158  47 198   0   840   0   0   0  52
green,taurean     den PG 17   74    7   25   2  11  11   12   0   10   11   2   9   0   5   0    27   0   0   0   0
green,willie      phi SG 74 1968  379  870  51 179 112  148  32  183  151  54 109  22 119   0   921   0   0   0  74
greene,orien      sac PG  7   62    3   11   0   1   0    0   0    6    3   3   7   1   9   0     6   0   0   0   2
griffin,adrian    chi SG 35  306   30   76   0   0   5    9  28   59   27  17  21   2  27   1    65   0   0   0   2
hamilton,richard  det SG 72 2421  499 1030  62 141 184  221  75  235  299  73 132  10 171   1  1244   9   0   0  72
hardaway,anferne  mia SG 16  327   22   60   8  19   8    9   3   35   35  19  13   1  24   0    60   0   0   0   8
harpring,matt     uta SF 76 1375  237  474   2  10 146  205  96  240   82  45  95  14 162   0   622   1   0   0   0
harrington,al     gsw PF 81 2187  401  923 153 407 147  190 107  439  133  74  90  16 266   2  1102   1   0   0  59
harrington,othel  cha PF 22  166   18   42   0   0  10   16  11   42    4   1  11   4  34   0    46   1   0   0   0
harris,devin      njn PG 64 2025  321  693  56 167 248  301  28  173  369  90 161  10 190   0   946   7   0   0  61
harris,mike       hou SF 17  159   27   54   0   2   8   13  24   54    3   6   9   3  16   0    62   0   0   0   0
harrison,david    ind  C 55  707   90  169   0   0  49   96  43  118   14  20  58  59 164   3   229   4   0   0   0
hart,jason        uta PG 57  605   58  180  11  31  38   45   5   55   86  30  28   3  75   0   165   0   0   0   0
haslem,udonis     mia PF 49 1805  237  507   0   0 115  142 107  443   68  39  67  18 145   2   589   3   0   0  48
hassell,trenton   njn SG 63  779   57  136   2   9   7   10  20   83   41  13  22   3  90   0   123   1   0   0   6
hawes,spencer     sac  C 71  929  146  318   4  21  38   58  68  230   44  14  56  40 128   1   334   0   0   0   8
hayes,chuck       hou SF 79 1577  113  221   0   3  11   24 132  427   91  85  62  43 212   2   237   0   0   0  44
hayes,jarvis      det SF 82 1285  217  504  73 194  45   60  35  178   62  47  47   6 138   0   552   0   0   0   1
haywood,brendan   was  C 80 2226  316  599   0   0 216  294 273  576   71  31 108 133 216   1   848   4   0   0  80
head,luther       hou PG 73 1379  206  476  79 225  66   81  18  135  138  44  70   9  75   0   557   0   0   0  17
herrmann,walter   det SF 45  375   56  144  20  64  21   25  22   73   18   7  12   1  24   0   153   0   0   0   0
hilario,nene      den PF 16  266   29   71   0   1  27   49  30   87   15   9  21  14  46   1    85   1   0   0   1
hill,grant        pho SF 70 2223  359  713  33 104 170  196  74  353  203  65  96  56 153   0   921   2   0   0  68
hinrich,kirk      chi PG 75 2381  330  797  84 240 119  144  28  244  453  87 157  19 224   2   863   4   0   0  72
hollins,ryan      cha  C 60  532   46   94   0   0  55   82  53  107   14  10  25  30  96   1   147   3   0   0   1
horford,al        atl  C 81 2538  333  667   0   5 155  212 248  785  124  60 137  76 267   1   821   1   0   0  77
horry,robert      san PF 45  579   38  119  18  70  18   28  35  109   47  21  22  19  55   0   112   3   0   0   5
house,eddie       bos SG 78 1481  217  530 117 298  33   36  19  167  152  59  77  10 114   1   584   2   0   0   2
howard,dwight     orl  C 82 3088  583  974   0   4 529  897 279 1161  110  74 264 175 274   3  1695   7   0   0  82
howard,josh       dal SF 76 2752  567 1247  67 210 312  384 120  532  164  59 114  32 202   1  1513   5   0   0  76
howard,juwan      dal PF 50  351   23   64   0   0  11   14  21   81   17   5  17   2  62   0    57   1   0   0   0
hudson,troy       gsw PG  9   95    9   32   4  12   6    6   0    7    9   4   7   0   4   0    28   0   0   0   0
hughes,larry      chi SG 68 2021  305  800  67 194 150  188  39  230  180  99 116  17 139   0   827   4   0   0  57
humphries,kris    tor PF 70  928  161  332   0   2  75  124  89  259   28  25  47  29 107   1   397   1   0   0   0
hunter,lindsey    det PG 24  216   22   64   7  26   7    9   4   13   33  13  13   2  30   0    58   1   0   0   0
hunter,steven     den  C 18  118   15   28   0   0   9   20  10   29    0   0   7   6  20   0    39   0   0   0   2
iguodala,andre    phi SG 82 3244  582 1277 101 307 365  506  85  446  390 171 214  48 187   1  1630   4   0   0  82
ilgauskas,zydrun  cle  C 73 2226  417  878   0   1 195  243 262  680  104  34 135 120 247   4  1029   4   0   0  73
iverson,allen     den PG 82 3427  712 1556  95 275 645  797  47  243  586 160 246  12 109   0  2164   5   0   0  82
ivey,royal        mil PG 75 1436  149  377  35 107  85  117  38  118  160  45  76   7 166   1   418   2   0   0  20
jack,jarrett      por PG 82 2234  267  621  65 191 215  248  31  234  313  61 178   1 129   0   814   4   0   0  16
jackson,bobby     hou PG 72 1385  204  506  81 226  64   81  33  181  139  45  59   5  96   0   553   1   0   0   5
jackson,luke      mia SF 14  227   26   80  11  30  16   23   7   33   17   8   9   0  22   1    79   0   0   0   1
jackson,stephen   gsw SG 73 2857  488 1204 182 502 308  370  67  318  299  92 197  29 171   1  1466   9   0   0  73
jacobsen,casey    mem SG 52  549   39  115  16  72  13   17  12   65   20   5  16   1  34   0   107   0   0   0   0
james,jerome      nyk  C  2    5    1    1   0   0   2    2   0    3    0   0   0   0   0   0     4   0   0   0   0
james,lebron      cle SF 75 3028  794 1642 113 359 549  771 133  593  539 138 256  81 165   1  2250   2   0   0  74
james,mike        nor PG 54  720  101  291  31  97  39   48  14   69   60  21  36   2  56   0   272   0   0   0   1
jamison,antawn    was PF 79 3064  618 1416 120 354 333  438 215  806  120 106 113  34 195   0  1689   3   0   0  79
jaric,marko       min SG 75 2190  227  528  46 127 121  163  38  222  311  97 128  32 180   1   621   2   0   0  56
jefferson,al      min PF 82 2915  721 1441   0   5 284  394 308  911  117  74 167 119 222   0  1726   3   0   0  82
jefferson,richar  njn SF 82 3199  619 1327  77 213 542  679  94  343  252  76 199  21 225   2  1857   3   0   0  82
jeffries,jared    nyk SF 73 1323  108  271   4  25  49   93 119  244   66  36  64  23 132   1   269   1   0   0  19
jianlian,yi       mil PF 66 1650  219  520   6  21 122  145 106  344   55  36  88  56 153   1   566   0   0   0  49
johnson,alexande  mia PF 43  551   61  125   0   0  57   83  32   94   13  13  42  10  80   2   179   0   0   0   6
johnson,amir      det PF 62  767   92  165   0   0  37   55  87  235   29  24  39  82 141   1   221   0   0   0   0
johnson,anthony   sac PG 69 1531  156  356  42  92  35   43  22  137  262  52  84   9 115   0   389   3   0   0  52
johnson,dermarr   san SG  5   27    7   14   3   9   0    2   0    1    1   1   0   0   4   0    17   0   0   0   0
johnson,joe       atl SG 82 3341  646 1496 169 444 316  379  83  367  474  84 223  18 168   1  1777   2   0   0  82
johnson,linton    pho SF  8   64    9   19   1   3   2    2   5   14    4   0   5   1  11   0    21   0   0   0   0
jones,bobby       san SG 46  530   60  140  18  53  40   51  29   92   28  15  28   3  85   0   178   1   0   0   2
jones,dahntay     sac SG 25  209   23   53   1   6  34   51   7   35   12   8  10   6  28   1    81   1   0   0   0
jones,damon       cle PG 67 1339  151  362 115 275  20   28   5   72  126  19  36   1  66   0   437   0   0   0   3
jones,dwayne      cle  C 56  473   25   46   0   1  28   58  69  140   10  10  17  25  88   0    78   0   0   0   0
jones,eddie       dal SG 47  925   66  180  34 116  10   14  18  132   69  26  29   8  72   0   176   2   0   0  33
jones,fred        nyk SG 70 1762  182  432  74 192  94  126  30  170  166  48  78  18 140   1   532   0   0   0  26
jones,james       por SF 58 1274  143  327  91 205  86   98  43  161   34  24  28  15  96   0   463   0   0   0   3
jones,solomon     atl  C 35  150   12   30   0   2  11   20  19   42    0   3  11   5  28   0    35   0   0   0   0
kaman,chris       lac  C 56 2081  338  700   0   4 202  265 173  709  107  33 164 155 179   0   878   8   0   0  55
kapono,jason      tor SF 81 1532  243  497  57 118  37   43  30  119   65  34  58   2 131   0   580   0   0   0   7
karl,coby         lal SG 17   69    9   26   4  13   8   10   3   14    9   4   5   2   4   0    30   0   0   0   0
khryapa,viktor    chi SF  9  105   12   31   0   1   8   14   6   20    8   6   6   0  11   0    32   0   0   0   0
kidd,jason        dal PG 80 2910  305  793 119 312 135  165  95  600  806 136 265  26 165   0   864   0   0   0  80
kinsey,tarence    mem SG 11   96   16   38   3   7   5    6   3   12    2   3   3   0  11   0    40   0   0   0   0
kirilenko,andrei  uta SF 72 2215  275  544  44 116 198  257 121  340  285  86 140 109 165   0   792   0   0   0  72
kleiza,linas      den PF 79 1892  311  659  94 277 162  211  92  333   95  44  89  19 181   0   878   9   0   0  13
knight,brevin     lac PG 74 1673  138  342   0   6  62   71  15  142  328 100  71  11 160   0   338   0   0   0  39
korver,kyle       uta SF 75 1734  255  575 111 296 119  130  21  172  101  42  75  29 192   2   740   0   0   0   0
krstic,nenad      njn  C 45  812  123  300   0   2  52   69  35  200   27   9  41  17 111   0   298   0   0   0  38
lafrentz,raef     por  C 39  291   27   61   0   4  11   19  28   67    6  12  10  17  59   0    65   0   0   0   0
landry,carl       hou PF 42  709  135  219   0   1  72  109  96  207   21  17  26   7  98   2   342   1   0   0   0
langford,keith    san PG  2   10    1    4   0   0   0    0   0    2    0   0   0   0   1   0     2   0   0   0   0
lasme,stephane    mia SF 16  304   32   71   0   0  19   32  26   53    3  13  15  22  35   0    83   0   0   0   4
law,acie          atl PG 56  864   95  237   7  34  38   48  12   57  113  29  57   0  73   0   235   0   0   0   6
lee,david         nyk PF 81 2357  341  617   0   2 194  237 241  723   95  55  97  29 210   1   876   0   0   0  29
lewis,rashard     orl SF 81 3080  516 1135 226 553 218  260  97  437  196  99 140  38 214   2  1476   4   0   0  81
lowry,kyle        mem SG 82 2089  255  591  36 140 243  348  41  250  297  92 127  21 185   1   789   1   0   0   9
lue,tyronn        dal PG 50  739  113  253  39  86  25   32   9   54   74  11  27   1  66   0   290   1   0   0   3
madsen,mark       min PF 20  150    3   19   0   0   3   12  18   38    4   3   9   2  25   0     9   0   0   0   6
maggette,corey    lac SF 70 2498  458 1000  78 203 553  681  78  394  189  71 195   7 210   4  1547   3   0   0  65
magloire,jamaal   dal  C 31  284   18   54   0   0  20   43  18   88    7   1  31  11  50   0    56   2   0   0   2
mahinmi,ian       san PF  6   23    6   12   0   0   9    9   0    5    1   0   2   4   4   0    21   0   0   0   0
marbury,stephon   nyk PG 24  807  111  265  28  74  83  116  17   59  113  21  48   2  57   0   333   0   0   0  19
marion,shawn      mia PF 63 2313  400  787  66 198 106  150 136  643  138 125  86  85 150   0   972   0   0   0  62
marks,sean        pho  C 19  130   23   43   1   4  12   19   9   36    4   3   8  10  23   0    59   0   0   0   0
marshall,donyell  sea SF 26  342   32   98  15  53  19   22  24   76   10   6  15  16  31   0    98   0   0   0   1
martin,darrick    tor PG 17  141   10   43   2  16   5    6   3    7   21   6   1   0  12   0    27   0   0   0   0
martin,kenyon     den PF 71 2162  376  699   2  11 123  212 105  461   90  88  91  85 235   3   877  11   0   0  71
martin,kevin      sac SG 61 2219  417  914 107 266 502  578  48  272  129  62 131   5 150   1  1443   1   0   0  57
mason,desmond     mil SF 59 1703  230  477   0   0 114  173  75  256  121  40  83  30 106   0   574   6   0   0  56
mason,roger       was PG 80 1705  266  600 130 327  62   71  17  130  134  40  69  18 140   0   724   1   0   0   9
maxiell,jason     det PF 82 1760  240  446   0   1 171  270 177  433   46  21  71  94 182   1   651   3   0   0   7
mbenga,dj         lal  C 42  324   39   84   0   0   5   12  28   72   10   7  12  26  70   1    83   1   0   0   0
mccants,rashad    min SG 75 2022  428  944 142 349 116  155  50  206  162  66 171  18 234   3  1114   3   0   0  24
mccoy,jelani      den  C  6   32    1    1   0   0   1    2   1    7    0   0   4   5   7   0     3   0   0   0   1
mcdyess,antonio   det PF 78 2284  293  600   0   2  97  156 204  666   89  61  75  53 246   4   683   1   0   0  78
mcgrady,tracy     hou SG 66 2440  548 1307  86 295 245  358  42  339  387  68 160  30  91   0  1427   3   0   0  62
mcguire,dominic   was SF 70  698   39  103   1   6  14   32  53  140   41  20  40  26  76   0    93   0   0   0   1
mcinnis,jeff      cha PG 54 1410  108  249   3  19  23   30  16   95  220  23  75   3 120   0   242   3   0   0  26
mcroberts,josh    por  C  8   30    6   10   0   1   0    0   2   10    2   1   2   0   1   0    12   0   0   0   0
mihm,chris        lal  C 23  278   32   95   0   0  18   27  28   77   13   4  17  14  42   0    82   0   0   0   5
miles,c.j.        uta PG 60  688  113  236  30  77  41   52  16   78   53  32  27   8  98   1   297   0   0   0  13
milicic,darko     mem  C 70 1665  220  501   0   1  67  121 127  424   58  32 101 114 185   1   507   2   0   0  64
miller,andre      phi PG 82 3013  569 1156   3  34 257  333  95  323  565 105 205   7 181   0  1398   4   0   0  82
miller,brad       sac  C 72 2514  337  728  28  90 262  309 167  681  264  68 164  74 247   5   964  11   0   0  72
miller,mike       mem SG 70 2474  414  823 155 359 164  212  51  467  240  35 182  16 145   3  1147   0   0   0  70
millsap,paul      uta PF 82 1701  253  503   0   4 155  229 168  461   81  72  87  72 269   4   661   1   0   0   2
ming,yao          hou  C 55 2044  432  852   0   2 345  406 172  594  129  25 183 111 171   2  1209   1   0   0  55
mobley,cuttino    lac SG 77 2696  377  870  67 192 163  199  50  275  202  78 123  34 152   2   984  11   0   0  38
mohammed,nazr     cha  C 82 1649  272  529   0   1  95  163 195  495   72  46 101  59 230   1   639   4   0   0  29
moon,jamario      tor SF 78 2168  279  575  40 123  63   85  92  484   90  80  51 108 152   0   661   0   0   0  75
moore,mikki       sac  C 82 2382  282  489   0   2 134  182 160  494   84  35 110  46 310   9   698  10   0   0  79
morris,randolph   nyk  C 18  181   21   58   0   0  14   29  12   37    2   4   9   2  37   1    56   0   0   0   2
mourning,alonzo   mia  C 25  391   52   95   0   0  43   74  34   93    7   4  25  42  56   0   147   3   0   0   0
murphy,troy       ind PF 75 2108  315  692  94 236 192  241 108  543  165  49  96  32 217   5   916   4   0   0  61
murray,ronald     ind PG 42  874  154  367  20  63  68   98  23   84  144  38  84   4  50   0   396   0   0   0  19
mutombo,dikembe   hou  C 39  618   43   80   0   0  32   45  68  199    5  11  17  48  55   0   118   5   0   0  25
nachbar,bostjan   njn SF 75 1666  246  610  94 262 154  196  57  261   88  44  85  20 182   1   740   2   0   0   1
najera,eduardo    den SF 78 1665  174  368  53 147  65   91 113  337   95  69  59  40 199   3   466   5   0   0   3
nash,steve        pho PG 81 2780  485  962 179 381 222  245  28  282  897  53 295   5 113   0  1371   7   0   0  81
navarro,juan_car  mem PG 82 2120  308  766 156 432 124  146  34  208  177  48 129   2  93   0   896   1   0   0  30
nelson,jameer     orl PG 69 1963  283  603  64 154 125  151  28  243  383  63 141   3 167   1   755   0   0   0  62
nesterovic,rasho  tor  C 71 1483  257  467   1   3  37   49 130  342   82  20  60  53 132   0   552   1   0   0  39
newble,ira        lal SG 49  703   76  174  16  49  20   26  47  125   18  28  34   8  69   0   188   1   0   0  13
nichols,demetris  chi SF 14   47    6   23   3  13   0    0   0    5    1   0   4   3   4   0    15   0   0   0   0
noah,joakim       chi  C 74 1532  177  367   0   1 134  194 174  416   84  68  89  64 173   0   488   0   0   0  31
nocioni,andres    chi SF 82 2018  379  877 126 345 195  241  48  342   95  25 133  43 245   3  1079  10   0   0  27
novak,steve       hou PF 35  266   49  102  34  71   3    4   4   35    6   2   4   3  17   0   135   0   0   0   0
nowitzki,dirk     dal PF 77 2768  630 1314  79 220 478  544  95  659  266  51 160  71 198   0  1817   8   0   0  77
o'bryant,patrick  gsw  C 24  104   16   28   0   0   3    5   9   28    4   3   7   9  27   1    35   0   0   0   0
o'neal,jermaine   ind  C 42 1207  225  512   0   5 121  163  82  283   93  20 106  87 129   2   571   5   0   0  34
o'neal,shaquille  pho  C 61 1751  331  558   0   0 170  338 166  554   93  32 181  88 228   6   832   9   0   0  61
oberto,fabricio   san  C 82 1645  180  296   0   1  37   61 153  430   95  37  50  20 203   3   397   0   0   0  64
odom,lamar        lal PF 77 2921  417  795  31 113 229  328 197  819  272  75 156  72 222   3  1094   4   0   0  77
okafor,emeka      cha PF 82 2723  460  861   0   0 213  374 255  876   70  62 164 138 241   3  1133   0   0   0  82
okur,mehmet       uta  C 72 2389  374  842 114 294 185  230 132  556  145  55 104  30 236   3  1047   5   0   0  72
ollie,kevin       phi PG 40  299   29   69   0   1  12   15   4   19   38  10   5   0  28   0    70   0   0   0   0
outlaw,bo         orl PF  2    6    2    3   0   0   0    0   0    0    0   0   1   0   1   0     4   0   0   0   0
outlaw,travis     por SF 82 2183  418  964  40 100 218  294  96  376  106  59 107  63 173   0  1094   2   0   0   6
owens,andre       ind SG 31  392   40  108  18  40  25   34  13   47   47  13  24   3  37   0   123   0   0   0   7
pachulia,zaza     atl  C 62  945  107  245   0   3 108  153  89  248   36  24  69  13 140   0   322   2   0   0   5
pargo,jannero     nor PG 80 1499  254  652  65 185  71   81  26  130  192  50  93   5 123   0   644   0   0   0   5
parker,anthony    tor SG 82 2632  395  829 133 304 102  125  50  334  183  79  86  17 157   0  1025   0   0   0  82
parker,smush      lac PG 28  593   64  184  18  78  19   28   4   51   84  24  44   6  60   1   165   1   0   0   2
parker,tony       san PG 69 2313  515 1043  17  66 248  347  30  221  411  55 165   8  93   0  1295   0   0   0  68
patterson,ruben   lac SF 20  324   39   86   0   2  24   43  24   64   17  21  27   7  37   0   102   1   0   0   5
paul,chris        nor PG 80 3006  630 1291  92 249 332  390  62  321  925 217 201   4 185   0  1684  11   0   0  80
pavlovic,sasha    cle SG 51 1190  146  405  34 115  53   77  36  129   82  29  55   6 117   2   379   1   0   0  45
pecherov,oleksiy  was  C 35  321   44  125  17  60  20   31  21   66    7   6  17   5  30   0   125   0   0   0   0
perkins,kendrick  bos  C 78 1912  214  349   0   1 114  183 145  474   84  30 125 111 242   3   542   9   0   0  78
perovic,kosta     gsw  C  7   38    3   10   0   0   4    6   6   13    1   0   1   2   6   0    10   0   0   0   0
peterson,morris   nor SG 76 1796  215  516 113 287  65   85  36  206   67  47  41   7 125   0   608   3   0   0  76
petro,johan       sea  C 72 1305  184  439   0   1  64   87  98  371   32  35  73  44 173   1   432   0   0   0  28
piatkowski,eric   pho SG 16  114   12   33  11  26   4    4   1   12   10   0   6   1  11   0    39   0   0   0   0
pierce,paul       bos SF 80 2873  509 1098 143 365 409  485  53  411  363 102 221  35 200   0  1570   8   0   0  80
pietrus,mickael   gsw SG 66 1316  170  388  66 182  66   98  68  243   49  66  48  43 200   4   472   2   0   0  16
pollard,scot      bos  C 22  173   12   23   0   0  15   22  14   37    3   3   5   6  43   1    39   0   0   0   0
posey,james       bos SF 74 1816  173  414 106 279  93  115  30  322  114  72  65  20 182   1   545   3   0   0   2
powe,leon         bos SF 56  809  154  268   0   1 137  193  95  227   15  15  43  16 127   2   445   0   0   0   5
powell,josh       lac PF 64 1228  145  315   0   3  63   87 115  331   47  14  65  23 130   0   353   2   0   0  25
powell,kasib      mia SF 11  304   35   95   8  33   6    9   8   44   18   9   5   2  18   0    84   0   0   0   4
price,ronnie      uta PG 61  587   88  204  26  75  26   38   8   46   78  32  30   3  83   0   228   1   0   0   3
prince,tayshaun   det SF 82 2696  421  940  53 146 185  241 109  398  268  42  91  33  90   0  1080   0   0   0  82
pruitt,gabe       bos PG 15   96   14   39   3  12   1    2   1    8   13   5   5   0  10   0    32   0   0   0   0
przybilla,joel    por  C 77 1820  143  247   0   1  83  122 193  647   27  13  95  92 234   1   369   7   0   0  67
quinn,chris       mia PG 60 1343  158  373  64 159  85   98  11  118  178  46  55   4  91   0   465   0   0   0  25
radmanovic,vladi  lal PF 65 1482  198  437  95 234  52   65  56  215  123  46  73  12 147   1   543   3   0   0  41
randolph,shavlik  phi PF  9   28    4   14   0   0   0    0   9   11    3   1   2   3   5   0     8   0   0   0   0
randolph,zach     nyk PF 69 2247  486 1058  22  80 223  289 184  711  140  59 186  16 194   1  1217   3   0   0  68
ratliff,theo      det  C 26  435   41   85   0   1  29   43  32   89   14   7  21  38  59   1   111   0   0   0   9
redd,michael      mil SG 72 2699  550 1243 130 358 402  490  85  309  247  65 181  13 120   0  1632   0   0   0  71
redick,j.j.       orl SG 34  276   48  108  17  43  27   34   1   23   16   4  15   0  29   0   140   2   0   0   0
richard,chris     min PF 52  555   41   87   0   0  16   27  52  135   18  10  23  12  83   0    98   0   0   0   3
richardson,jason  cha SG 82 3151  648 1468 243 599 249  332  81  441  258 116 166  55 241   3  1788   1   0   0  82
richardson,jerem  atl SF 27  133   16   44   7  19   2    2   1    9    2   3   6   0  13   0    41   0   0   0   1
richardson,quent  nyk SG 65 1841  199  555  69 213  60   88  56  314  116  44  69  15 153   2   527   5   0   0  65
ridnour,luke      sea PG 61 1219  147  368  21  71  78   91  13   94  241  37  80  14 120   0   393   0   0   0   5
robinson,nate     nyk PG 72 1880  331  782  97 292 154  196  51  222  212  60 103   1 186   2   913   3   0   0  17
rodriguez,sergio  por PG 72  634   69  196  17  58  25   38  13   58  123  24  53   0  57   0   180   0   0   0   0
rondo,rajon       bos PG 77 2308  351  713   5  19 107  175  78  322  393 129 147  13 187   1   814   2   0   0  77
rose,malik        nyk PF 49  496   66  180   2   7  37   51  31  103   28  16  40   7  80   1   171   0   0   0   3
ross,quinton      lac SG 76 1504  131  336   9  21  40   60  54  172   88  43  29  33 132   0   311   0   0   0  44
roy,brandon       por SG 74 2792  531 1170  73 215 281  373  81  348  430  79 136  15 147   1  1416   1   0   0  74
ruffin,michael    mil PF 46  632   33   62   0   0  25   63  90  186   24  31  19  19  93   1    91   0   0   0   2
rush,kareem       ind SG 71 1504  228  568 102 262  30   42  19  168   89  42  62  19 108   0   588   0   0   0  15
salmons,john      sac SG 81 2514  381  798  39 120 214  260  76  349  208  93 170  31 171   0  1015   1   0   0  41
samb,cheick       det  C  4   32    3    4   0   0   1    2   3    7    0   1   1   2   8   0     7   0   0   0   0
scalabrine,brian  bos PF 48  512   29   94  15  46  15   20  22   79   40   9  26   8  63   0    88   0   0   0   9
scola,luis        hou PF 82 2023  345  670   0   3 157  235 174  525  106  60 105  19 235   2   847   2   0   0  39
sefolosha,thabo   chi SG 69 1437  180  421  29  87  75  104  50  255  129  61  93  30 128   1   464   0   0   0  22
sene,mouhamed     sea  C 13   64   11   24   0   0   8   17   7   16    1   0   0   7   9   0    30   0   0   0   0
sessions,ramon    mil PG 17  447   51  117   3   7  32   41   8   58  127  17  35   3  26   0   137   0   0   0   7
simmons,bobby     mil SF 70 1517  209  496  60 171  53   70  67  226   80  50  78   5 140   1   531   2   0   0  21
simmons,cedric    chi PF 14   87    4   14   0   0   0   10   6   18    0   2   6   5   8   0     8   0   0   0   0
sims,courtney     ind  C  3   11    0    1   0   0   0    0   1    2    1   0   0   0   2   0     0   0   0   0   0
skinner,brian     pho PF 66  848   92  198   2   3  33   63  63  238   15  21  39  77 112   0   219   1   0   0   0
smith,craig       min PF 77 1545  297  528   0   9 133  200 123  353   60  36  89  17 217   0   727   1   0   0  11
smith,j.r.        den SG 74 1421  311  674 157 390 128  178  43  152  128  62 112  12 144   0   907   5   0   0   0
smith,jason       phi PF 76 1104  141  311   4  14  54   82  77  230   21  22  48  50 142   1   340   1   0   0   1
smith,joe         cle PF 77 1723  312  653   0   3 154  204 163  401   66  34  71  47 186   0   778   0   0   0  36
smith,josh        atl PF 81 2876  518 1133  25  99 333  469 161  667  272 123 245 227 268   6  1394   7   0   0  81
snow,eric         cle PG 22  306    6   38   0   2  10   22   4   20   42  10  10   4  30   0    22   0   0   0   5
snyder,kirk       min SG 36  761   96  189   5  23  64   88  30  127   64  20  53  15  55   0   261   3   0   0  18
songaila,darius   was PF 80 1555  214  467   0   2  67   73  81  271  135  53  85  16 181   1   495   1   0   0  13
stackhouse,jerry  dal SG 58 1410  213  526  60 184 132  148  33  133  145  28  86  10  82   0   618   6   0   0  13
stevenson,deshaw  was SG 82 2561  300  779 157 412 157  197  37  235  252  65 102  15 110   0   914   7   0   0  82
stojakovic,peja   nor SF 77 2716  451 1026 231 524 130  140  64  331   96  57  61  10 126   0  1263   2   0   0  77
storey,awvee      mil SG 26  259   39   89   0   7  14   29  31   54   16   7  10   1  41   0    92   0   0   0   0
stoudamire,damon  san PG 60 1038  120  337  50 149  27   34  20  118  165  30  80   2  76   0   317   0   0   0  33
stoudamire,salim  atl PG 35  407   65  180  29  85  41   50   4   24   28   7  21   5  34   0   200   0   0   0   0
stoudemire,amare  pho  C 79 2681  714 1211   5  31 556  691 178  719  118  64 174 163 294   1  1989  11   0   0  79
strawberry,d.j.   pho SG 33  272   29   92   6  25   9   19   9   28   30  12  11   6  36   0    73   0   0   0   0
stuckey,rodney    det PG 57 1080  153  381   3  16 127  156  32  129  160  49  78   6 113   0   436   1   0   0   2
swift,robert      sea  C  8   99    6   17   0   0   2    2   6   18    1   5  10   6  16   0    14   0   0   0   4
swift,stromile    njn  C 56  842  135  265   0   2  73  109  64  199   26  15  51  54 113   0   343   0   0   0   4
szczerbiak,wally  cle SF 75 1737  311  722  90 217 149  175  34  217  104  23  76  12 103   0   861   0   0   0   2
telfair,sebastia  min PG 60 1933  223  556  32 114  78  105  16  135  355  59 111  11 171   1   556   4   0   0  51
terry,jason       dal PG 82 2580  471 1008 136 363 191  223  30  208  264  88  92  18 170   1  1269   2   0   0  34
thomas,billy      cle SG 11   43    4   17   4  16   2    2   0    2    0   1   4   0   4   0    14   0   0   0   0
thomas,kenny      sac PF 23  284   16   38   0   0   0    5  18   61   13   6  21   1  38   0    32   0   0   0   3
thomas,kurt       san  C 70 1584  195  396   0   1  53   80 130  507   67  56  46  57 188   2   443   1   0   0  48
thomas,tim        lac PF 63 1941  291  704  83 270 115  153  62  325  171  40  98  29 192   3   780   4   0   0  51
thomas,tyrus      chi PF 74 1326  186  440   1   6 129  174 102  342   90  48  77  73 170   0   502   3   0   0  27
thornton,al       lac SF 79 2164  374  870  43 130 214  288  98  358   98  46 128  43 195   3  1005   1   0   0  31
tinsley,jamaal    ind PG 39 1299  176  463  40 141  72  100  24  141  326  66 130  10  97   0   464   4   0   0  36
tucker,alando     pho SF  6   48    8   22   1   4   5    6   4    8    0   0   0   1   2   0    22   0   0   0   0
turiaf,ronny      lal PF 78 1459  188  396   0   2 140  186  95  306  128  28  72 108 199   3   516   5   0   0  21
turkoglu,hedo     orl SF 82 3027  556 1219 166 415 324  391  83  471  409  74 246  26 244   1  1602   7   0   0  82
udoka,ime         san SF 73 1320  159  375  61 165  44   58  36  228   63  56  58  17 127   1   423   3   0   0   0
udrih,beno        sac PG 65 2080  328  708  53 137 125  147  34  217  282  57 148  10 138   1   834   0   0   0  51
varejao,anderson  cle  C 48 1317  136  295   0   2  49   82 134  399   53  37  59  26 134   1   321   1   0   0  13
vaughn,jacque     san PG 74 1143  121  283   3  10  61   80  13   74  159  23  54   1  97   0   306   0   0   0   9
villanueva,charl  mil PF 76 1828  354  814  55 185 123  157 145  466   78  30 106  35 174   2   886   4   0   0  31
vinicius,marcus   nor SF 13   69    9   20   5  12   5   11   1    8    2   1   3   1   4   0    28   1   0   0   0
voskuhl,jake      mil  C 44  385   37   80   0   0  24   29  30   97   13   9  29  21  83   0    98   3   0   0   0
vujacic,sasha     lal SG 72 1284  219  482 118 270  76   91  19  154   72  36  52   5 107   0   632   3   0   0   0
wade,dwyane       mia SG 51 1950  439  937  22  77 356  469  45  214  354  87 224  37 137   0  1256   4   0   0  49
wafer,von         por SG 29  156   17   61   4  26   8   12   1   19    7   2  13   3   7   0    46   0   0   0   0
walker,antoine    min PF 46  894  136  375  61 188  35   66  56  168   45  33  46   8  80   0   368   2   0   0   1
wallace,ben       cle  C 72 2209  138  352   0   4  72  169 234  604  105  88  67 117 121   0   348   3   0   0  72
wallace,gerald    cha SF 62 2378  408  907  71 221 313  428  58  374  216 131 180  58 189   1  1200   7   0   0  59
wallace,rasheed   det  C 77 2346  376  869 112 315 115  150  83  509  137  91  86 129 213   3   979  12   0   0  76
walton,luke       lal SF 74 1730  215  478  28  84  77  109  85  291  218  60 100  18 133   1   535   5   0   0  31
warrick,hakim     mem SF 75 1754  328  653  13  48 183  260 123  356   52  36  84  29 156   1   852   0   0   0  30
washington,dariu  san PG 18  147   21   48   4  12   7   13   4   20   15   5  14   0  16   0    53   0   0   0   0
watkins,darryl    sac  C  9   69    5   15   0   0   2    5   5   12    0   2   7   2   8   0    12   0   0   0   0
watson,c.j.       gsw PG 32  366   43  101   9  26  23   29  13   32   34  15  18   0  19   0   118   0   0   0   0
watson,earl       sea PG 78 2273  337  745  49 132 111  145  43  225  531  70 175  11 158   2   834   4   0   0  73
webber,chris      gsw PF  9  126   15   31   0   0   5   12   2   32   18   4  11   6  17   0    35   0   0   0   8
webster,martell   por SG 75 2130  277  656 123 317 122  166  54  296   90  42  83  28 159   0   799   1   0   0  70
wells,bonzi       nor SG 73 1566  252  569  12  50 146  227  84  331   97  75 103  32 157   0   662   6   0   0   7
west,david        nor PF 76 2871  629 1305   6  25 300  353 180  675  177  62 165  98 208   0  1564   5   0   0  76
west,delonte      cle PG 61 1529  196  474  48 135  67   91  31  193  229  59 117  29 103   1   507   2   0   0  31
west,mario        atl SG 64  285   21   49   0   4  17   26  26   48   13  12   9   4  61   1    59   0   0   0   2
wilcox,chris      sea PF 62 1740  334  638   0   3 160  248 126  433   74  46 103  36 174   0   828   2   0   0  55
wilkins,damien    sea SG 76 1849  271  673  50 155 106  144  72  245  150  62  89  19 128   0   698   0   0   0  31
wilks,mike        sea PG 15  187   17   36   3   8   4    4   5   19   14   9   8   0  13   0    41   0   0   0   0
williams,aaron    lac  C 30  297   27   55   0   0  14   18  15   61    9  12  13  15  44   0    68   0   0   0   5
williams,deron    uta PG 82 3059  566 1117  83 210 330  411  34  243  862  90 279  24 200   0  1545   5   0   0  82
williams,jason    mia PG 67 1884  211  549  97 274  69   80  12  130  307  83  91   5  93   0   588   3   0   0  53
williams,justin   hou PF 23  124   13   29   0   0   8   26  20   49    0   5   4   5  17   0    34   0   0   0   0
williams,louis    phi PG 80 1868  319  752  55 153 227  290  41  167  253  80 125  13 130   0   920   1   0   0   0
williams,marcus   njn PG 53  856  111  293  54 142  37   47  14  101  140  25  75   3  52   0   313   1   0   0   7
williams,marcusa  lac SF 11   38    5   20   0   0   0    0   4   12    3   1   0   1   3   0    10   0   0   0   0
williams,marvin   atl SF 80 2764  424  918   1  10 336  409 119  457  137  81 127  33 225   3  1185   2   0   0  80
williams,mo       mil PG 66 2407  441  919  89 231 166  194  37  230  419  78 182  10 188   3  1137   5   0   0  66
williams,sean     njn  C 73 1279  164  305   0   0  81  133 115  322   28  28  71 106 193   1   409   1   0   0  29
williams,shawne   ind SF 65  965  159  372  43 136  76  106  54  176   59  26  58  26 132   4   437   1   0   0   3
williams,shelden  sac SF 64  775   92  212   0   2  71  105  68  205   19  22  34  21 111   0   255   1   0   0   0
woods,loren       hou  C  7   16    3    5   0   0   0    0   0    1    2   0   0   0   2   0     6   0   0   0   0
wright,antoine    dal SF 56 1233  135  329  32 110  46   67  39  146   80  28  50  21 127   1   348   1   0   0  10
wright,brandan    gsw SF 38  376   62  112   0   0  27   40  38   99    9   6  13  22  36   0   151   0   0   0   6
wright,dorell     mia SF 44 1105  143  293   4  11  57   69  48  218   60  29  29  40  79   0   347   0   0   0  34
wright,julian     nor SF 57  639   90  169  10  24  33   52  33  117   40  29  34  12  43   0   223   0   0   0   1
wright,lorenzen   atl  C 18  163    6   21   0   0   3    6   8   38    4   3   4   3  31   0    15   0   0   0   1
young,nick        was SG 75 1157  210  478  40 100 101  124  23  115   63  35  94   7 130   1   561   1   0   0   2
young,thaddeus    phi SF 74 1555  264  490   6  19  76  103 120  312   58  73  64   8 126   1   610   0   0   0  22
