Player           Team PS GP  Min  FGM  FGA  3M  3A FTM  FTA  OR   TR   AS  ST  TO  BK  PF  DQ   PTS  TC  EJ  FF Sta
acker,alex        lac SG 25  200   30   76   7  20   5   10   8   24   12   5   7   4   9   0    72   0   0   0   0
adams,hassan      tor SF 12   52    4   13   0   0   3    6   1    7    1   1   4   1   4   0    11   0   0   0   0
afflalo,arron     det SG 74 1236  131  300  43 107  58   71  30  134   44  28  43  13 144   1   363   0   0   0   8
ager,maurice      njn SG 20   95   15   43   0   6   4    8   3   10    3   1   4   2  17   0    34   0   0   0   0
ahearn,blake      san PG  3   18    2    6   2   4   2    2   0    1    2   1   1   0   3   0     8   0   0   0   0
ajinca,alexis     cha  C 31  179   25   69   0   2  20   28   9   30    3   7  12   7  34   0    70   1   0   0   4
aldridge,lamarcu  por PF 81 3001  601 1243   7  29 261  334 233  604  159  78 121  78 207   4  1470   2   0   0  81
alexander,joe     mil PF 59  717  102  245  16  46  58   83  44  115   42  15  52  29 107   1   278   0   0   0   0
allen,malik       mil PF 49  579   73  170   0   1  10   21  35  103   35   7  20  12  89   3   156   0   0   0   3
allen,ray         bos SG 79 2868  499 1039 199 486 237  249  66  278  218  68 134  13 157   3  1434   3   0   0  79
allen,tony        bos SG 46  885  137  284   6  27  79  109  22  104   66  54  77  23  98   1   359   0   0   0   2
almond,morris     uta SG 25  258   33   81   5  17  21   26   8   35    7   4  16   4  31   0    92   0   0   0   1
alston,rafer      orl PG 77 2445  316  820 112 331 156  208  33  227  406 108 140  10 135   0   900   6   0   0  76
amundson,louis    pho PF 76 1038  134  250   0   1  53  120 128  270   28  32  56  65 154   0   321   1   0   0   0
andersen,chris    den  C 71 1463  160  292   2  10 130  181 163  442   31  41  69 175 174   1   452   2   0   0   1
anderson,ryan     njn PF 66 1311  160  406  69 189  98  116 104  311   53  44  63  20 157   1   487   1   0   0  30
anthony,carmelo   den SF 66 2277  535 1207  63 170 371  468 106  450  222  75 199  24 195   1  1504  16   0   0  66
anthony,joel      mia  C 65 1053   57  118   0   0  30   46  89  197   27  20  41  93 139   0   144   0   0   0  28
arenas,gilbert    was PG  2   62    6   23   2   7  12   16   1    9   20   0   1   1   4   0    26   0   0   0   2
ariza,trevor      lal SF 82 1999  274  596  61 191 120  169 111  352  145 136  87  24 166   1   729   3   0   0  20
armstrong,hilton  nor  C 70 1091  138  246   0   2  62   98  81  195   29  26  80  45 181   1   338   1   0   0  29
artest,ron        hou SF 69 2446  416 1037 153 383 196  262  65  359  229 105 141  24 155   2  1181   4   0   0  55
arthur,darrell    mem PF 76 1463  191  436   0   2  40   60 108  346   43  52  47  52 206   1   422   0   0   0  64
atkins,chucky     okl PG 34  413   34  113  15  57  15   16   5   24   59  10  23   2  28   0    98   0   0   0   0
augustin,d.j.     cha PG 72 1904  267  621 108 246 208  233  17  133  250  42 119   2 140   1   850   0   0   0  12
azubuike,kelenna  gsw SG 74 2377  392  845  94 210 185  229 112  370  117  57  95  50 183   2  1063   0   0   0  51
balkman,renaldo   den SF 53  784  110  198   2   7  42   65  86  203   34  47  35  23  98   1   264   2   0   0  10
banks,marcus      tor PG 22  205   21   57   3  19  11   18   1   18   28  11  14   2  26   0    56   0   0   0   0
barbosa,leandro   pho SG 70 1707  366  759  90 240 171  194  34  181  162  82  93   7 115   0   993   0   0   0  11
barea,juan_jose   dal PG 79 1602  246  557  55 154  70   93  36  177  269  36 105   5 121   1   617   0   0   0  15
bargnani,andrea   tor PF 78 2459  431  958 119 292 221  266  69  415   95  34 135  98 242   2  1202   2   0   0  59
barnes,matt       pho PF 77 2079  285  674 117 341 101  136  79  421  212  52 130  26 209   3   788  10   0   0  40
barry,brent       hou SG 56  854   70  172  49 131  19   20  17   94   78  24  48   3  45   0   208   0   0   0   1
bass,brandon      dal PF 81 1576  252  508   0   6 182  210 129  367   43  27  86  55 140   0   686   0   0   0   0
baston,maceo      ind PF 27  218   25   46   0   1  17   27  22   52    7   6  12  10  39   0    67   0   0   0   0
battie,tony       orl  C 77 1198  158  323   2   9  54   82  92  278   31  26  46  25 112   0   372   0   0   0   3
battier,shane     hou SF 60 2032  145  354  91 237  55   67  52  285  137  48  49  54 114   0   436   1   0   0  59
batum,nicolas     por SF 79 1452  161  361  62 168  42   52  84  220   74  50  50  39 139   0   426   0   0   0  76
bayless,jerryd    por PG 53  652   69  189   7  27  83  103   8   57   78  16  56   2  81   1   228   0   0   0   0
beasley,michael   mia PF 81 2006  452  957  33  81 186  241 110  439   83  41 121  37 184   0  1123   1   0   0  19
belinelli,marco   gsw SG 42  881  140  317  52 131  40   52  10   71   88  36  59   1  73   0   372   1   0   0  23
bell,charlie      mil SG 70 1782  217  524  87 240  66   80  32  135  151  50  76   7 138   1   587   1   0   0  24
bell,raja         cha SG 67 2315  299  684 114 271  87  102  41  243  142  50  86   8 166   1   799   6   0   0  66
bibby,mike        atl PG 79 2739  437 1005 167 428 135  171  38  278  392  98 128  11 145   0  1176   5   0   0  79
biedrins,andris   gsw  C 62 1854  308  533   0   1 119  216 223  693  121  63 110  96 236   8   735   1   0   0  58
billups,chauncey  den PG 79 2788  410  980 162 397 418  458  32  239  506  93 177  18 161   0  1400  10   0   0  79
blake,steve       por PG 69 2188  277  647 140 328  63   75  28  173  347  68 107   3 126   1   757   2   0   0  69
blatche,andray    was  C 71 1699  297  630   5  21 114  162 126  378  118  52 117  74 211   2   713   1   0   0  36
blount,mark       mia  C 20  207   30   78  11  27   8   13  10   41    4   1  14   7  17   0    79   0   0   0   0
bogans,keith      mil SG 65 1270  119  324  74 218  52   57  31  201   64  43  41   4 105   0   364   1   0   0  15
bogut,andrew      mil  C 36 1125  183  317   0   0  56   98 117  369   72  23  86  38 130   2   422   5   0   0  33
bonner,matt       san PF 81 1931  266  536 118 268  17   23  97  386   82  47  37  26 190   1   667   0   0   0  67
boone,josh        njn PF 62  995  113  214   0   0  32   85 104  258   31  22  31  48 106   0   258   0   0   0   7
booth,calvin      sac  C  8   56    5   10   0   0   6    8   5   11    0   1   1   2  10   0    16   0   0   0   0
boozer,carlos     uta PF 37 1198  251  512   0   0  97  139 111  384   79  40  79   7 132   1   599   3   0   0  37
bosh,chris        tor PF 77 2932  615 1262  12  50 504  617 214  769  191  65 174  77 189   0  1746  10   0   0  77
bowen,bruce       san SF 80 1512   79  187  42  98  14   26  16  145   40  36  25  13 123   1   214   0   0   0  10
bowen,ryan        nor PF 22  219   22   38   0   0   3    5  10   24    9  13   5   5  37   0    47   0   0   0   3
brand,elton       phi PF 29  921  163  365   0   0  73  108  77  254   37  17  68  46  78   1   399   0   0   0  23
brewer,corey      min SF 15  308   37   90   5  12  14   19  18   49   25  15  13   2  37   0    93   0   0   0   8
brewer,ronnie     uta SG 81 2604  421  828  22  85 247  352 101  300  179 138 110  30 128   0  1111   0   0   0  80
brooks,aaron      hou PG 80 1996  316  783 113 309 149  172  33  157  238  46 125   8 152   1   894   3   0   0  35
brown,andre       cha PF  4   41    1    7   0   0   2    2   7   12    1   1   5   0   9   0     4   0   0   0   0
brown,bobby       min PG 68  933  141  360  45 130  34   43  14   52  117  21  63   3  95   0   361   0   0   0   2
brown,dee         pho PG 19  260   18   49   7  24   3    5   7   29   36  10  17   0  28   0    46   0   0   0  11
brown,devin       nor SF 63  868  111  313  28  97  78  100  31  119   54  32  54   5  81   1   328   0   0   0   5
brown,kwame       det  C 58  997   90  169   0   0  63  122  91  290   32  24  50  25 138   0   243   2   0   0  30
brown,shannon     lal SG 48  478   78  165  14  37  32   39  11   44   39  22  38   7  42   0   202   1   0   0   0
bryant,kobe       lal SG 82 2965  800 1712 118 336 483  564  90  429  399 121 210  37 189   1  2201  11   0   0  82
buckner,greg      mem SG 63  879   61  159  13  51  20   25  32  130   57  29  38   8 108   0   155   1   0   0   0
butler,caron      was SF 67 2585  491 1085  65 210 345  402 118  413  290 107 210  20 165   0  1392   1   0   0  67
butler,rasual     nor SF 82 2617  348  803 140 359  86  110  49  271   75  51  59  61 159   1   922   3   0   0  74
bynum,andrew      lal  C 50 1443  281  502   0   0 152  215 137  398   71  18  85  89 157   1   714   3   0   0  50
bynum,will        det PG 57  801  156  342   3  19  95  119  19   75  157  34  76   2  85   1   410   0   0   0   1
calderon,jose     tor PG 68 2331  320  643  82 202 151  154  16  195  606  75 142   7 114   0   873   2   0   0  68
camby,marcus      lac  C 62 1922  254  496   1   4 132  182 161  690  127  51  93 132 129   0   641   0   0   0  55
cardinal,brian    min PF 64  910   65  169  30  92  30   35  39  142   76  37  48  13 135   0   190   1   0   0   4
carney,rodney     min SG 67 1204  176  423  79 226  50   66  36  126   26  45  43  29  94   0   481   1   0   0   6
carroll,matt      dal SG 55  623   65  171  13  53  21   25   7   69   27  21  33   6  67   0   164   0   0   0  10
carter,anthony    den PG 78 1787  167  386  21  88  57   78  40  205  364  96 155  13 142   0   412   3   0   0   5
carter,vince      njn SG 80 2942  588 1345 151 392 335  410  74  409  376  81 166  37 234   3  1662   5   0   0  80
chalmers,mario    mia PG 82 2628  278  662 114 311 148  193  37  228  403 159 165   8 240   6   818   0   0   0  82
chandler,tyson    nor  C 45 1448  160  283   0   0  77  133 163  393   22  15  70  55 144   2   397   5   0   0  45
chandler,wilson   nyk SF 82 2733  455 1054 103 314 171  215  91  445  170  71 140  75 250   2  1184   2   0   0  70
claxton,speedy    atl PG  2   14    2    7   0   0   1    2   0    0    3   0   0   0   1   0     5   0   0   0   0
collins,jarron    uta  C 26  198   16   35   0   0   8   11  20   37    7   2   9   1  35   0    40   0   0   0   3
collins,jason     min  C 31  420   22   70   0   0  13   28  28   70   11   9  12  13  73   0    57   1   0   0  22
collins,mardy     lac SG 48  890  105  247  13  31  28   46  31  107  111  31  58  10  80   0   251   0   0   0  14
collison,nick     okl PF 71 1826  243  428   0   2  98  136 181  489   66  51  73  50 239   3   584   0   0   0  40
conley,mike       mem PG 82 2504  323  730  88 217 161  197  25  276  354  90 143   8 146   1   895   0   0   0  61
cook,brian        hou PF 30  172   28   76  13  30   5    6   7   32    5   3  13   3  26   0    74   0   0   0   0
cook,daequan      mia SG 75 1831  242  645 153 395  49   56  19  189   71  39  42  10 125   1   686   0   0   0   4
crawford,jamal    gsw ?? 65 2477  419 1022 142 394 300  344  23  193  288  57 148  13  92   0  1280   4   0   0  65
crawford,joe      nyk SG  2   23    3   10   1   4   2    2   1    4    1   1   0   0   2   0     9   0   0   0   0
crittenton,javar  was PG 63 1175  131  285   2  15  53   92  57  167  150  40  82   6 101   0   317   1   0   0  10
croshere,austin   san PF 14  101   14   39   5  15   7   12  11   34    9   1   6   1   5   0    40   0   0   0   0
curry,eddy        nyk  C  3   12    2    2   0   0   1    3   0    4    0   0   2   0   5   0     5   0   0   0   0
dalembert,samuel  phi  C 82 2020  216  434   0   2  91  124 213  700   18  33 117 146 248   2   523   1   0   0  82
dampier,erick     dal  C 80 1837  182  280   0   0  90  141 216  565   77  24  74  95 191   2   454   2   0   0  80
daniels,antonio   nor PG 74 1023   99  236  22  60  80  100   5   77  177  27  62   1  55   0   300   2   0   0   9
daniels,marquis   ind SG 54 1699  311  689  18  90  93  129  80  248  114  63  94  26 120   0   733   1   0   0  43
davidson,jermare  gsw PF 14  110   17   35   0   0   8   17  10   34    1   2   5   3  12   0    42   0   0   0   0
davis,baron       lac PG 65 2242  355  959  99 328 159  210  46  238  501 108 193  35 193   1   968   9   0   0  60
davis,glen        bos  C 76 1633  199  450   2   5 130  178 121  301   69  54  71  19 230   3   530   2   0   0  16
davis,paul        lac  C 27  321   40   98   0   1  27   34  28   67   12  10  13   3  44   0   107   0   0   0   1
davis,ricky       lac SF 36  789   83  245  35 111  31   36   9   60   82  19  39   5  63   0   232   3   0   0   9
deng,luol         chi SF 49 1666  265  591   8  20 152  191  80  295   94  59  72  25  85   1   690   0   0   0  46
diaw,boris        cha PF 81 2750  448  884  75 181 101  147 118  432  333  61 215  53 202   1  1072   1   0   0  59
diawara,yakhouba  mia SG 63  847   76  217  51 163  10   19  26   82   27  13  16   6  75   0   213   0   0   0  21
diener,travis     ind PG 55  716   74  179  46 118  12   15   6   86  122  26  21   5  42   0   206   1   0   0   0
diogu,ike         sac PF 29  215   39   74   1   2  40   53  26   55    3   3  12   3  23   0   119   0   0   0   1
diop,desagana     cha  C 75 1035   74  171   0   0  22   66 114  273   32  29  39  56 128   1   170   0   0   0   1
dixon,juan        was SG 50  815  101  256  25  75  34   39   8   67  118  33  70   6  74   1   261   1   0   0   6
dooling,keyon     njn PG 77 2071  261  598  99 235 127  154  24  155  270  71 105   8 135   0   748   0   0   0  18
dorsey,joey       hou PF  3    6    1    2   0   0   0    0   0    1    1   0   0   0   0   0     2   0   0   0   0
douby,quincy      okc PG 27  299   42  110  14  46  17   19   6   32   25   5  13   5  27   0   115   0   0   0   0
douglas-roberts   njn SG 44  584   81  176   3  12  51   62  14   50   52  12  31   7  34   0   216   0   0   0   3
dragic,goran      pho PG 55  729   88  224  20  54  50   65  33  103  111  29  73   3  87   0   246   0   0   0   1
dudley,jared      pho SF 68 1151  136  285  29  74  71  105  82  205   56  57  43   8 105   1   372   0   0   0   7
duhon,chris       nyk PG 79 2913  287  681 127 325 179  209  45  246  566  72 220   7 126   1   880   2   0   0  78
duncan,tim        san  C 75 2525  558 1107   0   2 334  483 201  800  264  38 165 126 173   2  1450   5   0   0  75
dunleavy,mike     ind SG 18  493   93  232  32  90  53   65  14   68   44  12  38   9  36   0   271   0   0   0  14
durant,kevin      okl SF 74 2887  660 1388  97 230 452  524  77  482  205  94 226  53 134   0  1869   1   0   0  74
ellis,monta       gsw SG 25  891  194  430   8  26  78   94  14  108   93  39  67   8  67   0   474   3   0   0  25
elson,francisco   mil  C 59  975   83  169   1   4  33   39 100  229   31  37  48  36 144   1   200   0   0   0  23
ely,melvin        nor  C 31  371   37   95   0   0  23   36  30   64   18   2  23   9  58   0    97   0   0   0   4
evans,maurice     atl SG 80 1839  208  482  98 248  60   73  88  243   54  50  43  10 163   1   574   0   0   0  25
evans,reggie      phi PF 79 1139   79  178   0   1 104  175 135  361   26  41  69   8 161   0   262   4   0   0   7
farmar,jordan     lal PG 65 1188  161  412  49 146  45   77  22  117  155  57  87   9 105   0   416   0   0   0   0
farmer,desmon     san SG  3   54    4   14   3  12   2    2   0    6    2   0   4   0   6   0    13   0   0   0   0
felton,raymond    cha PG 82 3075  442 1083  59 207 219  272  54  310  553 126 228  30 191   1  1162   2   0   0  81
fernandez,rudy    por PG 78 1994  268  630 159 398 120  143  48  209  158  69  86  12 111   0   815   1   0   0   4
fesenko,kyrylo    uta  C 21  156   21   36   0   0   7   21  14   37    4   7   9  15  35   1    49   0   0   0   1
finley,michael    san SF 81 2336  301  689 131 319  51   62  25  269  114  37  60  17  82   0   784   0   0   0  77
fisher,derek      lal PG 82 2440  292  688 120 302 110  130  25  188  261  95  72   6 187   0   814   7   0   0  82
ford,t.j.         ind PG 74 2261  413  913  35 104 245  281  59  259  392  89 180  16 180   1  1106   2   0   0  49
foster,jeff       ind  C 74 1826  177  353   2   7  96  146 215  507  130  53  88  49 229   5   452   4   0   0  26
foye,randy        min PG 70 2495  399  981 111 308 230  272  34  214  303  72 150  26 201   3  1139   0   0   0  61
foyle,adonal      mem  C 10   61    7   11   0   0   3    6   9   26    1   0   3   8   5   0    17   0   0   0   0
frye,channing     por PF 63  746  113  267  11  33  26   36  41  140   24  17  29  15 106   0   263   1   0   0   1
gadzuric,dan      mil  C 67  939  117  244   0   2  37   68  95  255   39  32  41  43 162   4   271   0   0   0  26
gallinari,danilo  nyk SF 28  412   56  125  32  72  26   27  13   55   15  14  15   4  48   1   170   0   0   0   2
garcia,francisco  sac SF 65 1979  295  665  88 221 146  178  56  218  150  80 112  67 196   4   824   4   0   0  36
gardner,thomas    atl SG 16   98    9   36   4  23   2    4   0    7    2   4   3   1   4   0    24   0   0   0   0
garnett,kevin     bos PF 57 1773  393  740   2   8 111  132  78  485  144  63  90  68 128   2   899   7   0   0  57
gasol,marc        mem  C 82 2519  350  661   0   1 275  375 201  605  143  63 164  90 265   5   975   1   0   0  75
gasol,pau         lal PF 81 3004  592 1045   1   2 343  439 262  779  285  51 157  81 172   0  1528   4   0   0  81
gay,rudy          mem SF 79 2948  572 1262  85 242 264  344 109  437  135  98 203  59 221   1  1493   3   0   0  78
george,devean     dal SF 43  710   54  142  22  76  17   22  25   78   15  23  17  11  57   0   147   0   0   0  17
gibson,daniel     cle PG 75 1788  206  527 108 283  66   86  31  155  132  44  61  16 163   0   586   1   0   0   0
giddens,j.r.      bos SG  6   10    2    3   0   0   0    0   2    3    0   1   1   0   1   0     4   0   0   0   0
gill,eddie        mil PG  6   42    6    9   2   3   0    0   0    4   11   3   5   1  10   0    14   0   0   0   0
ginobili,manu     san SG 44 1185  223  491  69 209 168  190  24  198  157  64  88  16  90   0   683   0   0   0   7
gomes,ryan        min SF 82 2611  420  974 106 285 146  181 106  392  135  63 128  22 183   1  1092   1   0   0  76
gooden,drew       san PF 51 1266  237  506   0   4 131  156 113  362   48  30  76  18 144   2   605   0   0   0  28
gordon,ben        chi SG 82 2997  598 1315 173 422 330  382  52  283  279  71 200  22 184   1  1699   0   0   0  76
gordon,eric       lac SG 78 2677  411  901 131 337 299  350  45  201  215  78 164  35 172   3  1252   0   0   0  65
gortat,marcin     orl  C 63  794  107  188   1   1  26   45  97  287   14  18  25  51 111   0   241   0   0   0   3
graham,joey       tor SF 78 1539  231  481   3  16 132  160  95  292   48  35  74  12 191   1   597   1   0   0  10
graham,stephen    ind SF 52  687  106  256  20  66  50   62  21   96   33  10  45   4  82   1   282   0   0   0   6
granger,danny     ind SF 67 2424  571 1276 182 449 404  460  49  341  182  68 165  97 207   3  1728   5   0   0  66
gray,aaron        chi  C 56  720   81  167   0   1  34   59  84  220   46  14  40  18 135   1   196   3   0   0  18
green,gerald      dal SF 38  380   79  180  14  46  27   32  14   54   15  10  33   5  51   0   199   1   0   0  12
green,jeff        okl PF 78 2871  475 1067  96 247 242  307 119  518  155  81 173  33 202   1  1288   0   0   0  78
green,willie      phi SG 81 1826  286  658  51 161  62   85  29  126  158  53  64  12 155   0   685   0   0   0  60
greene,donte      sac SF 55  729   77  236  26 100  29   34  19   86   30  16  37  14  68   0   209   0   0   0   4
haddadi,hamed     mem  C 19  120   15   31   0   0  18   30  16   47    8   1   9  12  20   0    48   0   0   0   0
hairston,malik    san SG 15  156   24   49   0   1   2    7  11   28   13   6  12   7  19   0    50   0   0   0   0
hamilton,richard  det SG 67 2278  466 1043  70 190 223  263  44  207  297  40 133   4 176   1  1225   9   0   0  51
harpring,matt     uta SF 63  692  111  242   0   2  55   72  47  123   28  29  29   9 102   0   277   2   0   0   2
harrington,al     nyk PF 73 2548  532 1212 171 470 234  295  98  454  102  88 161  22 227   0  1469   8   0   0  56
harris,devin      njn PG 69 2493  455 1039  64 220 496  605  30  231  476 115 212  13 164   0  1470   6   0   0  69
hart,jason        den PG 41  347   30   94   0   6  18   23  13   46   48  12  22   4  39   0    78   0   0   0   2
haslem,udonis     mia PF 75 2564  333  643   0   0 128  170 169  618   85  43  82  25 204   0   794   4   0   0  75
hassell,trenton   njn SF 53 1095   86  191   2   8  20   25  50  146   51  21  30  16  92   0   194   1   0   0  31
hawes,spencer     sac  C 77 2257  373  800  40 115  90  136 148  549  149  44 160  93 249   4   876   4   0   0  51
hayes,chuck       hou PF 71  854   42  113   0   4   7   18  74  250   42  34  25  19 134   2    91   0   0   0   1
hayes,jarvis      njn SF 74 1832  257  577  94 244  36   52  27  267   54  52  49   7 162   2   644   0   0   0   1
haywood,brendan   was  C  6  176   24   50   0   0  10   21  13   44    8   4   9  15  14   0    58   1   0   0   5
head,luther       mia PG 32  497   55  144  20  54  19   24   6   51   58  18  26   1  37   0   149   1   0   0   4
herrmann,walter   det SF 59  632   82  207  41 120  19   25  28  107   22   7  17   4  43   0   224   0   0   0   0
hibbert,roy       ind  C 70 1008  198  421   0   3  98  147 115  243   49  19  54  76 215   5   494   0   0   0  42
hickson,j.j.      cle PF 62  704  100  194   0   0  45   67  52  165    9  14  45  30  81   0   245   0   0   0   0
hilario,nene      den  C 77 2510  428  709   1   5 266  368 183  598  108  95 147 101 278   5  1123   4   0   0  76
hill,george       san PG 77 1274  150  372  24  73 114  146  30  158  136  45  74  22 150   0   438   0   0   0   7
hill,grant        pho SF 82 2441  390  745  24  76 181  224  64  405  186  90 126  54 182   0   985   4   0   0  68
hill,steven       okl  C  1    2    1    1   0   0   0    0   2    3    0   0   0   0   0   0     2   0   0   0   0
hinrich,kirk      chi PG 51 1343  183  419  69 169  68   86  16  123  197  66  87  19 126   0   503   1   0   0   4
hollins,ryan      dal  C 45  443   50   94   0   0  43   72  46   97    7   7  24  32  78   2   143   0   0   0   3
horford,al        atl  C 67 2242  312  594   0   1 149  205 145  624  163  53 103  95 190   0   773   3   0   0  67
house,eddie       bos PG 81 1480  249  560 151 340  42   53  11  157   92  61  55   7 113   0   691   2   0   0   0
howard,dwight     orl  C 79 2818  560  979   0   2 504  849 336 1093  112  77 240 231 270   5  1624  14   0   0  79
howard,josh       dal SF 52 1659  353  783  58 168 172  220  59  263   83  55  89  30 135   1   936   6   0   0  51
howard,juwan      cha PF 42  471   75  147   0   0  23   34  30   76   26   7  26   6  71   0   173   2   0   0   2
hughes,larry      nyk SG 55 1481  224  556  75 193 117  145  16  159  119  72  71  14  96   1   640   2   0   0  20
humphries,kris    tor  C 29  269   38   90   0   0  38   48  24   70   10   8   8   6  31   0   114   0   0   0   0
hunter,lindsey    chi PG 28  265   27   82  16  48   3    5   2   12   37  20  19   1  28   0    73   0   0   0   0
hunter,othello    atl SG 16   92   11   20   0   0   0    5   9   24    1   2   2   5  11   0    22   0   0   0   0
iguodala,andre    phi SF 82 3266  542 1147  80 261 377  521  92  471  434 131 222  36 152   1  1541   4   0   0  82
ilgauskas,zydrun  cle  C 65 1762  342  724  15  39 139  174 157  490   64  28  90  85 183   1   838   8   0   0  65
iverson,allen     det PG 57 2090  348  834  28  99 271  347  30  173  283  88 146   6  86   0   995   5   0   0  53
ivey,royal        phi PG 71  864   69  208  39 114  34   43  19   76   43  36  23   7  76   0   211   1   0   0   0
jack,jarrett      ind SG 82 2715  386  853  78 221 224  263  44  277  338  88 184  17 179   0  1074   3   0   0  53
jackson,bobby     sac SG 71 1486  193  485  60 197  86  101  42  200  143  62  66   4 100   0   532   5   0   0  10
jackson,darnell   cle PF 51  426   37   86   0   2  24   35  32   87    8  10  14   4  77   0    98   0   0   0   2
jackson,stephen   gsw SF 59 2340  413  997 103 305 294  356  70  303  381  88 229  31 153   2  1223  18   0   0  59
james,jerome      nyk  C  2   10    3    8   0   0   0    0   1    3    0   1   1   1   2   0     6   0   0   0   0
james,lebron      cle SF 81 3056  789 1613 132 384 594  762 106  613  587 137 241  93 139   0  2304  10   0   0  81
james,mike        was PG 61 1647  197  514  69 184  68   82  25  133  201  44  94   6 108   1   531   2   0   0  50
jamison,antawn    was PF 81 3094  674 1441 112 319 341  452 196  721  153  95 125  25 218   2  1801   3   0   0  81
jaric,marko       mem PG 53  608   48  145  11  28  29   41  23   65   74  29  49  11  62   0   136   1   0   0   0
jawai,nathan      tor  C  6   19    1    4   0   0   0    0   1    2    0   0   2   0   3   0     2   0   0   0   0
jefferson,al      min  C 50 1832  486  975   0   4 186  252 172  548   78  39  92  83 141   2  1158   3   0   0  50
jefferson,dontel  cha SG  6   82   11   22   1   2   6    9   1   12    9   4   6   1   9   0    29   0   0   0   0
jefferson,richar  mil SF 82 2940  537 1222 116 292 417  518  57  374  200  66 165  14 252   0  1607   3   0   0  82
jeffries,jared    nyk SF 56 1305  120  273   1  12  55   90 128  231   80  47  65  33 153   0   296   1   0   0  36
jianlian,yi       njn PF 61 1418  191  500  48 140  95  123  67  326   60  29  70  36 157   1   525   0   0   0  52
johnson,amir      det PF 62  908   97  163   0   0  23   35 102  232   20  20  33  60 171   2   217   1   0   0  24
johnson,anthony   orl PG 80 1483  154  381  52 133  61   81  29  147  200  46  82   5 111   0   421   4   0   0  12
johnson,joe       atl SG 79 3122  620 1420 149 414 299  362  65  346  455  84 195  18 177   0  1688   4   0   0  79
johnson,linton    chi SG 10   54    4   11   1   2   0    0   3    8    2   1   2   0   7   0     9   0   0   0   0
johnson,trey      cle SG  4   14    0    5   0   0   4    4   0    1    0   0   1   0   4   0     4   0   0   0   0
jones,dahntay     den SG 79 1427  154  336  11  17 110  151  58  168   78  49  68  19 199   0   429   5   0   0  71
jones,damon       mil PG 18  108   11   34  11  28   0    0   0    6    7   3   6   0   4   0    33   0   0   0   0
jones,dwayne      cha  C  6   52    4    7   0   0   4    6   6   12    0   0   4   1   6   0    12   0   0   0   0
jones,fred        lac SG 52 1497  129  317  54 147  66   81  23  126  188  53  66  11 112   1   378   0   0   0  21
jones,james       mia PF 40  631   55  149  33  96  26   31  12   62   20  12  12  14  58   0   169   1   0   0   1
jones,solomon     atl  C 63  677   67  111   1   2  53   74  52  142   15   7  27  34 125   0   188   0   0   0   0
jordan,deandre    lac  C 53  775   93  147   0   0  42  109  72  237   11  11  41  59  96   0   228   1   0   0  13
kaman,chris       lac  C 31  916  161  305   0   0  51   75  75  247   46  17  84  45  93   2   373   5   0   0  24
kapono,jason      tor SF 80 1836  261  604  98 229  34   42  26  163  105  22  70   3 144   0   654   0   0   0  12
kidd,jason        dal PG 81 2885  257  618 131 323  86  105  85  500  702 160 185  39 168   1   731   1   0   0  81
kinsey,tarence    cle SF 50  280   31   69   7  18  33   38  10   38   10  12  22   0  34   1   102   0   0   0   3
kirilenko,andrei  uta SF 67 1833  256  569  20  73 244  311  84  319  175  84 121  77 127   1   776   0   0   0  10
kleiza,linas      den SF 82 1821  289  646  87 267 148  204  92  327   64  31  82  14 155   0   813   4   0   0   7
knight,brevin     uta PG 74  933   66  189   0   6  48   64  13   88  190  68  66   4  98   1   180   1   0   0   0
korver,kyle       uta SF 78 1875  245  559 103 267 112  127  35  258  137  46  90  29 170   0   705   0   0   0   2
koufos,kosta      uta PF 48  568   94  185   0   0  36   51  50  138   20  12  26  31  70   2   224   0   0   0   7
krstic,nenad      okl  C 46 1141  191  407   0   0  63   79  85  254   29  22  45  50 114   0   445   1   0   0  29
kurz,rob          gsw SF 40  440   51  131  15  38  40   50  33   81   20  14  16  19  78   0   157   0   0   0   5
landry,carl       hou PF 69 1465  240  418   1   3 157  193 123  342   39  26  68  31 166   0   638   1   0   0   0
law,acie          atl PG 55  564   52  139   9  29  49   60   6   58   86  11  29   3  43   0   162   1   0   0   1
lee,courtney      orl SG 77 1938  243  540  82 203  78   94  18  178   92  76  69  15 157   1   646   0   0   0  42
lee,david         nyk PF 81 2823  522  951   0   3 249  330 256  951  174  80 149  20 260   6  1293   2   0   0  74
lewis,rashard     orl PF 79 2858  478 1089 220 554 225  269  92  453  205  81 158  51 194   1  1401   3   0   0  79
livingston,shaun  okc PG 12  230   31   60   0   0   9   10   3   28   20   7   9   2  12   0    71   0   0   0   1
lopez,brook       njn  C 82 2502  448  844   0   2 172  217 225  665   86  44 147 152 257   7  1068   0   0   0  75
lopez,robin       pho  C 60  604   71  137   0   1  47   68  52  118    8  11  28  41  97   0   189   0   0   0   7
love,kevin        min PF 81 2047  316  688   2  19 265  336 273  733   84  35 118  51 205   1   899   0   0   0  37
lowry,kyle        hou PG 77 1668  189  433  25  98 181  226  26  189  275  69 117  17 146   1   584   0   0   0  21
lue,tyronn        orl PG 44  522   71  162  27  62  14   19   6   46   60   8  23   0  54   0   183   0   0   0   0
madsen,mark       min  C 19  112    3   14   0   0   0    4  10   18    4   1   3   1  18   0     6   0   0   0   1
maggette,corey    gsw SF 51 1585  292  634  24  95 342  415  49  282   92  44 120   8 192   6   950   3   0   0  19
magloire,jamaal   mia  C 55  712   65  131   0   0  29   60  82  222   22  11  32  25 121   0   159   4   0   0  12
marbury,stephon   bos PG 23  412   38  111   6  25   6   13   2   28   75  10  37   3  34   0    88   0   0   0   4
marion,shawn      tor SF 69 2472  382  788  10  53 117  147 180  588  139  89 105  66 132   1   891   1   0   0  68
marks,sean        nor  C 60  837   80  165   2  10  30   44  63  188   15   6  35  33 121   0   192   0   0   0   5
marshall,donyell  phi PF 25  190   33   73  25  55   3    6   6   40   15   4   6   5  24   0    94   0   0   0   0
martin,cartier    cha PF 33  266   28   77  10  33  20   25   7   33   13   8   9   4  33   0    86   0   0   0   1
martin,kenyon     den PF 66 2110  318  648  14  38 119  197  81  395  132  96 104  74 201   1   769  11   0   0  66
martin,kevin      sac SG 51 1949  341  811 115 277 457  527  29  183  138  62 146   8 116   0  1254   4   0   0  46
mason,desmond     okl SF 39 1059  125  286   0   3  46   85  41  157   46  16  56  30  96   0   296   4   0   0  19
mason,roger       san PG 82 2494  349  822 166 394 105  118  16  251  172  40 100  12 160   0   969   0   0   0  71
maxiell,jason     det PF 78 1409  184  319   0   1  84  158 169  324   24  25  46  63 157   0   452   5   0   0   4
may,sean          cha PF 24  301   39   98   1   1  14   20  20   69   10   5  26   4  32   0    93   0   0   0  12
mayo,o.j.         mem SG 82 3102  562 1282 145 378 247  281  56  308  263  91 226  12 204   1  1516   4   0   0  82
mbah_a_moute,luc  mil SF 82 2112  227  491   0   4 140  192 189  487   87  86 100  45 204   2   594   0   0   0  51
mbenga,dj         lal  C 23  181   27   57   0   1   7    8   9   31    9  10  13  24  33   0    61   0   0   0   0
mccants,rashad    sac SG 58 1099  192  488  63 189 107  141  21  110   68  47  64  14 103   0   554   1   0   0   3
mcdyess,antonio   det PF 62 1869  268  525   0   0  60   86 185  607   83  41  51  50 191   3   596   0   0   0  30
mcgee,javale      was  C 75 1142  191  387   0   0 107  162 120  294   23  33  61  75 155   0   489   0   0   0  14
mcgrady,tracy     hou SG 35 1182  188  485  44 117 125  156  20  154  175  42  69  15  38   0   545   1   0   0  35
mcguire,dominic   was SF 79 2073  140  324   2   4  74  102 113  427  199  63  92  75 153   2   356   0   0   0  57
mcroberts,josh    ind PF 33  278   35   83   0  10  10   13  26   74   16  12  12  16  41   1    80   1   0   0   0
mensah-bonsu,pop  tor PF 22  283   39  103   0   2  33   48  55  113    6  10  19   5  43   0   111   1   0   0   0
mihm,chris        lal  C 18  103   15   40   0   0   6    7  15   34   10   1  10   6  23   0    36   0   0   0   0
miles,c.j.        uta SG 72 1625  258  562  63 179  78   89  46  168  107  46  64  15 187   0   657   0   0   0  72
miles,darius      mem SF 34  302   48   99   1   6  23   31  19   57   17  11  21  20  32   0   120   0   0   0   0
milicic,darko     mem  C 61 1037  137  266   0   0  59  105  83  264   34  22  48  51 134   0   333   3   0   0  15
miller,andre      phi PG 82 2975  492 1041  15  53 338  409 123  368  533 109 199  14 196   1  1337   4   0   0  82
miller,brad       chi  C 70 2102  292  614  23  56 224  272 150  545  234  51 130  36 223   2   831   8   0   0  43
miller,mike       min SG 73 2356  264  547  85 224 109  149  73  483  327  30 145  32 139   0   722   1   0   0  47
millsap,paul      uta PF 76 2287  400  749   0   4 228  326 250  653  138  78 131  73 288   5  1028   2   0   0  38
ming,yao          hou  C 77 2585  566 1032   1   1 381  440 204  761  137  30 234 150 257   2  1514   3   0   0  77
mobley,cuttino    lac SG 11  364   63  146  12  35  13   18   9   29   12  15  18   2  21   0   151   0   0   0  11
mohammed,nazr     cha  C 39  340   41  101   0   0  22   40  35   79    8   5  23  16  63   0   104   0   0   0   1
moon,jamario      mia SF 80 2066  222  474  65 183  68   80  58  365   95  86  43  60 133   0   577   0   0   0  60
moore,mikki       bos PF 70 1204  114  206   0   0  48   61  76  258   53  17  48  19 208   3   276   4   0   0  20
morris,randolph   atl  C 23   89    7   17   0   0   4    4   4   20    2   2   7   1  25   0    18   0   0   0   0
morrison,adam     lal SF 52  711   80  223  32  96  17   23  18   80   41   9  32   5  77   0   209   1   0   0   5
morrow,anthony    gsw SG 67 1518  255  534  86 184  80   92  78  199   80  36  52  12 130   0   676   1   0   0  17
murphy,troy       ind PF 73 2485  364  767 161 358 152  184 146  861  173  58 114  34 226   2  1041   4   0   0  73
murray,ronald     atl PG 80 1977  355  796  87 242 177  233  23  169  158  88 128  17 173   0   974   0   0   0   2
mutombo,dikembe   hou  C 11  101    5   13   0   0   6    9  12   33    0   0   6  11  11   0    16   1   0   0   2
najera,eduardo    njn PF 27  319   33   74   5  25   8   22  17   67   19  10  18   4  50   0    79   1   0   0   0
nash,steve        pho PG 74 2483  428  851 108 246 196  210  19  223  717  55 248  10 108   0  1160   4   0   0  74
nelson,demarcus   gsw PG 13  171   24   54   0   3   5   14   6   24   13   9  15   2  24   0    53   0   0   0   5
nelson,jameer     orl PG 42 1307  267  531  82 181  86   97  20  145  226  51  83   2 123   1   702   1   0   0  42
nesterovic,rasho  ind  C 70 1213  224  437   0   1  25   32  93  240  109  30  63  38 171   1   473   0   0   0  19
nichols,demetris  nyk SF  4   15    3    9   0   2   1    2   0    2    1   0   0   1   1   0     7   0   0   0   0
noah,joakim       chi  C 80 1940  207  372   0   1 123  182 244  606  106  49  82 109 238   6   537   6   0   0  55
nocioni,andres    sac SF 76 1992  299  701 124 311 145  183  54  361  102  39 113  33 261   5   867  10   0   0  18
novak,steve       lac PF 71 1161  176  396 119 286  21   23  19  125   40  20  23   5  71   0   492   0   0   0   3
nowitzki,dirk     dal PF 81 3051  774 1616  61 170 485  545  88  681  197  61 157  63 176   1  2094   4   0   0  81
o'bryant,patrick  tor  C 39  258   45   84   0   2  11   20  13   66   11   5  22  19  61   1   101   1   0   0   3
o'neal,jermaine   mia  C 68 2026  365  770   0   1 175  222 126  433  121  29 144 136 211   2   905  12   0   0  61
o'neal,shaquille  pho  C 75 2254  512  841   0   1 309  519 186  632  126  49 168 108 253   7  1333  11   0   0  75
oberto,fabricio   san PF 54  678   61  104   0   1  20   35  66  143   59   7  38  11  95   1   142   1   0   0  11
oden,greg         por  C 61 1311  198  351   0   0 144  226 169  424   31  25  87  70 238   4   540   2   0   0  39
odom,lamar        lal PF 78 2315  346  703  33 103 160  257 176  637  204  77 138  98 235   5   885   3   0   0  32
okafor,emeka      cha PF 82 2692  433  772   0   0 219  369 275  827   53  48 144 135 247   3  1085   1   0   0  81
okur,mehmet       uta  C 72 2411  431  887  90 202 273  334 124  557  121  54 132  53 219   2  1225   4   0   0  72
ollie,kevin       min PG 50  855   61  150   0   1  80   96  13   75  117  19  34   4  79   0   202   0   0   0  21
outlaw,travis     por SF 81 2245  385  850  89 236 175  242  70  331   83  47  94  56 168   0  1034   1   0   0   6
pachulia,zaza     atl  C 77 1473  159  320   0   3 163  230 173  436   57  35  91  27 208   1   481   4   0   0  26
parker,anthony    tor SG 80 2638  321  753  94 240 121  145  45  317  270 101 114  15 145   0   857   0   0   0  71
parker,tony       san PG 72 2455  639 1263  19  65 284  363  27  223  496  67 186   4 110   0  1581   4   0   0  71
paul,chris        nor PG 78 3005  631 1255  64 177 455  524  69  432  860 216 231  10 212   1  1781  11   0   0  78
pavlovic,sasha    cle SG 66 1049  116  274  48 117  25   54  31  127   72  22  49  16 122   4   305   3   0   0  12
pecherov,oleksiy  was PF 32  278   39  101  14  43  24   29  35   76    2   6  10   3  34   0   116   0   0   0   0
perkins,kendrick  bos  C 76 2251  276  478   0   2  96  160 204  619   96  22 165 150 253   4   648  12   0   0  76
peterson,morris   nor SG 43  517   73  183  33  85  12   19  13   84   16  15  15   2  51   0   191   2   0   0   9
petro,johan       den  C 49  558   73  176   0   2  16   29  42  158   16  19  27  15 107   0   162   0   0   0  22
pierce,paul       bos SF 81 3031  540 1181 119 304 459  553  56  457  295  81 228  27 215   0  1658   7   0   0  81
pietrus,mickael   orl SF 54 1330  176  426  80 223  78  110  44  176   65  31  56  24 126   0   510   0   0   0  25
posey,james       nor SF 75 2135  216  524 116 314 120  146  38  362   82  59  79  21 216   1   668  13   0   0   0
powe,leon         bos PF 70 1225  177  338   0   0 184  267 145  345   45  24  76  38 192   3   538   4   0   0   7
powell,josh       lal PF 60  705  106  239   0   0  38   50  71  176   27   9  51  19  98   0   250   4   0   0   1
price,ronnie      uta PG 52  739   77  203  19  61  34   45  12   69  107  39  61   5  74   0   207   0   0   0  17
prince,tayshaun   det SF 82 3055  459 1020  56 141 189  243 128  476  253  45 101  51 104   0  1163   0   0   0  82
pruitt,gabe       bos PG 47  364   31  101  14  48  17   21   9   43   39  15  19   3  34   0    93   1   0   0   0
przybilla,joel    por  C 82 1948  168  269   0   1 112  169 204  716   26  35  78  99 215   0   448  10   0   0  43
quinn,chris       mia PG 66  961  118  289  56 137  47   58   8   75  132  24  33   2  79   0   339   0   0   0   0
radmanovic,vladi  cha PF 78 1443  196  466 105 262  43   58  45  222   81  47  98  15 111   0   540   2   0   0  31
randolph,anthony  gsw PF 63 1125  199  431   0   4 101  141 128  363   49  42  80  74 141   1   499   3   0   0  22
randolph,shavlik  por  C 10   37    8   13   1   1   1    4  10   18    0   0   6   1   4   0    18   0   0   0   0
randolph,zach     lac PF 50 1756  415  873  32  97 179  244 157  504  103  43 114  16 133   0  1041   3   0   0  45
ratliff,theo      phi  C 46  577   34   64   0   0  21   35  46  128    9  17  14  47  77   0    89   0   0   0   0
redd,michael      mil SG 33 1201  249  547  70 191 131  161  24  107   88  35  53   2  45   0   699   0   0   0  32
redick,j.j.       orl SG 64 1115  116  299  67 179  81   93   8  109   73  21  54   1  72   0   380   2   0   0   5
richardson,jason  pho SG 72 2413  465  973 129 325 153  199  77  319  146  76  95  28 146   2  1212   3   0   0  71
richardson,jerem  orl SF 12   93   14   49   6  17   3    6   1   14    3   0   3   0   6   0    37   0   0   0   0
richardson,quent  nyk SF 72 1893  262  667 120 329  89  117  71  319  117  47  74   7 132   1   733   2   0   0  51
ridnour,luke      mil PG 72 2035  250  621  55 157 133  153  33  218  365  92 128  16 200   3   688   0   0   0  50
roberson,anthony  chi PG 29  275   44  120  26  81   5    5   6   22   20  10   8   1  18   0   119   0   0   0   0
robinson,nate     nyk PG 74 2210  449 1028 125 384 249  296  98  290  301  95 140   6 206   0  1272  12   0   0  11
rodriguez,sergio  por PG 80 1219  129  329  37 114  61   77  43  130  287  55 119   2 133   0   356   1   0   0  13
rondo,rajon       bos PG 80 2640  383  759  15  48 172  268 100  416  659 148 209  11 193   0   953   4   0   0  80
rose,derrick      chi PG 81 2999  574 1208  16  72 197  250  96  317  512  68 202  18 125   1  1361   0   0   0  80
rose,malik        okl PF 38  467   45  131   0   7  40   51  17   96   36   9  36   3  72   1   130   1   0   0   0
ross,quinton      mem SG 68 1164   99  259  33  88  34   42  29  126   47  32  36  15 114   0   265   0   0   0   7
roy,brandon       por SG 78 2900  633 1318  83 220 416  505 104  370  400  86 152  22 127   1  1765   2   0   0  78
ruffin,michael    por PF 11   36    2    7   0   0   2    2   6   11    0   3   2   1   7   0     6   0   0   0   0
rush,brandon      ind SG 75 1799  243  575  78 209  46   66  34  233   66  38  75  37 128   1   610   0   0   0  19
rush,kareem       phi SG 25  197   20   58  10  33   4    4   0   15   15   5  10   1   9   0    54   0   0   0   1
salmons,john      chi ?? 79 2961  516 1093 126 302 288  347  59  333  249  82 165  24 182   0  1446   3   0   0  74
samb,cheick       nyk  C 18   83    6   31   0   2   3    7  10   24    1   3   3  10   7   0    15   0   0   0   0
scalabrine,brian  bos PF 39  502   48  114  24  61  16   18   7   50   18   7  12  10  73   3   136   1   0   0   8
scola,luis        hou PF 82 2486  424  799   0   3 196  258 200  720  123  68 122  11 261   2  1044   1   0   0  82
sefolosha,thabo   okl SG 66 1454  152  356  24  87  61   73  54  242  111  75  64  45 104   0   389   1   0   0  36
sene,mouhamed     nyk  C  6   29    6    9   0   0   8   10   5   14    0   1   4   3   2   0    20   0   0   0   0
sessions,ramon    mil PG 79 2172  345  775   6  34 281  354  64  269  452  83 152   7 158   0   977   0   0   0  39
sharpe,walter     det PF  8   20    4   11   0   2   0    2   0    3    0   0   0   2   3   0     8   0   0   0   0
simmons,bobby     njn SF 71 1725  198  441 117 262  43   58  72  277   91  50  62  10 186   1   556   0   0   0  44
simmons,cedric    sac SF 19   86   11   25   0   0   7   16   5   16    2   1   2   4   8   0    29   0   0   0   0
sims,courtney     na   C  2   13    3    6   0   0   0    0   2    4    0   0   1   0   1   0     6   0   0   0   0
singletary,sean   cha PG 37  303   31   85  10  25  18   21  10   35   29  11  23   0  45   0    90   0   0   0   2
singleton,james   dal PF 61  888  117  221  13  40  67   78  89  250   17  26  36  28 110   1   314   3   0   0   6
skinner,brian     lac  C 51  845   92  205   0   2  30   47  72  203   27  17  43  52  94   0   214   0   0   0  21
smith,craig       min PF 74 1463  288  513   0   1 168  248  98  284   79  31 105  19 184   4   744   3   0   0  31
smith,j.r.        den SG 81 2243  424  950 180 453 205  272  43  297  227  78 150  14 190   1  1233   4   0   0  18
smith,joe         cle PF 57 1102  156  333   3   7  59   82  89  263   41  17  25  40 122   1   374   0   0   0   3
smith,josh        atl PF 69 2421  418  849  26  87 211  359 134  498  169  94 161 110 184   1  1073   8   0   0  69
solomon,will      sac PG 53  712  105  245  28  86  25   34  12   64  133  27  54   4  71   0   263   1   0   0   9
songaila,darius   was PF 77 1521  243  457   0   1  80   90  75  227   94  65  74  20 200   0   566   2   0   0  29
speights,marrees  phi PF 79 1258  252  502   2   8 102  132 123  293   30  27  46  56 181   0   608   1   0   0   2
stackhouse,jerry  dal SG 10  163   16   60   3  19   7    7   5   17   12   4   9   1   6   0    42   0   0   0   1
stevenson,deshaw  was SG 32  886   72  231  35 129  32   60  11   76   98  21  32   2  43   1   211   0   0   0  25
stojakovic,peja   nor SF 61 2088  287  719 145 384  93  104  44  264   75  52  51   3 101   1   812   1   0   0  59
stoudemire,amare  pho  C 53 1949  404  749   3   7 323  387 116  430  104  49 150  57 163   1  1134  10   0   0  53
stuckey,rodney    det PG 79 2519  401  913  23  78 233  290  69  275  387  77 173  11 217   3  1058   2   0   0  65
swift,robert      okl  C 26  342   37   71   0   0  12   16  21   89    9   5   8  17  50   0    86   0   0   0  10
swift,stromile    pho PF 19  184   24   56   1   1  13   26  16   46    3   4  16   7  40   0    62   0   0   0   0
szczerbiak,wally  cle SF 74 1524  179  398  69 168  90  106  43  232   82  28  55  10 130   0   517   0   0   0   5
taylor,mike       lac PG 51  769  110  267  13  40  56   81  22   87  106  36  73   0  84   0   289   0   0   0   5
telfair,sebastia  min PG 75 2095  267  697  73 211 131  160  32  127  343  73 146  11 184   3   738   5   0   0  43
terry,jason       dal PG 74 2489  541 1168 167 456 198  225  39  177  251  97 119  20 141   0  1447   0   0   0  11
thomas,etan       was  C 26  303   32   66   0   0  16   23  25   66    6   3  18  18  35   0    80   0   0   0   7
thomas,kenny      sac PF  8   62    3    8   0   0   0    0   4   15    1   6   1   1   9   0     6   0   0   0   0
thomas,kurt       san  C 79 1403  153  304   0   2  37   45 134  405   66  34  42  58 170   0   343   2   0   0  10
thomas,tim        nyk SF 64 1246  189  438  78 189  89  121  42  201   68  31  70  11 144   3   545   1   0   0   6
thomas,tyrus      chi PF 79 2175  308  683   3   9 238  304 148  508   77  92 129 151 220   0   857   7   0   0  61
thompson,jason    sac PF 82 2299  356  717   0   8 198  286 234  606   93  46 146  59 314   9   910   1   0   0  56
thornton,al       lac SF 71 2656  469 1051  20  79 236  313 122  368  103  59 130  62 227   1  1194   2   0   0  67
tolliver,anthony  san  C 19  208   19   65   9  41   5   10  12   41   17   5   7   1  16   0    52   0   0   0   0
tucker,alando     pho SF 30  281   52  121   8  23  26   33  20   32   12   5  15   1  14   0   138   0   0   0   1
turiaf,ronny      gsw  C 79 1697  186  366   0   3  98  124  88  360  166  34  70 168 243   4   470   3   0   0  26
turkoglu,hedo     orl SF 77 2810  423 1025 134 376 314  389  45  410  374  64 204  19 218   3  1294   7   0   0  77
udoka,ime         san SF 67 1033  110  287  41 125  28   46  28  187   55  36  38  12  86   0   289   1   0   0   3
udrih,beno        sac PG 73 2265  321  696  35 113 123  150  46  220  342  80 158  12 192   2   800   0   0   0  72
ukic,roko         tor SG 72  890  123  324  11  62  44   60  27   75  153  30  60   2  77   0   301   0   0   0   0
varejao,anderson  cle  C 81 2311  270  504   0   2 154  250 166  582   81  75  80  66 239   2   694   6   0   0  42
vaughn,jacque     san PG 30  294   24   75   1   1  16   18   4   22   55   6  15   0  26   0    65   0   0   0   0
villanueva,charl  mil PF 78 2093  487 1089  89 258 201  240 154  520  137  50 138  56 254   5  1264   3   0   0  47
voskuhl,jake      tor  C 38  243   12   45   0   0  11   14  21   59    8   3  17   4  60   1    35   1   0   0   1
vujacic,sasha     lal SG 80 1286  155  401  81 223  70   76  19  135  113  77  35   7 154   0   461   3   0   0   0
wade,dwyane       mia SG 79 3046  854 1739  88 278 590  771  89  398  589 174 272 105 178   1  2386  11   0   0  79
wafer,von         hou SG 63 1226  229  512  64 164  88  117  19  113   71  40  59   8  71   0   610   1   0   0  11
walker,bill       bos SG 29  219   36   58   0   1  16   23   8   29   13   6  18   2  51   0    88   1   0   0   0
wallace,ben       cle  C 56 1317   69  155   0   0  27   64 136  362   44  48  34  73  82   0   165   3   0   0  53
wallace,gerald    cha SF 71 2666  389  811  39 131 365  454 112  553  189 121 148  67 210   7  1182   8   0   0  71
wallace,rasheed   det  C 66 2121  302  720 113 319  78  101  56  490   91  62  59  86 197   3   795  17   0   0  63
walton,luke       lal SF 65 1168  134  307  17  57  41   57  55  180  176  33  69  10 105   1   326   2   0   0  34
warrick,hakim     mem PF 82 2019  340  693   5  23 266  374 128  405   66  48  98  38 170   1   951   2   0   0   7
watson,c.j.       gsw PG 77 1880  257  562  48 120 168  193  39  192  206  96  92   4 137   2   730   0   0   0  18
watson,earl       okl PG 68 1777  174  453  20  85  80  106  36  183  391  50 156  11 137   0   448   1   0   0  18
weaver,kyle       okl SG 56 1167  113  246  32  93  41   58  31  130  101  48  69  25  81   0   299   0   0   0  19
webster,martell   por SF  1    5    0    1   0   1   0    0   0    0    0   0   0   0   0   0     0   0   0   0   0
weems,sonny       den SG 12   56    8   25   0   3   3    8   0    4    3   1   6   0   8   0    19   0   0   0   0
west,david        nor PF 76 2984  610 1292   6  25 367  415 159  645  173  49 163  68 207   1  1593   6   0   0  76
west,delonte      cle SG 64 2156  285  624  91 228  90  108  31  202  226  94  92  13 125   1   751   2   0   0  64
west,mario        atl SG 53  278   14   34   1   1  14   30  24   56   19  18  13   4  35   0    43   1   0   0   3
westbrook,russel  okl PG 82 2670  437 1096  35 128 349  428 178  398  435 110 274  16 191   0  1258   2   0   0  65
white,d.j.        okl PF  7  128   26   50   0   0  10   13  10   32    6   3   3   5  10   0    62   0   0   0   0
white,james       hou SG  4   11    3    5   1   2   0    0   0    0    1   1   3   1   2   0     7   0   0   0   0
wilcox,chris      nyk PF 62 1052  184  370   0   4  79  140  98  279   47  26  76  17 137   3   447   0   0   0   6
wilkins,damien    okl SG 41  636   77  213  27  72  37   46  20   70   37  22  37   7  55   0   218   0   0   0  14
williams,deron    uta PG 68 2507  463  984  70 226 326  384  24  195  725  73 227  20 134   2  1322   9   0   0  68
williams,jawad    cle PF 10   21    5   12   2   6   0    0   1    2    0   1   1   0   2   0    12   0   0   0   0
williams,louis    phi PG 81 1917  336  844  63 220 304  385  36  165  243  85 151  15 128   0  1039   1   0   0   0
williams,marcus   gsw PG 11   56    4   17   2   6   2    6   0    4   13   1   4   1   6   0    12   0   0   0   0
williams,marcus_  san SF  2    4    2    2   0   0   0    0   0    0    0   0   0   0   1   0     4   0   0   0   0
williams,marvin   atl SF 61 2093  285  622  55 155 220  273 110  382   81  57  70  39 127   0   845   2   0   0  59
williams,mo       cle PG 81 2838  526 1126 183 420 208  228  47  279  329  69 179   9 215   1  1443   3   0   0  81
williams,sean     njn  C 33  364   30   72   0   0  20   32  34   79   13   7  20  29  72   1    80   0   0   0   0
williams,shawne   dal SF 15  169   16   56   1  17   9   11  19   46    2   2   5   9  19   0    42   0   0   0   0
williams,shelden  min PF 45  509   70  157   0   2  46   63  49  153   12  22  34  18  64   0   186   2   0   0   0
wright,antoine    dal SG 65 1550  179  431  45 149  71   95  31  136   77  47  54  27 172   2   474   2   0   0  53
wright,brandan    gsw PF 39  688  130  246   0   4  63   85  62  157   21  22  23  37  74   0   323   0   0   0  23
wright,dorell     mia SF  6   73    8   20   0   0   2    6   2   20    2   2   6   0   8   0    18   0   0   0   0
wright,julian     nor SF 54  775  109  234   2  21  17   30  46  152   44  35  43  19  49   0   237   0   0   0  19
wright,lorenzen   cle  C 17  123   10   27   0   0   3    8   7   25    3   4   9   5  17   0    23   1   0   0   2
young,nick        was SG 82 1834  336  756  56 164 164  193  31  151   95  39  92  19 140   0   892   0   0   0   5
young,thaddeus    phi SF 75 2579  475  959  56 164 139  189 139  377   86 100 118  23 165   0  1145   0   0   0  71
yue,sun           lal SF 10   29    3   11   0   6   0    0   0    0    2   1   3   1  10   0     6   0   0   0   0
