Player           Team PS GP  Min  FGM  FGA  3M  3A FTM  FTA  OR   TR   AS  ST  TO  BK  PF  DQ   PTS  TC  EJ  FF Sta
adrien,jeff       gsw PF 23  195   23   54   0   0  11   19  23   58   10   4   9   5  28   1    57   0   0   0   0
afflalo,arron     den SG 69 2327  312  627 105 248 138  163  45  251  168  34  71  31 153   2   867   3   0   0  69
ager,maurice      min SF  4   29    6   11   3   4   0    0   0    2    1   1   4   0   4   0    15   0   0   0   0
ajinca,alexis     tor  C 34  341   59  133  12  34  13   18  17   78   10  11  18  19  73   0   143   0   0   0   2
alabi,solomon     tor  C 12   62    3   15   0   0   0    2   7   14    2   2   3   2   5   0     6   0   0   0   0
aldrich,cole      okl  C 18  140    8   15   0   0   2    4  13   35    4   5   8   7  30   0    18   0   0   0   0
aldridge,lamarcu  por PF 81 3215  707 1415   4  23 351  444 278  709  170  83 153  94 220   3  1769   3   0   0  81
allen,malik       orl PF 18  177   11   31   0   0   1    2  12   32    4   1   3   4  30   0    23   0   0   0   0
allen,ray         bos SG 80 2890  480  978 168 378 193  219  51  274  219  78 117  17 147   0  1321   0   0   0  80
allen,tony        mem SG 72 1501  251  492   4  23 137  182  69  192  104 129  86  44 161   0   643   3   0   0  31
aminu,al-farouq   lac SF 81 1453  160  406  45 143  92  119  75  267   60  59 103  25 121   0   457   0   0   0  14
amundson,louis    gsw  C 46  693   83  183   0   0  34   87  81  185   17  13  24  33  87   1   200   1   0   0   7
andersen,chris    den  C 45  728   82  137   0   1  86  135  75  219   20  23  25  58  79   1   250   2   0   0   0
andersen,david    nor  C 40  373   56  121   8  23  14   22  20   84   13   5  22   9  40   0   134   1   0   0   0
anderson,james    san SG 25  288   31   81  18  46  14   18   2   23   18   3  13   6  24   0    94   0   0   0   2
anderson,ryan     orl PF 64 1421  226  524 134 340  95  117 128  355   52  30  49  38 137   0   681   0   0   0  14
anthony,carmelo   nyk SF 77 2752  684 1503  95 251 507  605 118  563  221  68 206  46 224   3  1970  16   0   0  77
anthony,joel      mia  C 75 1463   53   99   0   0  47   73 104  267   24  10  36  93 194   1   153   0   0   0  11
arenas,gilbert    orl PG 70 1799  269  734  97 327 120  153  22  188  274  73 177  21 188   3   755   3   0   0  16
ariza,trevor      nor SF 75 2602  303  762  82 271 138  197  61  408  162 121 118  31 180   0   826   1   0   0  75
armstrong,hilton  atl  C 53  492   37   76   2   4  16   33  42  131   14  18  28  21  84   0    92   1   0   0   2
arroyo,carlos     bos PG 64 1186  120  273  31  69  39   47  20  103  125  21  60   1  71   0   310   2   0   0  43
artest,ron        lal SF 82 2413  261  658  83 233  92  136 100  267  175 124  90  36 181   1   697   7   0   0  82
arthur,darrell    mem PF 80 1611  310  624   0   6 109  134 115  342   53  52  88  63 228   4   729   0   0   0   9
asik,omer         chi  C 82  995   78  141   0   0  73  145 112  306   32  20  64  57 153   2   229   0   0   0   0
augustin,d.j.     cha PG 82 2756  399  958 111 333 269  297  38  225  498  54 155   3 152   0  1178   3   0   0  82
babbitt,luke      por SF 24  140   15   55   3  16   3    9   6   30    6   2   8   2  15   0    36   0   0   0   0
balkman,renaldo   nyk PF  8   63    6   13   1   2   3    4   2    7    2   4   1   2  15   0    16   0   0   0   0
banks,marcus      tor PG  3   22    0    2   0   0   6    8   0    1    3   1   2   0   4   0     6   0   0   0   0
barbosa,leandro   tor SG 58 1392  294  653  72 213 109  137  14   99  118  51  84   6 112   0   769   0   0   0   0
barea,jose_juan   dal PG 81 1655  285  649  66 189 133  157  29  159  317  30 136   2 136   1   769   3   0   0   2
bargnani,andrea   tor  C 66 2353  525 1173  77 223 287  350  74  343  119  34 152  46 160   0  1414   0   0   0  66
barnes,matt       lal SF 53 1019  131  279  34 107  60   77  73  228   71  39  58  22 127   0   356   4   0   0   0
barron,earl       por  C 21  304   32   99   0   0  15   24  32   76   11   8  16   6  46   1    79   1   0   0   7
bass,brandon      orl PF 76 1981  332  645   0   2 190  233 134  424   57  27  97  52 159   0   854   1   0   0  51
battie,tony       phi  C 38  373   45   96   2   3   8   14  17   99   12   5  12  15  59   0   100   0   0   0   0
battier,shane     mem SF 82 2375  229  509 102 267  64   93  90  372  185  68  79  81 158   1   624   1   0   0  59
batum,nicolas     por SF 80 2525  367  807 118 342 138  164 109  361  123  68  83  49 194   2   990   2   0   0  67
bayless,jerryd    tor PG 71 1495  218  517  49 146 166  206  26  165  266  38 127   5 149   1   651   3   0   0  14
beasley,michael   min SF 73 2365  561 1246  60 164 219  291 118  409  157  54 195  52 222   3  1401   9   0   0  73
beaubois,rodrigu  dal PG 28  505   94  223  25  83  23   30   7   52   64  20  47   8  76   0   236   1   0   0  26
belinelli,marco   nor SG 80 1957  302  691 134 324  98  125  17  151   92  38  77   6 146   0   836   0   0   0  69
bell,charlie      gsw SG 19  173   12   43   6  21   2    4   6   18   13   6   6   1  13   0    32   0   0   0   0
bell,raja         uta SG 68 2099  191  467  68 193  91  102  31  176  118  56  63  14 169   2   541   7   0   0  63
bibby,mike        mia PG 80 2286  248  576 153 348  39   62  17  195  265  51 101   9 175   0   688   5   0   0  68
biedrins,andris   gsw  C 59 1399  142  266   0   0  10   31 145  426   61  52  57  52 198   6   294   0   0   0  55
billups,chauncey  nyk PG 72 2309  339  794 146 364 384  419  25  190  387  71 177  14 146   1  1208  11   0   0  72
blair,dejuan      san PF 81 1734  292  583   0   2  90  137 215  565   77  95 113  42 213   0   674   2   0   0  65
blake,steve       lal PG 79 1583  110  306  73 193  26   30  19  156  170  40  73   3  99   0   319   2   0   0   0
blatche,andray    was PF 64 2174  426  957   4  18 220  283 183  526  144  98 172  51 182   1  1076  11   0   0  63
bledsoe,eric      lac PG 81 1838  206  486  32 116  99  133  68  223  289  92 194  26 130   0   543   1   0   0  25
bogans,keith      chi SG 82 1463  124  307  90 237  21   32  19  148  101  38  41   9 113   0   359   2   0   0  82
bogut,andrew      mil  C 65 2301  367  742   0   4  96  217 199  720  131  47 125 168 217   4   830   3   0   0  65
bonner,matt       san PF 66 1432  172  371 105 230  32   43  60  239   60  27  27  21 110   0   481   0   0   0   1
booker,trevor     was  C 65 1068  139  253   0   1  68  102  98  251   35  29  38  42 115   2   346   0   0   0  14
boozer,carlos     chi PF 59 1883  431  845   0   0 171  244 130  565  146  45 149  18 186   0  1033   6   0   0  59
bosh,chris        mia PF 77 2802  524 1056   6  25 384  471 141  641  144  59 138  49 172   0  1438   3   0   0  77
boykins,earl      mil PG 57  863  156  352  27  71  69   82  15   55  141  38  52   3  43   0   408   1   0   0   0
brackins,craig    phi SF  3   33    4   16   0   5   0    0   2    4    1   1   0   0   3   0     8   0   0   0   0
bradley,avery     bos SG 31  165   23   67   0   5   6   12   4   17   11   9  16   0  20   0    52   0   0   0   0
brand,elton       phi PF 81 2806  502  981   0   1 213  273 237  676  120  92 101 107 244   3  1217   4   0   0  81
brewer,corey      dal SG 69 1510  193  488  30 112 136  192  57  175   89 100  87  16 159   1   552   1   0   0  24
brewer,ronnie     chi SG 81 1783  205  427   6  27  87  133  55  262  140 106  55  22  82   0   503   0   0   0   1
brockman,jon      mil PF 63  682   48   94   0   0  40   59  74  184   18  14  24   3 119   1   136   1   0   0   6
brooks,aaron      pho PG 59 1282  220  587  70 236 124  140  20   78  233  34  99   3 115   3   634   6   0   0  12
brown,derrick     nyk SF 49  579   74  131   5  10  32   60  41   99   33  20  35  10  59   0   185   0   0   0   2
brown,kwame       cha  C 66 1715  194  375   0   0 136  231 146  449   43  26  69  39 174   0   524   4   0   0  49
brown,shannon     lal SG 82 1566  273  643  74 212  92  101  35  157   96  67  75  16 124   0   712   1   0   0   0
bryant,kobe       lal SG 82 2783  740 1639 115 356 483  583  83  419  388  99 243  12 172   0  2078  17   0   0  82
budinger,chase    hou SF 78 1742  279  656  89 274 118  138  52  281  127  41  67  18 114   0   765   0   0   0  22
butler,caron      dal SF 29  865  170  378  28  65  68   88  22  117   46  28  49   8  59   0   436   1   0   0  29
butler,rasual     chi SG 47  771   79  237  46 136  18   27  10   77   27   8  24  15  37   0   222   0   0   0   2
bynum,andrew      lal  C 54 1501  237  413   0   0 138  209 170  508   73  19  74 106 140   1   612   5   0   0  47
bynum,will        det PG 61 1126  182  406  16  50 102  122  15   74  195  52  83   4 113   1   482   1   0   0   5
calderon,jose     tor PG 68 2104  262  596  57 156  88  103  30  202  605  81 148   7 143   0   669   4   0   0  55
camby,marcus      por  C 59 1541  117  294   0   1  43   70 182  605  121  40  62  92 140   0   277   1   0   0  51
caracter,derrick  lal PF 41  214   32   66   0   0  17   23  19   43    7   4  19  10  47   1    81   0   0   0   0
cardinal,brian    dal PF 56  618   43  101  42  88  17   18  10   59   40  24  17   7  82   0   145   1   0   0   4
carney,rodney     mem SF 27  337   46  110  17  38  18   27  13   48   11  12  16   5  33   0   127   0   0   0   1
carroll,demarre   hou SF 12   50    4   12   0   0   2    2   2    8    4   1   0   1   5   0    10   0   0   0   0
carroll,matt      cha SG 54  587   89  199  17  46  40   52  12   68   23  17  23   6  43   0   235   0   0   0   1
carter,anthony    nyk PG 33  462   45  106  12  40   8    8   7   51   70  27  39   6  49   0   110   0   0   0   0
carter,vince      pho SG 73 2048  389  891 116 321 128  173  54  275  146  67  90  20 193   0  1022   4   0   0  63
casspi,omri       sac SF 71 1708  224  545  92 247  68  101  74  307   74  54  68  13 115   0   608   3   0   0  27
chalmers,mario    mia PG 70 1580  155  388  83 231  54   62  12  145  177  76  91   7 158   1   447   2   0   0  28
chandler,tyson    dal  C 74 2064  266  407   0   0 216  295 206  693   32  36  88  80 240   4   748  12   0   0  74
chandler,wilson   den SF 72 2397  429  953 112 320 130  161  75  408  120  48 104  94 199   2  1100   1   0   0  49
childress,josh    pho SF 54  895  121  214   1  16  29   59  69  155   42  33  44  23  68   0   272   0   0   0   3
clark,earl        orl PF 42  466   68  158   0   5  27   47  37  101   10   8  28  18  45   1   163   1   0   0   0
collins,jarron    por  C 28  182    6   21   0   0   7   10  14   24    2   4   7   1  29   0    19   0   0   0   0
collins,jason     atl  C 48  593   34   71   1   1  27   41  30  102   22   9  26   9  97   1    96   2   0   0  28
collins,sherron   cha PG 20   73    7   25   2  10   1    1   0    5    8   2   4   0   2   0    17   0   0   0   0
collison,darren   ind PG 79 2357  398  870  41 124 202  232  40  225  403  87 194  14 109   1  1039   0   0   0  79
collison,nick     okl PF 71 1524  137  242   0   0  55   73 119  316   69  42  55  31 210   2   329   2   0   0   2
conley,mike       mem PG 81 2873  423  953  80 217 181  247  32  247  528 144 176  18 182   0  1107   0   0   0  81
cook,brian        lac PF 40  446   72  170  34  79  15   24  19   96   15  12  25  11  75   1   193   0   0   0   0
cook,daequan      okl SG 43  600   79  181  65 154  16   20   8   72   20  14  17   1  51   1   239   0   0   0   0
cousin,marcus     uta PF  4   18    2    3   0   0   0    0   0    3    0   0   1   1   1   0     4   0   0   0   0
cousins,demarcus  sac  C 81 2310  433 1006   3  18 276  402 218  699  205  85 268  68 332  10  1145  15   0   0  62
crawford,jamal    atl SG 76 2295  368  874 119 349 222  260  22  130  241  57 145  14  97   0  1077   4   0   0   0
crawford,jordan   was SG 42 1027  192  500  33 128  73   84  31  105  117  39  83   3  63   0   490   2   0   0  18
cunningham,dante  cha SF 78 1635  218  472   1  13  45   62  96  277   43  54  51  43 177   1   482   1   0   0  18
curry,stephen     gsw PG 74 2492  505 1053 151 342 212  227  52  286  430 109 226  20 233   2  1373   0   0   0  74
dalembert,samuel  sac  C 80 1935  268  567   0   2 108  148 212  657   67  36 132 116 225   2   644   5   0   0  46
dampier,eric      mia  C 51  818   52   89   0   1  24   44  53  177   22  14  32  47  82   0   128   1   0   0  22
daniels,antonio   phi PG  4   37    2    5   0   2   2    2   0    5    2   0   1   0   0   0     6   0   0   0   0
daniels,marquis   bos SG 49  938  114  232   4  21  39   57  24  113   65  39  38  22  63   0   271   1   0   0   0
davis,baron       cle PG 58 1652  289  693  81 239 101  131  35  156  391  78 146  28 143   0   760   7   0   0  44
davis,ed          tor PF 65 1603  215  373   0   0  71  128 168  461   40  39  48  66 183   0   501   0   0   0  17
davis,glen        bos PF 78 2301  359  801   2  15 195  265 101  426   92  79  85  31 231   4   915   6   0   0  13
daye,austin       det SF 72 1444  193  471  69 172  82  108  64  274   78  39  59  39 165   2   537   1   0   0  16
delfino,carlos    mil SF 49 1593  200  513 105 284  60   75  24  200  112  76  57   8  72   0   565   0   0   0  40
deng,luol         chi SF 82 3213  531 1155 115 333 253  336 116  476  229  78 156  48 162   0  1430   1   0   0  82
derozan,demar     tor SG 82 2852  539 1154   5  52 327  402  75  315  150  85 144  31 217   0  1410   4   0   0  82
diaw,boris        cha PF 82 2776  381  774  78 226  84  123 105  414  337  74 166  45 190   1   924   1   0   0  82
diogu,ike         lac PF 36  470   83  148   0   0  41   62  41  115    2   3  22   3  72   0   207   0   0   0   0
diop,desagana     cha  C 16  183    8   24   0   0   4   11  12   40    7   4  11  15  26   1    20   0   0   0   0
dooling,keyon     mil PG 80 1759  206  519  81 234  78   94  12  117  243  54  91   4 119   0   571   0   0   0  22
dorsey,joey       tor PF 43  524   52   99   0   0  31   65  79  190   27  24  39  17  78   1   135   1   0   0   9
douglas,toney     nyk PG 81 1970  314  755 143 383  85  107  65  244  243  89  89   4 177   0   856   0   0   0   9
douglas-roberts   mil SF 44  884  117  273  15  46  74   89   7   88   50  29  35  13  73   0   323   0   0   0  12
dowdell,zabian    pho PG 24  293   51  125   3  10  16   17   5   20   51  20  29   2  30   0   121   1   0   0   0
dragic,goran      hou PG 70 1236  192  441  56 155  83  133  36  142  204  50 117  10 125   0   523   3   0   0   5
dudley,jared      pho SF 82 2136  300  629 105 253 162  218 111  318  108  87  77  20 139   0   867   0   0   0  15
duhon,chris       orl PG 51  774   49  129  13  52  14   25   9   52  118  16  61   2  30   0   125   0   0   0   5
duncan,tim        san  C 76 2155  419  838   0   4 184  257 169  678  203  50 122 146 119   0  1022   3   0   0  76
dunleavy,mike     ind SF 61 1685  240  520 102 254 100  125  28  276  105  40  69  30 107   0   682   1   0   0  44
dupree,ronald     tor SF  3   13    1    4   0   1   0    0   0    3    1   0   0   0   2   0     2   0   0   0   0
durant,kevin      okl SF 78 3039  711 1538 145 414 594  675  57  533  214  88 218  76 159   1  2161   5   0   0  78
ebanks,devin      lal SF 20  116   21   51   2   5  18   23  15   27    2   4   6   5   7   0    62   0   0   0   0
ellington,wayne   min SG 62 1182  160  397  48 121  42   53  26  108   72  28  53   3  85   1   410   1   0   0   8
ellis,monta       gsw SG 80 3228  726 1611 137 379 340  431  44  281  449 168 252  23 203   0  1929   7   0   0  80
elson,francisco   uta  C 62  610   54  113   0   0  26   31  35  115   33  21  32  14  84   0   134   2   0   0   1
ely,melvin        den  C 30  368   28   51   0   0  13   21  27   74   14   4  14  11  50   1    69   0   0   0   2
erden,semih       cle  C 41  595   62  111   0   0  39   60  37  118   20  15  34  24 104   1   163   0   0   0   8
evans,jeremy      uta SF 49  463   76  115   0   1  26   37  36   97   24  17  19  17  50   0   178   0   0   0   3
evans,maurice     was SF 73 1551  177  424  55 167  52   58  52  156   45  34  33  14 129   0   461   1   0   0  24
evans,reggie      tor PF 30  795   42  103   0   1  48   88 119  345   38  29  39   6  89   0   132   3   0   0  18
evans,tyreke      sac PG 57 2111  382  933  43 148 205  266  46  275  319  85 184  30 143   1  1012   1   0   0  53
ewing,patrick     nor SF  7   19    0    5   0   2   3    4   1    2    2   0   1   1   1   0     3   0   0   0   0
eyenga,christian  cle SG 44  944  130  306  25  91  18   28  27  123   35  33  47  28  78   0   303   0   0   0  18
farmar,jordan     njn PG 73 1796  255  651 109 304  82  100  24  173  368  61 139   6 128   0   701   0   0   0  18
favors,derrick    uta PF 78 1536  215  416   0   0 103  173 171  412   39  29  77  67 246   1   533   1   0   0  27
felton,raymond    den PG 75 2743  427 1005 116 329 194  241  48  269  624 125 221  11 150   0  1164   5   0   0  54
fernandez,rudy    por SG 78 1827  213  575 116 361 126  146  37  172  193  87  88  14 134   1   668   2   0   0   3
fesenko,kyrylo    uta  C 53  454   44  100   0   1  18   46  34  108   18   4  25  16  90   0   106   2   0   0   1
fields,landry     nyk SG 82 2540  299  602  86 219 113  147 105  519  155  80 107  17 114   0   797   1   0   0  81
fisher,derek      lal PG 82 2296  206  529  63 159  83  103  14  152  224  99  70   8 192   0   558   6   0   0  82
flynn,jonny       min PG 53  986  108  296  31 100  32   42  12   77  182  34 113   3  58   0   279   3   0   0   8
forbes,gary       den SF 63  793  124  273  19  58  59   87  28  116   49  23  46   6  77   0   326   0   0   0  11
ford,t.j.         ind PG 41  773   91  236   6  32  35   48  17   81  141  35  63   8  69   0   223   0   0   0   3
foster,jeff       ind  C 56  939   80  167   0   3  27   48 160  350   46  24  26  31 127   1   187   4   0   0   3
foye,randy        lac PG 63 1553  206  531  71 217 133  149  13  103  170  47  95  21 122   1   616   0   0   0  24
frye,channing     pho PF 77 2541  358  829 171 439  89  107  65  513   96  46  73  79 272   4   976   4   0   0  64
gadzuric,dan      njn  C 42  465   54  129   0   1  10   27  71  135   14  13  29  29  91   1   118   0   0   0   9
gaines,sundiata   njn PG 24  300   42  105   9  38  18   36  13   38   42  16  27   1  25   0   111   0   0   0   0
gallinari,danilo  den SF 62 2106  265  640 103 293 337  391  59  305  104  51  83  27 144   0   970   4   0   0  60
garcia,francisco  sac SG 58 1390  207  475  81 224  65   76  24  133   71  51  45  49 126   0   560   4   0   0  34
garnett,kevin     bos PF 71 2218  434  822   1   5 187  217  83  631  172  96 115  55 148   1  1056  11   0   0  71
gasol,marc        mem  C 81 2585  364  691   3   7 220  294 154  569  200  74 146 136 265   2   951   5   0   0  81
gasol,pau         lal PF 82 3041  593 1120   1   3 354  430 268  836  273  48 142 130 203   2  1541   3   0   0  82
gay,rudy          mem SF 54 2152  409  869  57 144 194  241  82  336  153  91 135  58 132   2  1069   3   0   0  54
gee,alonzo        cle SG 56 1123  121  263  17  51  72   92  62  182   38  40  55  18  94   0   331   1   0   0  34
george,paul       ind SF 61 1262  179  395  41 138  77  101  37  224   65  62  70  26 127   0   476   0   0   0  19
gibson,daniel     cle PG 67 1865  264  660 118 293 134  163  24  177  201  48  80  21 154   3   780   3   0   0  15
gibson,taj        chi PF 80 1745  234  502   1   8 100  148 162  458   58  39  71 106 203   3   569   1   0   0  19
ginobili,manu     san SG 80 2427  441 1018 154 441 357  410  42  295  393 123 174  28 163   0  1393   1   0   0  79
gomes,ryan        lac SF 76 2094  207  505  72 211  61   85  61  254  118  62  55  12 159   1   547   1   0   0  62
gooden,drew       mil PF 35  861  156  362   3  20  81  102  73  238   47  21  46  18  98   1   396   2   0   0  18
gordon,ben        det SG 82 2129  339  770 107 266 136  160  41  195  171  48 141  16 178   1   921   2   0   0  27
gordon,eric       lac SG 56 2116  427  949 106 291 287  348  45  164  244  71 151  18 115   1  1247   4   0   0  56
gortat,marcin     pho  C 80 2035  338  603   1   4 140  193 148  631   70  36  81  91 188   1   817   1   0   0  14
graham,joey       cle SG 39  587   82  179   9  30  29   36   8   84   18   6  28   7  73   0   202   1   0   0   8
graham,stephen    njn SF 59  957   81  200   5  21  31   38  17  123   40  14  38   1 106   0   198   2   0   0  28
granger,danny     ind SF 79 2764  535 1259 157 407 395  466  87  425  203  89 206  62 213   2  1622   4   0   0  79
gray,aaron        nor  C 41  526   56   99   0   0  17   34  59  171   16  11  32  12  96   2   129   0   0   0   6
green,danny       san SG  8   92   17   35   7  19   0    0   3   15    2   2   5   1   7   0    41   0   0   0   0
green,jeff        bos PF 75 2429  368  820  64 211 198  244  73  360  108  53  99  37 210   3   998   0   0   0  51
green,willie      nor SG 77 1673  270  609  54 155  78  100  22  161   74  36  67  13 143   0   672   0   0   0  13
greene,donte      sac SF 69 1132  156  386  45 154  43   65  49  147   48  36  60  20  88   0   400   1   0   0  21
greene,orien      njn PG  3    6    1    2   0   0   1    2   0    0    1   1   0   0   0   0     3   0   0   0   0
griffin,blake     lac PF 82 3110  696 1376   7  24 446  695 270  989  312  63 223  45 252   5  1845  14   0   0  82
haddadi,hamed     mem  C 30  171   30   58   0   1  15   23  24   68    5   2  11  13  29   0    75   1   0   0   0
hamilton,richard  det SG 55 1499  288  671  55 144 146  172  24  126  171  39  88   4  95   0   777   9   0   0  39
hansbrough,tyler  ind PF 70 1535  285  613   0   2 197  253 145  366   41  37  76  15 160   1   767   3   0   0  29
harangody,luke    cle SF 49  637   79  206  16  66  19   26  40  143   30  15  16  17  80   0   193   0   0   0   0
harden,james      okl SG 82 2185  298  684 113 324 289  343  42  255  176  92 106  24 207   1   998   1   0   0   5
harrington,al     den PF 73 1663  281  675 117 328  86  117  76  332  101  39 106  10 202   4   765   2   0   0   3
harris,devin      uta PG 71 2255  343  813  58 180 335  402  17  169  503  69 207   8 163   1  1079   2   0   0  70
harris,manny      cle SG 54  931  108  288  34  92  71   93  37  140   85  31  63   7  65   0   321   0   0   0  15
harris,mike       hou SF  4   15    3    6   0   0   2    4   2    5    1   0   1   1   2   0     8   0   0   0   0
haslem,udonis     mia PF 13  347   44   86   0   0  16   20  29  106    6   7  14   3  39   0   104   0   0   0   0
hawes,spencer     phi  C 81 1717  264  568   9  37  47   88 129  465  121  29  97  71 201   2   584   4   0   0  81
hayes,chuck       hou  C 74 2081  244  463   0   2  94  142 219  599  203  80  87  49 200   0   582   2   0   0  63
hayward,gordon    uta SF 72 1218  142  293  35  74  69   97  41  139   81  30  70  19 106   0   388   0   0   0  17
hayward,lazar     min SF 42  422   55  154  17  60  33   42  23   70   28  12  19   7  44   0   160   0   0   0   0
haywood,brendan   dal  C 72 1332  128  223   0   1  64  177 129  376   19  16  51  74 146   0   320   4   0   0   8
head,luther       sac SG 36  587   68  164  25  64  39   50  16   60   70  10  32   9  43   0   200   2   0   0  14
henderson,gerald  cha SG 68 1658  259  570   7  36 128  163  49  207  101  50  64  34 118   1   653   2   0   0  30
henry,xavier      mem SG 38  527   65  160   2  17  33   52   9   37   18  11  13   3  48   0   165   0   0   0  16
hibbert,roy       ind  C 81 2246  410  890   0   4 205  275 182  610  166  33 185 142 256   1  1025   5   0   0  80
hickson,j.j.      cle  C 80 2258  429  935   0   5 247  367 217  694   91  48 173  54 215   1  1105   1   0   0  66
hilario,nene      den  C 75 2295  402  654   1   5 286  402 145  571  149  84 134  73 238   5  1091   8   0   0  75
hill,george       san PG 76 2149  287  633  77 204 233  270  24  199  193  66  99  21 153   1   884   1   0   0   5
hill,grant        pho SF 80 2408  399  825  45 114 213  257  77  338  200  64 134  35 184   1  1056   7   0   0  80
hill,jordan       hou PF 72 1122  173  352   0   2  60   85 128  306   29  14  62  52 157   1   406   1   0   0  11
hinrich,kirk      atl PG 72 2157  278  623  75 188 106  126  21  182  288  76 121  17 185   2   737   1   0   0  51
holiday,jrue      phi PG 82 2905  446  999  81 222 172  209  68  332  530 120 218  29 203   3  1145   1   0   0  82
hollins,ryan      cle  C 70 1184  131  219   0   0 111  163  70  186   26  22  67  42 199   3   373   4   0   0  16
horford,al        atl  C 77 2706  513  921   2   4 150  188 182  718  265  58 119  80 193   0  1178   2   0   0  77
house,eddie       mia PG 56  980  128  322  68 175  38   40   9   92   62  32  29   3  68   0   362   2   0   0   1
howard,dwight     orl  C 78 2933  619 1044   0   7 546  916 310 1099  107 107 279 186 258   4  1784  21   0   0  78
howard,josh       was SF 18  410   58  162   7  29  29   47  18   74   24  13  20   5  34   1   152   1   0   0  10
howard,juwan      mia PF 57  591   55  125   0   0  29   35  36  122   23   9  25   4  61   0   139   5   0   0   0
hudson,lester     was PG 11   76    6   24   4  15   2    4   1    5   17   4   7   1  10   0    18   0   0   0   0
humphries,kris    njn PF 74 2059  307  583   0   1 127  191 225  771   84  34 103  81 168   0   741   2   0   0  44
ibaka,serge       okl  C 82 2218  335  617   0   1 138  184 214  622   22  31  71 198 267   8   808   6   0   0  44
iguodala,andre    phi SG 67 2468  338  759  61 181 208  300  61  387  422 101 138  38 109   0   945   1   0   0  67
ilgauskas,zydrun  mia  C 72 1147  162  319   0   1  36   46 108  287   26  22  52  59 185   0   360   7   0   0  51
ilyasova,ersan    mil PF 60 1505  221  507  36 121  93  104 105  365   56  51  63  24 159   3   571   0   0   0  34
ivey,royal        okl PG 25  156   16   38   7  16   2    2   2   16    7   6   5   1  17   0    41   0   0   0   0
jack,jarrett      nor PG 83 1724  260  637  33 108 182  214  20  173  242  54 110   6 102   0   735   1   0   0  15
jackson,darnell   sac PF 59  491   77  157   3  11  30   49  48   93   14  12  23   3  61   0   187   0   0   0   2
jackson,stephen   cha SG 67 2406  435 1059 121 359 249  305  53  304  241  80 209  28 161   2  1240  16   0   0  67
james,damion      njn SF 25  403   46  103   0   3  18   28  17   85   20  16  25  11  36   0   110   0   0   0   9
james,lebron      mia SF 79 3063  758 1484  92 279 503  663  80  590  554 124 284  49 163   0  2111   8   0   0  79
jamison,antawn    cle PF 56 1841  374  876  91 263 171  234  86  375   93  51  77  30 137   0  1010   2   0   0  38
jeffers,othyus    was SG 17  321   31   65   1   4  30   46  25   67   20  17  14   0  32   0    93   0   0   0   1
jefferson,al      uta  C 82 2943  654 1319   0   0 220  289 235  794  149  46 105 153 238   3  1528   4   0   0  82
jefferson,richar  san SF 81 2459  304  642 135 307 148  195  54  310  107  38  92  34 164   0   891   3   0   0  81
jeffries,jared    nyk PF 42  603   30   86   2   9  12   29  62  116   36  31  21  17  75   1    74   0   0   0   9
jennings,brandon  mil PG 63 2169  361  926  98 303 199  246  42  234  305  95 146  21 131   0  1019   2   0   0  61
jeter,eugene      sac PG 62  863  106  259   6  30  37   41   9   70  162  29  51   2  54   0   255   0   0   0   1
jianlian,yi       was PF 63 1113  145  347   3  13  62   91  79  248   25  27  51  32 115   1   355   1   0   0  11
johnson,amir      tor PF 72 1851  281  495   0   1 126  160 189  461   81  53  69  88 263   4   688   3   0   0  54
johnson,armon     por PG 38  279   46  101   5  12  13   22  11   36   45   5  38   1  31   0   110   2   0   0   0
johnson,chris     bos  C 14  140    9   21   0   0  15   20  12   32    3   3  10   9  21   0    33   0   0   0   1
johnson,james     tor SF 38  821  108  237   8  34  47   71  37  142   89  33  64  37  95   1   271   0   0   0  25
johnson,joe       atl SG 72 2554  514 1161  89 300 195  243  59  291  338  47 146   7 131   0  1312   1   0   0  72
johnson,trey      tor SG  8   95   12   33   1   3   9   10   2    7   11   1   5   1  12   0    34   0   0   0   0
johnson,wesley    min SF 79 2068  271  682 103 289  64   92  51  240  149  58  95  54 163   4   709   0   0   0  63
jones,dahntay     ind SG 45  590  100  214  14  39  69   90   4   65   33  20  31   7  70   0   283   1   0   0   2
jones,dominique   dal SG 18  136   14   45   0   4  14   17   6   25   19   5  10   3   7   0    42   0   0   0   0
jones,james       mia SF 81 1551  146  346 123 287  60   72  23  160   43  30  21  19 129   0   475   2   0   0   8
jones,solomon     ind  C 39  528   49  121   0   1  41   62  45  113   30  12  35  22  94   0   139   4   0   0   0
jordan,deandre    lac  C 80 2044  234  341   0   1  98  217 207  575   42  41 101 142 255   1   566   6   0   0  66
kaman,chris       lac  C 32  840  177  376   0   0  43   57  51  225   46  16  58  48  75   0   397   5   0   0  15
kapono,jason      phi SF 24  118    7   28   1   8   1    2   3   11    4   2   2   1   4   0    16   0   0   0   2
kidd,jason        dal PG 80 2653  215  596 133 391  67   77  35  351  655 135 179  29 119   0   630   1   0   0  80
kirilenko,andrei  uta SF 64 1996  253  542  36  98 208  270 100  326  192  81 117  75 113   1   750   0   0   0  62
kleiza,linas      tor SF 39 1032  178  406  39 131  41   65  37  177   40  19  65   7  99   1   436   2   0   0  23
korver,kyle       chi SG 82 1648  242  557 120 289  77   87  12  150  124  35  60  20 156   0   681   0   0   0   0
koufos,kosta      den  C 50  436   68  150   0   2  24   43  57  130    7  10  31  25  59   0   160   0   0   0   3
krstic,nenad      bos  C 71 1570  231  452   0   0 113  146 124  335   27  27  56  25 184   0   575   1   0   0  67
landry,carl       nor PF 76 2009  345  687   0   4 213  288 165  347   63  40 109  32 196   1   903   0   0   0  26
law,acie          gsw PG 51  723   81  186   6  36  47   64  12   63   84  32  43   0  61   0   215   0   0   0   0
lawal,gani        pho PF  1    2    0    0   0   0   0    0   0    0    0   0   0   0   1   0     0   0   0   0   0
lawson,ty         den PG 80 2107  346  688  69 171 172  225  67  209  377  80 137   4 133   1   933   0   0   0  31
lee,courtney      hou SG 81 1724  253  576  71 174  95  120  51  209  100  58  68  18 102   0   672   0   0   0   1
lee,david         gsw PF 73 2638  496  978   1   3 210  267 217  714  232  76 171  31 211   2  1203   7   0   0  73
lewis,rashard     was SF 57 1822  252  582  87 244  77   96  71  290   92  52  87  30 159   4   668   3   0   0  52
lin,jeremy        gsw PG 29  285   28   72   1   5  19   25  12   34   42  33  18   9  31   0    76   0   0   0   0
livingston,shaun  cha PG 73 1259  185  397   1   4 108  125  29  149  164  47  88  29 109   0   479   3   0   0   0
lopez,brook       njn  C 82 2888  644 1309   0   1 385  489 197  488  129  48 176 121 240   2  1673   0   0   0  82
lopez,robin       pho  C 67  993  179  357   0   0  74  100  82  216    8  18  48  45 143   1   432   3   0   0  56
love,kevin        min PF 73 2614  482 1026  88 211 424  499 330 1112  183  45 155  27 148   0  1476   2   0   0  73
lowry,kyle        hou PG 75 2563  345  809 129 343 192  251  89  310  500 102 158  23 207   0  1011   5   0   0  71
lucas,john        chi PG  2   10    1    3   0   1   0    2   0    0    1   0   0   0   0   0     2   0   0   0   0
maggette,corey    mil SF 67 1403  253  559  28  78 271  325  44  241   84  21 127   5 175   2   805   1   0   0  18
magloire,jamaal   mia  C 18  156   13   22   0   0   9   18  17   61    3   4   5   2  26   0    35   1   0   0   0
mahinmi,ian       dal  C 56  486   55   98   0   2  63   82  43  120    8  14  25  15 105   2   173   0   0   0   0
marion,shawn      dal SF 80 2267  434  834   5  32 126  164 168  551  110  68 130  50 144   0   999   0   0   0  27
marks,sean        por PF 29  210   19   44   2   2   5    8  16   40    4   3  11   5  44   0    45   0   0   0   0
martin,cartier    was SF 52  546   71  182  39  99  28   40  20   74   18  18  16   6  52   0   209   0   0   0   1
martin,kenyon     den PF 48 1234  185  362   2   9  42   72  67  297  109  43  59  35 136   2   414   5   0   0  48
martin,kevin      hou SG 80 2607  553 1267 176 459 594  669  28  258  198  80 184  15 155   1  1876   4   0   0  80
mason,roger       nyk SG 26  319   26   77  16  44   7   10   5   43   21   6   6   2  25   0    75   0   0   0   0
matthews,wesley   por SG 82 2761  440  979 154 378 266  315  48  258  164 102 138   9 195   2  1300   2   0   0  69
maxiell,jason     det PF 57  928   93  189   0   0  51   99  66  173   17  24  44  21  92   0   237   2   0   0  14
maynor,eric       okl PG 82 1200  134  333  37  96  43   59  25  121  238  35  77   6  96   0   348   1   0   0   0
mayo,o.j.         mem SG 71 1869  304  747  96 264  99  131  35  170  145  73  99  26 126   0   803   2   0   0  17
mbah_a_moute,luc  mil SF 79 2095  198  428   0   7 133  188 169  420   68  72  77  28 180   0   529   1   0   0  52
mbenga,d.j.       nor  C 41  328   23   49   0   0  13   18  35   86    6   6  21  27  52   0    59   0   0   0   0
mcdyess,antonio   san PF 73 1388  169  344   0   1  52   77 122  395   84  36  73  39 163   1   390   0   0   0  16
mcgee,javale      was  C 79 2193  332  604   0   3 134  229 223  634   38  41 102 193 232   2   798   4   0   0  75
mcgrady,tracy     det SG 72 1689  228  515  30  88  90  129  49  251  251  66 102  34 101   0   576   6   0   0  39
mcguire,dominic   cha SF 52  760   72  182   0   2  30   39  63  199   43  10  25  33  94   0   174   0   0   0   8
mcroberts,josh    ind PF 72 1597  211  387  23  60  88  119 109  382  150  47  93  58 165   1   533   2   0   0  51
meeks,jodie       phi SG 74 2060  242  570 138 348 152  170  21  171   78  63  60   4  97   0   774   0   0   0  64
mensah-bonsu,pop  nor  C  7   36    1    3   0   0   0    0   3   11    2   0   2   0  11   0     2   0   0   0   0
miles,c.j.        uta SF 78 1973  366  899 109 339 159  196  54  255  135  74  93  38 221   0  1000   0   0   0  19
milicic,darko     min  C 69 1685  271  578   0   0  64  115 133  360  104  54 151 141 229   4   606   4   0   0  68
miller,andre      por PG 81 2650  388  844   4  37 249  292  97  302  566 113 197  12 171   0  1029   6   0   0  81
miller,brad       hou  C 60 1019  132  296  40 107  78   94  44  222  145  28  54  21  98   0   382   4   0   0   5
miller,mike       mia SG 41  839   81  202  43 118  23   34  38  184   51  20  41   2  88   0   228   0   0   0   2
mills,patrick     por PG 64  781  135  328  47 133  36   47  19   51  109  27  62   1  63   0   353   0   0   0   0
millsap,paul      uta PF 76 2604  525  988   9  23 256  338 164  579  187 103 145  69 272   2  1315   4   0   0  76
ming,yao          hou  C  5   90   18   37   0   0  15   16   7   27    4   0   7   8  13   1    51   0   0   0   5
mohammed,nazr     okc  C 75 1282  234  448   0   1  67  112 140  368   23  30  70  58 184   0   535   2   0   0  37
monroe,greg       det  C 80 2223  302  549   0   1 145  233 248  601  106  92  81  45 196   1   749   0   0   0  48
moon,jamario      lac SF 59 1043  101  248  38 123  15   17  23  165   52  28  22  33  65   0   255   0   0   0  20
morrow,anthony    njn SG 58 1856  279  620 110 260  96  107  37  172   68  18  54   7 135   0   764   0   0   0  47
mozgov,timofey    den  C 45  524   63  133   0   0  37   52  46  121   15  15  35  25  84   1   163   2   0   0  14
mullens,byron     okl  C 13   84    9   28   0   0   7   14   6   24    0   2   8   3  11   0    25   0   0   0   0
murphy,troy       bos PF 35  469   42  114   5  33  20   30  22  112   23  15  20   3  47   0   109   0   0   0   4
najera,eduardo    cha PF 31  373   26   72  11  34   6   11  15   45   20  11  13   6  52   0    69   1   0   0   0
nash,steve        pho PG 75 2497  399  811  81 205 227  249  40  260  855  48 265   5  87   0  1106   8   0   0  75
ndiaye,hamady     was  C 16   79    4    5   0   0   6   12   2    7    0   2   3   5  18   0    14   0   0   0   0
neal,gary         san PG 80 1683  285  632 129 308  84  104  21  197   96  27  78   4 148   0   783   1   0   0   1
nelson,jameer     orl PG 76 2323  374  838 119 297 130  162  37  226  456  75 194   3 209   1   997   5   0   0  76
noah,joakim       chi  C 48 1575  211  402   0   1 139  188 182  498  107  48  90  72 156   2   561   6   0   0  48
nocioni,andres    phi SF 54  935  118  277  42 118  49   61  19  169   45  14  47  15 100   1   327   2   0   0  17
novak,steve       san SF 30  214   35   67  26  46   8    8   4   28    3   1   4   5  14   0   104   0   0   0   0
nowitzki,dirk     dal PF 73 2505  610 1179  66 168 395  443  50  513  190  37 137  46 172   0  1681   6   0   0  73
o'neal,jermaine   bos  C 24  432   50  109   0   1  29   43  25   88   12   2  27  30  65   3   129   3   0   0  10
o'neal,shaquille  bos  C 37  751  134  201   0   0  73  131  48  178   26  16  56  42 120   4   341   1   0   0  36
oberto,fabricio   por  C  5   45    3    5   0   0   1    2   3    7    0   0   3   0  10   0     7   0   0   0   0
odom,lamar        lal PF 82 2636  473  893  68 178 166  246 175  710  249  47 139  61 200   1  1180   4   0   0  35
okafor,emeka      nor  C 72 2285  300  524   0   1 145  258 230  684   42  40 119 128 230   4   745   1   0   0  72
okur,mehmet       uta  C 13  167   22   62   5  16  15   20   9   30   19   4   7   4  18   0    64   0   0   0   0
outlaw,travis     njn SF 82 2356  274  730  76 252 132  171  54  325   84  34  71  37 148   0   756   0   0   0  55
owens,larry       was SF 12  142   15   32   6  13   4    9   1   15    8   9   5   5  18   0    40   0   0   0   0
pachulia,zaza     atl  C 79 1245  107  232   0   0 135  179 119  333   58  34  69  22 184   0   349   6   0   0   7
parker,anthony    cle SG 72 2090  220  552  86 227  74   95  33  218  218  67  80  10 109   0   600   1   0   0  65
parker,tony       san PG 78 2528  555 1069  25  70 233  303  30  238  513  89 200   3 135   0  1368   1   0   0  78
patterson,patric  hou PF 52  870  149  267   0   2  30   42  86  200   40  17  31  37  77   0   328   0   0   0   6
paul,chris        nor PG 80 2885  430  928  71 183 337  384  38  327  782 187 177   5 196   0  1268  10   0   0  80
pavlovic,sasha    bos SF 31  362   29   72  12  31   6   10   1   32   16  10  12   7  34   0    76   1   0   0   7
pekovic,nikola    min  C 65  888  136  263   0   0  87  114  90  193   27  18  91  35 181   2   359   2   0   0  11
perkins,kendrick  okc  C 29  742   67  130   0   0  40   72  62  232   26   9  56  27  91   1   174  11   0   0  24
peterson,morris   okl SG  4   23    2    5   0   1   0    0   0    3    1   0   0   0   5   0     4   0   0   0   0
petro,johan       njn  C 77  896  129  290   0   4  15   28  62  212   44  34  46  34 178   0   273   0   0   0   1
pierce,paul       bos SF 80 2779  507 1021 111 297 386  449  34  430  260  80 172  52 231   0  1511  11   0   0  80
pietrus,mickael   pho SG 57 1109  143  365  85 236  39   57  15  126   33  29  39  21 101   1   410   7   0   0   4
pittman,dexter    mia  C  2   11    1    3   0   0   0    0   1    3    0   0   2   0   2   0     2   0   0   0   0
pondexter,quincy  nor SF 66  734   73  180  18  50  24   34  23   88   28  17  16  10  63   0   188   3   0   0   6
posey,james       ind SF 49  839   81  241  67 212  11   15  10  147   34  24  24   6 103   1   240   1   0   0   0
powe,leon         mem PF 30  327   59  119   0   2  40   72  24   63    7  10  12   4  44   0   158   3   0   0   3
powell,josh       atl PF 54  651   94  208   0   1  36   45  49  135   22   5  53   5  78   0   224   0   0   0   0
price,a.j.        ind PG 50  799  114  320  41 149  54   81  16   72  111  29  53   1  61   1   323   0   0   0   0
price,ronnie      uta PG 59  716   74  210  20  69  29   39  22   61   56  42  55   5 106   2   197   2   0   0   0
prince,tayshaun   det SF 78 2558  473 1001  34  98 118  168  78  329  215  30  82  41  90   0  1098   2   0   0  78
przybilla,joel    cha  C 36  518   25   44   0   0  14   27  37  145   13   5  29  15  79   1    64   3   0   0   9
quinn,chris       san PG 41  295   33   91  11  37   4    8   3   25   42   5  12   1  29   0    81   0   0   0   0
radmanovic,vladi  gsw SF 74 1167  137  318  70 173  30   34  64  212   79  44  57  44 157   1   374   2   0   0   6
randolph,anthony  min PF 40  591  123  264   1   4  58   86  43  160   34  22  53  24  62   0   305   3   0   0   3
randolph,zach     mem PF 75 2719  598 1188   8  43 300  396 326  914  163  63 151  25 175   0  1504   3   0   0  74
ratliff,theo      lal  C 10   69    1    6   0   0   0    2   6   13    3   2   3   5   7   0     2   0   0   0   0
rautins,andy      nyk PG  5   24    3    7   1   4   1    2   0    1    3   1   7   0   0   0     8   0   0   0   0
redd,michael      mil SG 10  135   18   45   4  17   4    4   0    8   12   2   4   1   4   0    44   0   0   0   0
redick,j.j.       orl SG 59 1512  197  447  87 219 112  128   6  113  101  29  53   3  80   0   593   0   0   0   5
richardson,jason  orl SG 80 2717  472 1055 189 478 116  159  66  330  147  93  95  13 162   0  1249   1   0   0  80
richardson,quent  orl SG 57  960   87  255  42 146  33   44  39  178   38  25  33   5  74   0   249   1   0   0  19
ridnour,luke      min PG 71 2161  319  681  81 184 121  137  37  199  385  89 158  10 146   1   840   1   0   0  66
robinson,nate     okc PG 59 1019  150  376  65 200  36   44  15   90  111  29  68   4 115   1   401   4   0   0  11
rondo,rajon       bos PG 68 2523  318  670  10  43  75  132  87  296  760 149 234  11 120   0   721   3   0   0  68
rose,derrick      chi PG 81 3028  711 1597 128 385 476  555  81  330  623  85 278  51 136   2  2026   2   0   0  81
ross,quinton      njn SF 36  355   26   59   0   3   5   14  10   30   10   3   7   6  40   0    57   0   0   0   4
roy,brandon       por SG 47 1310  209  523  38 114 117  138  28  121  129  37  55  12  76   0   573   0   0   0  23
rush,brandon      ind SG 67 1760  217  515  93 223  80  106  33  217   62  41  69  35 107   0   607   0   0   0  21
salmons,john      mil SG 73 2554  373  898  83 219 195  240  27  266  252  72 137  28 157   1  1024   8   0   0  70
samuels,samardo   cle PF 37  703  110  241   0   3  68  110  74  157   17  15  53  18  88   1   288   2   0   0  10
sanders,larry     mil PF 60  871  116  268   0   0  28   50  59  178   16  22  38  72 117   2   260   0   0   0  12
scalabrine,brian  chi PF 18   90   10   19   0   5   0    0   1    8    6   3   5   3  18   0    20   0   0   0   0
scola,luis        hou PF 74 2411  569 1129   0   3 214  290 147  606  185  48 146  44 227   4  1352   5   0   0  74
sefolosha,thabo   okl SG 79 2049  157  333  28 102  59   79  65  346  111  97  55  38 171   0   401   2   0   0  79
seraphin,kevin    was PF 58  635   66  147   0   0  22   31  80  152   10  17  42  28 126   0   154   0   0   0   1
sessions,ramon    cle PG 81 2132  362  776   3  15 348  423  46  255  419  60 178   8  93   0  1075   2   0   0  38
shakur,mustafa    was PG 22  158   21   59   1  10   8   15   7   22   25   5  18   3  15   0    51   0   0   0   0
siler,garret      pho  C 21  103   17   31   0   0  11   22  16   28    3   1  10   4  20   0    45   0   0   0   0
simmons,bobby     san SF  2   15    0    3   0   3   0    0   0    0    2   0   0   0   2   0     0   0   0   0   0
skinner,brian     mil PF  2    5    0    0   0   0   0    0   0    0    0   0   0   0   0   0     0   0   0   0   0
smith,craig       lac PF 48  590  104  188   0   5  50   68  43  117   31  16  33   7  84   0   258   5   0   0   0
smith,ishmael     mem PG 43  444   43  115   3  10  12   21   7   47   79  18  34   2  37   0   101   0   0   0   3
smith,j.r.        den SG 79 1966  341  784 124 318 163  221  45  322  175  92 100  16 173   0   969   7   0   0   6
smith,jason       nor PF 77 1103  136  307   0   2  59   70  89  241   36  26  53  32 150   0   331   1   0   0   6
smith,joe         lal PF 16   71    3   16   0   0   2    2   3   21    4   0   5   4  13   0     8   0   0   0   3
smith,josh        atl PF 77 2646  497 1041  51 154 229  316 134  657  255  98 197 120 217   1  1274   7   0   0  77
songaila,darius   phi PF 10   69    7   15   0   0   2    4   2   10    2   0   4   0  16   0    16   0   0   0   0
speights,marrees  phi  C 64  736  144  291   1   4  55   73  64  210   31   8  40  19 120   0   344   1   0   0   1
splitter,tiago    san PF 60  735  101  191   0   1  76  140  72  201   26  29  32  17  91   0   278   1   0   0   6
stackhouse,jerry  mia SG  7   49    3   12   1   4   5    7   1    7    3   0   2   2   3   0    12   0   0   0   1
stephenson,lance  ind SG 12  114   13   39   0   5  11   14   1   18   21   4  16   0  14   0    37   0   0   0   0
stevenson,deshaw  dal SG 72 1151  128  330  94 249  33   43  20  106   77  21  44   5  71   0   383   1   0   0  54
stojakovic,peja   dal SF 33  611  100  227  57 136  23   25  14   75   29  13  17   2  24   0   280   0   0   0  13
stoudemire,amare  nyk PF 78 2871  744 1482  10  23 473  597 198  637  203  71 250 150 274   2  1971  18   0   0  78
stuckey,rodney    det PG 70 2183  363  827  26  90 330  381  70  216  361  76 155  10 177   0  1082   2   0   0  54
summers,dajuan    det SF 22  201   28   69   9  21   9   20   2   12    2   3  13   1  21   0    74   1   0   0   1
sy,pape           atl SF  3   21    2    6   0   1   3    3   2    3    2   1   3   0   1   0     7   0   0   0   0
taylor,jermaine   sac PG 34  481   94  196  14  45  21   28  26   62   32  14  46   5  39   0   223   0   0   0   8
teague,jeff       atl PG 70  960  133  304  18  48  77   97  11  102  139  46  64  25  82   0   361   0   0   0   7
telfair,sebastia  min PG 37  711   97  241  28  78  44   60  17   54  111  24  64   3  64   1   266   1   0   0   8
temple,garrett    cha SG 24  228   20   68  10  37   7   17   1   23   32  11  23   6  24   0    57   0   0   0   0
terry,jason       dal SG 82 2562  492 1091 127 351 182  214  24  153  334  93 167  13 140   0  1293   4   0   0  10
thabeet,hasheem   hou  C 47  378   17   40   0   0  19   35  24   75    4   9  17  16  76   0    53   0   0   0   0
thomas,etan       atl  C 13   82   10   21   0   0  12   15   6   23    2   1   5   4  11   0    32   0   0   0   0
thomas,kurt       chi  C 52 1180   95  186   1   1  20   32  75  301   60  32  42  42 164   3   211   5   0   0  37
thomas,tyrus      cha PF 41  866  156  331   0   3 107  136  65  224   29  30  65  66 113   1   419   7   0   0   2
thompson,jason    sac  C 75 1750  271  534   0   3 121  200 144  454   87  28  99  44 212   1   663   6   0   0  39
thornton,al       gsw SF 71 1382  205  431   4  26 110  142  56  213   62  35  64  12 143   1   524   1   0   0  23
thornton,marcus   sac PG 73 1771  350  807  88 240 145  184  61  258  135  64  93   9 110   0   933   1   0   0  23
tolliver,anthony  min  C 65 1360  141  313  47 115 105  131  92  295   81  29  49  28 145   1   434   0   0   0   4
turiaf,ronny      nyk  C 64 1139  103  163   0   0  61   98  64  207   92  35  41  73 160   1   267   6   0   0  21
turkoglu,hedo     orl SF 81 2537  322  722 127 310 106  156  45  355  343  72 132  34 247   2   877   4   0   0  72
turner,evan       phi SG 78 1800  225  529  14  44 101  125  42  306  159  49  80  14 138   0   565   1   0   0  14
udoh,ekpe         gsw PF 58 1031   97  222   0   0  42   64  80  181   41  22  48  86 144   0   236   0   0   0  18
udoka,ime         san SF 20  134    5   21   0   8   4    8   5   19   13   8   5   1  14   0    14   0   0   0   0
udrih,beno        sac PG 79 2733  412  824  65 182 197  228  41  265  386  94 141   9 181   2  1086   0   0   0  64
uzoh,ben          njn PG 42  438   61  144   3   8  33   56  30   61   69  13  25   8  29   0   158   0   0   0   0
varejao,anderson  cle  C 31  993  114  216   0   2  54   81  98  301   45  27  40  38  87   0   282   5   0   0  31
vasquez,greivis   mem SG 70  860   95  233  25  86  34   44  13   74  151  22  70   4  83   0   249   0   0   0   1
villanueva,charl  det PF 76 1667  313  708 125 323  89  116  50  295   48  42  66  42 175   2   840   2   0   0  11
vujacic,sasha     njn SG 67 1648  239  595  97 262  81   96  30  186  132  54  66   5 136   0   656   3   0   0  17
wade,dwyane       mia SG 76 2822  692 1384  63 206 494  652 123  485  346 112 237  87 197   0  1941  12   0   0  76
wafer,von         bos SG 58  555   67  159  18  67  32   38   7   49   35  18  20   5  39   0   184   0   0   0   2
walker,bill       nyk SG 61  784  104  236  59 153  31   44  16  122   34  21  37   6  81   0   298   3   0   0   1
wall,john         was PG 69 2602  398  972  34 115 301  393  35  317  574 121 261  35 175   0  1131   8   0   0  64
wallace,ben       det  C 54 1237   67  149   1   2  19   57 129  350   72  54  44  54  81   0   154   2   0   0  49
wallace,gerald    por SF 71 2700  386  851  62 186 279  374 111  570  173 105 152  63 183   3  1113   7   0   0  63
walton,luke       lal SF 54  483   38  116   8  34   7   10   9   67   62   9  31   4  38   0    91   1   0   0   0
warren,willie     lac PG 19  135   13   35   5  15   6    8   1   12   27   6   8   0  16   0    37   0   0   0   0
warrick,hakim     pho PF 80 1415  228  446   1  11 212  294  88  296   69  32  79   9 100   0   669   0   0   0   6
watson,c.j.       chi PG 82 1093  146  394  44 112  69   93  16   94  186  55  73  11  82   0   405   0   0   0   1
watson,earl       uta PG 80 1570  126  307  36 107  55   82  52  182  278  61 116  17 146   0   343   3   0   0  13
weaver,kyle       uta SG  5   71    9   25   3   7   7    8   2   10    7   2   7   2   3   0    28   0   0   0   0
webster,martell   min SF 46 1095  152  340  55 132  94  122  36  147   53  28  58   9 101   0   453   0   0   0   1
weems,sonny       tor SG 59 1415  228  513  17  61  72   94  39  153  104  33  86   2  87   0   545   0   0   0  28
west,david        nor PF 70 2454  528 1040   2   9 264  327 155  529  164  67 142  62 202   1  1322   8   0   0  70
west,delonte      bos SG 24  453   55  120  12  33  13   15   6   37   64  20  30  10  29   0   135   1   0   0   2
west,mario        njn SG  6  115    9   21   1   4   3    5   2   11   10   7   2   0  13   0    22   0   0   0   3
westbrook,russel  okl PG 82 2853  614 1390  34 104 531  631 121  379  670 155 316  30 207   2  1793   8   0   0  82
white,d.j.        cha PF 47  687  111  219   0   2  46   64  43  158   19  12  14  20  77   0   268   0   0   0   0
whiteside,hassan  sac PF  1    2    0    0   0   0   0    0   0    0    0   0   0   0   2   0     0   0   0   0   0
wilcox,chris      det  C 57  996  187  322   0   1  50   89  95  271   43  30  43  17 145   2   424   4   0   0  29
wilkins,damien    atl SG 52  679   69  137   2  10  40   56  23   90   41  27  21   9  72   0   180   1   0   0   0
williams,deron    njn PG 65 2460  428  974 105 316 348  412  40  260  667  79 230  15 190   1  1309   8   0   0  65
williams,jason    mem PG 27  296   22   67  10  38   0    0   3   30   52  11  18   1   8   0    54   4   0   0   0
williams,jawad    cle SF 26  390   41  126  13  45   9   12   7   48   22   9  16   3  34   0   104   1   0   0   1
williams,lou      phi PG 75 1751  323  795  88 253 293  356  32  149  252  47 102  17 128   1  1027   0   0   0   0
williams,marvin   atl SF 65 1863  246  537  37 110 147  174  68  313   88  34  62  23 104   0   676   2   0   0  52
williams,mo       lac PG 58 1787  291  730  79 244 151  177  21  153  380  53 171  10 150   1   812   6   0   0  56
williams,reggie   gsw SF 80 1631  268  572 102 241 100  134  45  216  122  28  57   3 124   1   738   0   0   0   9
williams,shawne   nyk SF 64 1322  164  385  85 212  41   49  60  239   47  39  46  51 164   3   454   2   0   0  11
williams,shelden  nyk PF 60  915  103  220   0   0  58   75  93  273   31  23  43  26 126   1   264   2   0   0  38
williams,terrenc  hou SF 21  290   43  115   6  22  14   21   4   51   38   9  33   0  25   0   106   0   0   0   0
wright,antoine    sac SF  7   33    1    8   0   4   0    0   2    3    0   1   1   0   3   0     2   0   0   0   0
wright,brandan    njn PF 37  382   60  117   0   0  21   31  31   89   12  11  14  17  34   0   141   0   0   0   2
wright,dorell     gsw SF 82 3148  485 1146 194 516 180  228  88  431  243 123 132  63 171   0  1344   3   0   0  82
wright,julian     tor SF 52  770   82  160   2  10  22   43  47  118   57  39  43  20  45   0   188   0   0   0   6
young,nick        was SG 65 2033  412  935 105 271 186  228  26  174   75  45  90  17 144   0  1115   1   0   0  40
young,sam         mem SG 78 1578  233  494  17  50  89  116  40  187   71  68  61  23 120   0   572   1   0   0  46
young,thaddeus    phi SF 82 2135  458  847   6  22 123  174 153  434   82  90  99  26 170   0  1045   0   0   0   1
