Player           Team PS GP  Min  FGM  FGA  3M  3A FTM  FTA  OR   TR   AS  ST  TO  BK  PF  DQ   PTS  TC  EJ  FF Sta
adrien,jeff       hou PF  8   64    7   16   0   0   7   12   5   22    1   0   2   2  13   0    21   0   0   0   0
afflalo,arron     den SG 62 2088  329  699  88 221 197  247  40  197  149  36  85  13 134   0   943   3   0   0  62
ahearn,blake      uta PG  4   30    4   14   2   9   0    0   0    2    1   0   5   0   4   0    10   0   0   0   0
alabi,solomon     tor  C 14  123   13   36   0   0   7    8  15   47    3   2   5   9  11   0    33   0   0   0   0
aldrich,cole      okl  C 26  173   22   42   0   0  13   14  13   48    3   8   9  16  22   0    57   0   0   0   0
aldridge,lamarcu  por PF 55 1995  483  943   2  11 223  274 150  442  134  51 112  45 153   1  1191   1   0   0  55
allen,lavoy       phi PF 41  623   79  167   0   0  11   14  47  171   34  13  20  18  73   0   169   0   0   0  15
allen,ray         bos SG 46 1569  226  493 106 234  97  106  14  142  109  49  68   8  83   0   655   2   0   0  42
allen,tony        mem SG 58 1525  210  447   8  26 140  175  98  232   79 104  94  33 142   0   568   0   0   0  57
almond,morris     was SG  4   66    6   17   1   3   1    3   1    8    2   7   1   0   6   0    14   0   0   0   0
aminu,al-farouq   nor SF 66 1485  149  364  13  47  86  114  95  308   66  59  91  34 136   1   397   0   0   0  21
amundson,louis    ind  C 60  753   89  206   0   0  35   82  94  222   14  27  46  44 125   1   213   2   0   0   0
andersen,chris    den  C 32  485   59  108   0   0  50   82  48  148    6  19  17  46  52   1   168   0   0   0   1
anderson,alan     tor SF 17  460   55  142  24  61  29   34   8   34   26   5  25   3  36   0   163   1   0   0  12
anderson,james    san SG 51  607   66  174  19  68  39   52  16   79   41   8  30   2  35   0   190   0   0   0   2
anderson,ryan     orl PF 61 1964  332  757 166 422 150  171 224  471   54  50  57  26 146   0   980   2   0   0  61
anthony,carmelo   nyk SF 55 1874  441 1025  68 203 295  367  88  344  200  63 144  24 156   0  1245  10   0   0  55
anthony,joel      mia  C 64 1352   85  152   0   0  49   71 100  250    9  36  45  84 126   0   219   1   0   0  51
arenas,gilbert    mem SG 17  212   26   64  13  39   7   10   2   18   18  11  12   1  35   0    72   0   0   0   0
ariza,trevor      nor SF 41 1349  169  404  29  87  79  102  41  215  136  69  76  25  73   0   446   4   0   0  41
artest,ron        lal SF 64 1721  183  465  56 189  71  115  71  218  139  70  69  27 137   1   493   6   0   0  45
asik,omer         chi  C 66  974   79  156   0   0  47  103 127  350   32  31  68  68 121   0   205   0   0   0   2
augustin,d.j.     cha PG 48 1413  183  487  61 179 105  120  24  109  307  36 110   1  65   0   532   2   0   0  46
ayon,gustavo      nor PF 54 1086  140  261   0   1  39   63  86  265   74  53  46  46 118   2   319   1   0   0  24
azubuike,kelenna  dal SF  3   18    3    8   1   3   0    0   0    0    0   1   4   0   1   0     7   0   0   0   0
babbitt,luke      por SF 40  536   71  173  43 100  17   20  16   95   16  10  27   4  46   0   202   0   0   0   4
balkman,renaldo   nyk PF 14  117   16   32   2   9   8   11   6   26    5   4   6   3  14   0    42   0   0   0   0
barbosa,leandro   ind SG 64 1386  271  637  65 170 101  124  33  128   96  56  94   7 135   1   708   0   0   0   0
barea,jose_juan   min PG 41 1031  167  418  53 143  76   98  14  114  232  21 103   0  61   0   463   2   0   0  11
bargnani,andrea   tor PF 31 1030  209  484  34 115 151  173  24  172   60  18  69  15  52   0   603   0   0   0  31
barnes,matt       lal SF 63 1438  175  387  46 138  95  128  97  344  126  35  73  48 152   2   491   7   0   0  16
barron,earl       gsw  C  2    9    2    4   0   0   0    0   1    1    0   0   0   0   5   0     4   0   0   0   0
bass,brandon      bos PF 59 1870  303  632   0   0 132  163  95  365   55  34  65  54 135   1   738   2   0   0  39
battie,tony       phi  C 27  295   19   51   0   1   4    4   8   67   16   4   4   6  26   0    42   0   0   0  11
battier,shane     mia SF 65 1501  113  292  62 183  23   37  56  156   82  64  37  33 105   1   311   0   0   0  10
batum,nicolas     por SF 59 1793  289  641 107 274 133  159  81  271   84  57  90  60 105   0   818   0   0   0  34
bayless,jerryd    tor PG 31  703  117  276  44 104  75   88   8   66  118  24  53   4  70   3   353   2   0   0  11
beasley,michael   min PF 47 1086  221  497  38 101  61   95  39  207   45  18  80  19  83   0   541   1   0   0   7
beaubois,rodrigu  dal PG 53 1123  188  445  38 132  58   69  19  151  152  56  70  28  97   0   472   0   0   0  11
belinelli,marco   nor SG 66 1966  286  686 107 284 101  129  19  172  101  48  69   5 115   1   780   1   0   0  55
bell,raja         uta SG 34  796   81  174  34  87  21   25   6   49   38  13  21   2  78   1   217   2   0   0  33
benson,keith      gsw  C  3    9    0    1   0   0   0    0   2    3    0   0   0   0   0   0     0   0   0   0   0
bibby,mike        nyk PG 39  555   35  124  27  85   6    8   5   59   80  21  20   3  45   0   103   0   0   0   4
biedrins,andris   gsw  C 47  743   39   64   0   0   1    9  45  176   16  23  14  45 125   2    79   0   0   0  35
billups,chauncey  lac PG 20  607   83  228  48 125  85   95   4   50   80   9  37   3  40   0   299   3   0   0  20
biyombo,bismack   cha PF 63 1454  129  278   0   0  69  143 113  368   27  20  71 115 145   1   327   2   0   0  41
blair,dejuan      san PF 64 1362  269  504   0   1  73  119 154  351   78  59  92  12 168   0   611   2   0   0  62
blake,steve       lal PG 53 1240  101  268  53 158  21   27   9   85  174  38  72   2  75   0   276   2   0   0   5
blatche,andray    was PF 26  625   93  245   2   7  33   49  42  150   28  20  37  17  54   0   221   2   0   0  13
bledsoe,eric      lac PG 40  461   49  126   6  30  28   44  22   65   66  31  47  14  58   1   132   1   0   0   1
bogans,keith      njn SG  5   93    8   21   3  12   2    5   5   11    3   2   3   0  15   0    21   0   0   0   1
bogut,andrew      mil  C 12  365   61  136   0   1  14   23  22  100   31  12  24  24  36   2   136   1   0   0  12
bonner,matt       san PF 65 1329  154  350 105 250  16   21  29  214   61  15  14  21  68   0   429   1   0   0   2
booker,trevor     was  C 50 1259  182  343   1   2  56   93 119  325   40  48  58  43 138   1   421   5   0   0  32
boozer,carlos     chi PF 66 1950  448  842   0   1  95  137 114  564  125  63 115  24 168   1   991   2   0   0  66
bosh,chris        mia PF 57 2003  393  807  10  35 229  279  94  452  103  51 117  45 128   0  1025   0   0   0  57
boykins,earl      hou PG  8  112   12   36   2   9  13   15   0   11   17   1   7   0   5   0    39   0   0   0   0
brackins,craig    phi SF 14   88    9   33   3   9   1    2   5   15    8   0   4   1   6   0    22   0   0   0   1
bradley,avery     bos SG 64 1367  200  402  22  54  62   78  34  115   87  42  75  12 109   1   484   0   0   0  28
brand,elton       phi PF 60 1731  287  581   0   1  85  116 145  429   97  58  65  98 176   1   659   0   0   0  60
brewer,corey      den SG 59 1286  202  465  33 128  90  130  43  150   88  72  56  17 113   0   527   3   0   0  17
brewer,ronnie     chi SG 66 1631  190  445  19  69  56  100  72  231  138  71  59  21  64   0   455   0   0   0  43
brockman,jon      mil PF 35  237   15   45   0   1   7   15  33   75    9   4  10   1  33   0    37   0   0   0   0
brooks,marshon    njn SG 56 1650  274  640  47 150 113  148  70  200  131  52 118  15 116   0   708   1   0   0  47
brown,derrick     cha SF 65 1441  212  409   6  24  94  141  95  236   67  48  55  11  96   0   524   0   0   0  17
brown,kwame       gsw  C  9  187   21   40   0   0  15   34  16   57    4   8  14   0  21   0    57   0   0   0   3
brown,shannon     pho PG 59 1402  251  598  68 188  80   99  38  156   68  44  64  15  66   0   650   4   0   0  19
bryant,kobe       lal SG 58 2233  574 1336  87 287 381  451  66  313  264  69 204  18 105   0  1616   9   0   0  58
budinger,chase    hou SF 58 1299  208  471  88 219  54   70  38  216   74  30  55   6  65   0   558   0   0   0   9
burks,alec        uta SG 59  939  153  357  15  45 104  143  57  132   55  27  51   5  84   0   425   0   0   0   0
butler,caron      lac SF 63 1868  287  705  92 257  87  107  44  230   78  52  77   8 123   0   753   1   0   0  63
butler,jimmy      chi SG 42  363   32   79   2  11  43   56  23   56   14  11  14   5  20   0   109   0   0   0   0
butler,rasual     tor SG 34  457   41  133  21  77   7   12   6   66   19   7  15   5  39   0   110   0   0   0  14
byars,derrick     san SF  2   37    3   11   0   6   4    4   6   11    1   2   0   0   2   0    10   0   0   0   0
bynum,andrew      lal  C 60 2115  444  796   1   5 234  338 192  709   85  27 152 116 104   0  1123   5   0   0  60
bynum,will        det PG 36  516   74  194   7  29  49   64  10   56   66  23  54   2  61   0   204   0   0   0   0
calderon,jose     tor PG 53 1799  218  477  59 159  60   68  19  160  469  47 104   3  94   0   555   2   0   0  53
camby,marcus      na  PF 59 1357  128  287   2   5  29   64 157  530  107  50  57  85 126   0   287   2   0   0  53
cardinal,brian    dal PF 44  271   14   55  10  49   5    6   4   34   16   8   8   2  38   0    43   0   0   0   0
carroll,demarre   na  SF 24  348   43  105   7  19  14   16  28   52   18  12  11   1  37   0   107   0   0   0   9
carroll,matt      cha SG 53  596   52  157   8  43  30   38   8   58   38  16  24   7  52   0   142   0   0   0   2
carter,anthony    tor PG 24  213   17   53   5  17   8   10   5   33   34   8  17   4  20   0    47   0   0   0   0
carter,vince      dal SG 61 1511  223  542  74 205  95  115  32  205  139  56  84  25 132   0   615   2   0   0  39
casspi,omri       cle SF 65 1344  166  412  53 168  74  108  63  228   66  37  64  21 115   0   459   0   0   0  35
chalmers,mario    mia PG 64 1824  223  498 101 260  80  101  16  171  222  97 142  11 166   0   627   1   0   0  64
chandler,tyson    nyk  C 62 2063  241  355   0   2 217  315 212  612   57  56 102  89 186   3   699  12   0   0  62
chandler,wilson   den SF  8  215   31   79   3  12  10   12   6   41   17   6  18   6  18   0    75   0   0   0   6
childress,josh    pho SG 34  493   48   99   4  24   0    2  31   95   34  14   9   6  38   0   100   0   0   0   0
clark,earl        orl PF 45  560   51  139   0   0  21   29  35  124   18  12  25  32  72   0   123   2   0   0   1
cole,norris       mia PG 65 1263  177  450  21  76  66   85  21   91  133  44 105   2 124   0   441   0   0   0   2
collins,jason     atl  C 30  307   16   40   0   0   7   15  12   48   10   4  10   3  33   0    39   0   0   0  10
collison,darren   ind PG 60 1877  229  523  34  94 127  153  30  187  288  49 114  13 101   0   619   0   0   0  56
collison,nick     okl PF 63 1308  120  201   0   1  44   62 119  274   82  33  61  28 153   0   284   0   0   0   0
conley,mike       mem PG 62 2174  296  684  60 159 136  158  22  156  404 135 125  11 134   1   788   0   0   0  61
cook,brian        was PF 32  276   31   98  10  50   9   10  10   63   10   6  11   5  48   0    81   0   0   0   0
cook,daequan      okl SG 57  992  109  296  79 228  14   22  12  122   15  22  16  12  69   0   311   0   0   0  22
cousins,demarcus  sac  C 64 1951  448  999   2  14 262  373 265  703  102  93 170  75 257   7  1160  13   0   0  62
crawford,jamal    por SG 60 1611  283  737  80 260 191  206  16  118  191  55 111  14  74   0   837   6   0   0   6
crawford,jordan   was SG 64 1753  349  871  79 273 161  203  44  168  190  59 141   5 111   0   938   5   0   0  32
cunningham,dante  mem SF 64 1126  144  279   0   2  45   69  91  246   37  42  29  34  98   0   333   1   0   0   5
curry,eddy        mia  C 14   83   12   26   0   0   6    8   4   12    1   0  10   2  17   0    30   0   0   0   1
curry,stephen     gsw PG 26  729  145  296  55 121  38   47  15   88  138  39  65   8  62   0   383   1   0   0  23
dalembert,samuel  hou  C 65 1448  200  395   0   1  90  113 158  457   33  37  82 111 162   2   490   2   0   0  45
dampier,eric      atl  C 15   83    1    8   0   0   0    0  10   25    4   1   3   4   9   0     2   0   0   0   0
daniels,marquis   bos SG 38  482   52  143   0  10  17   23  16   66   47  21  28   9  36   0   121   0   0   0   0
davis,baron       nyk PG 29  594   68  184  26  85  16   24  13   56  135  33  76   3  61   0   178   1   0   0  14
davis,ed          tor PF 66 1531  172  335   0   1  71  106 134  438   60  40  67  62 156   1   415   1   0   0   9
davis,glen        orl PF 61 1431  225  534   2  14 114  167 107  331   47  43  75  19 106   0   566   5   0   0  13
davis,josh        mem SF 15  131   10   27   4  13   4    8  16   27    6   7   3   1  19   0    28   0   0   0   0
dawson,eric       san PF  4   39    7   12   0   0   1    2   5   10    0   1   3   2   6   0    15   0   0   0   0
daye,austin       det SF 41  605   73  227  13  62  35   43  14   91   33  22  40  21  62   1   194   0   0   0   4
delfino,carlos    mil SF 54 1536  181  452  86 239  38   48  20  208  123  79  66  10  99   1   486   1   0   0  53
deng,luol         chi SF 54 2131  311  754  79 214 127  165  77  350  157  56  96  36  81   0   828   3   0   0  54
dentmon,justin    na  PG  6   91   10   28   2  14   4    6   0    8   10   2   7   0  10   0    26   0   0   0   0
derozan,demar     tor SG 63 2208  381  903  24  92 268  331  40  211  128  48 123  17 162   0  1054   6   0   0  63
diaw,boris        san PF 57 1426  156  351  31  99  22   35  70  280  205  34 112  25 125   2   365   1   0   0  35
diogu,ike         san PF  2   14    0    2   0   0   2    2   0    1    0   0   1   0   1   0     2   0   0   0   0
diop,desagana     cha  C 27  326   15   42   0   0   1    6  33   85   23   6  19  13  36   0    31   0   0   0   9
dooling,keyon     bos PG 46  663   66  163  27  81  23   31   3   39   50  13  34   2  57   0   182   0   0   0   2
douglas,toney     nyk PG 38  659   94  290  27 117  22   26  16   72   77  29  56   1  55   0   237   1   0   0   9
dragic,goran      hou PG 66 1748  277  600  68 202 153  190  53  168  350  85 157  10 166   1   775   2   0   0  28
dudley,jared      pho SF 65 2018  312  643  80 209 120  166  95  301  114  50  72  19 107   0   824   1   0   0  60
duhon,chris       orl PG 63 1223   85  203  50 119  17   21  14  102  151  35  81   9  71   0   237   0   0   0   9
duncan,tim        san  C 58 1635  361  733   0   4 173  249 110  520  132  38  97  89  98   0   895   3   0   0  58
dunleavy,mike     mil SF 55 1445  239  504  83 208 116  143  29  204  117  28  58   8  87   0   677   5   0   0   3
durant,kevin      okl SF 66 2548  643 1297 133 344 431  501  40  527  231  88 248  77 133   0  1850   7   0   0  66
dyson,jerome      nor PG  9  180   18   47   1   8  28   36   2   19   18  11  20   2  19   0    65   0   0   0   1
ebanks,devin      lal SF 24  396   37   89   0   9  23   35  26   54   12  11  18   6  26   0    97   0   0   0  12
ellington,wayne   min PG 51  976  122  302  35 108  32   40  14   98   33  26  26  10  56   0   311   0   0   0   4
ellis,monta       mil SG 58 2120  450 1040  62 201 219  275  20  200  346  85 177  18 136   0  1181   2   0   0  58
elson,francisco   phi  C  5   16    1    3   0   0   0    0   0    1    1   1   1   1   0   0     2   0   0   0   0
emmett,andre      njn SG  6   46    4    7   0   1   5    8   2    6    1   2   2   1   2   0    13   0   0   0   0
erden,semih       cle  C 28  334   39   74   0   0  21   41  20   72    9  10  16   5  60   1    99   0   0   0   9
evans,jeremy      uta SF 29  217   27   42   0   1   8   16  19   50   13   6   5  24  23   0    62   0   0   0   0
evans,maurice     was SF 24  342   45  112  17  45  10   13   8   24   10  14  10   0  36   0   117   0   0   0   0
evans,reggie      lac PF 56  775   34   72   0   0  36   71 100  271   17  31  44   6 118   1   104   4   0   0   0
evans,tyreke      sac PG 63 2157  408  900  20  99 201  258  64  289  282  84 171  29 136   0  1037   1   0   0  61
eyenga,christian  lal SG  7  102    6   25   1   3   4    8   4   14    5   3   3   5   7   0    17   0   0   0   0
faried,kenneth    den SF 46 1039  181  309   0   0 109  164 142  352   36  34  54  47 116   0   471   2   0   0  39
farmar,jordan     njn PG 39  830  147  315  55 125  57   63   7   61  129  24  68   2  49   0   406   0   0   0   5
favors,derrick    uta PF 65 1378  222  445   0   0 126  194 158  425   43  37 104  65 146   1   570   1   0   0   9
felton,raymond    por PG 60 1910  261  642  62 203 100  124  27  149  390  78 169  10 122   0   684   1   0   0  56
fernandez,rudy    den SG 31  710   99  225  40 122  30   43   9   65   75  31  40   3  37   0   268   2   0   0   1
fesenko,kyrylo    ind  C  3   17    2    5   0   0   4    6   2    9    1   2   0   0   2   0     8   0   0   0   0
fields,landry     nyk SG 66 1892  236  513  31 121  77  137  59  278  169  79 102  17  99   0   580   0   0   0  62
fisher,derek      okc PG 63 1508  129  348  35 109  57   67  12  121  170  51  73   4 117   1   350   1   0   0  43
flynn,jonny       na  PG 29  417   46  131  10  34  29   39   8   39   96   6  36   2  23   0   131   2   0   0   1
foote,jeff        nor  C  4   39    2    6   0   0   0    0   1    6    0   0   2   1   5   0     4   0   0   0   0
forbes,gary       tor SF 48  708  112  271  29  84  66   91  27  102   54  24  54   4  56   0   319   0   0   0   2
ford,t.j.         san PG 14  190   19   43   2   8  11   14   3   18   45   9  23   2  23   0    51   0   0   0   0
fortson,courtney  na  PG 10   96   11   32   3  13  10   15   6   15   10   3  10   0   5   0    35   0   0   0   0
foster,jeff       ind  C 11  142    9   18   1   1   6    9  18   42    4   8   7   1  26   0    25   0   0   0   0
foye,randy        lac SG 65 1682  256  644 127 329  73   85  25  138  146  46  73  24 130   0   712   0   0   0  48
fredette,jimmer   sac PG 61 1134  172  446  78 216  40   48  17   73  110  29  67   3  73   0   462   0   0   0   7
frye,channing     pho  C 64 1667  255  613  91 263  73   82  71  379   87  42  63  69 176   0   674   1   0   0  59
gadzuric,dan      nyk  C  2   14    0    2   0   0   0    2   1    5    0   1   1   1   4   0     0   0   0   0   0
gaines,sundiata   njn PG 57  793  102  271  28  82  59   96  27  108  126  55  52   2  58   0   291   0   0   0  12
gallinari,danilo  den SF 43 1349  193  466  60 183 182  209  28  202  116  42  68  23  86   0   628   0   0   0  40
garcia,francisco  sac SG 49  799   86  229  38 131  24   30  11   99   31  36  22  37  73   0   234   2   0   0   3
garnett,kevin     bos PF 60 1871  391  777   3   9 162  189  66  494  175  57 107  61 141   1   947   5   0   0  60
gasol,marc        mem  C 65 2368  357  740   1  12 237  317 120  579  204  62 121 121 201   0   952   7   0   0  65
gasol,pau         lal PF 65 2428  459  917   7  28 204  261 183  678  239  37 142  88 127   0  1129   5   0   0  65
gay,rudy          mem SF 65 2424  485 1067  54 173 208  263 130  417  147  95 161  55 138   1  1232   2   0   0  65
gee,alonzo        cle SG 63 1829  227  551  44 137 165  210 101  322  112  83 113  17 149   1   663   0   0   0  31
george,paul       ind SF 66 1953  281  639  90 234 146  182  56  370  157 108 117  38 191   1   798   0   0   0  66
gibson,daniel     cle PG 35  917   87  248  55 139  34   43  11  101   76  26  45  16  69   1   263   0   0   0   7
gibson,taj        chi PF 63 1288  200  404   0   0  84  135 135  332   47  27  60  81 131   1   484   0   0   0   0
ginobili,manu     san SG 34  792  150  285  52 126  88  101  18  116  151  24  64  12  56   0   440   0   0   0   7
gladness,mickell  na   C 26  256   25   59   0   0   6   12  14   58    5   4   7  20  32   0    56   0   0   0   7
gomes,ryan        lac SF 32  422   31   95   4  29   8   11  14   61   12  16  15   0  34   0    74   0   0   0   2
gooden,drew       mil PF 56 1469  287  657  16  55 176  208 130  363  144  45 109  34 112   0   766   4   0   0  46
gordon,ben        det SG 52 1398  234  530  63 147 117  136  14  121  127  34 115  11 114   0   648   3   0   0  21
gordon,eric       nor SG  9  310   63  140  10  40  49   65   2   25   31  13  24   4  20   0   185   0   0   0   9
gortat,marcin     pho  C 66 2114  427  769   0   2 163  251 186  659   59  48  90  98 142   1  1017   1   0   0  66
goudelock,andrew  lal PG 40  421   68  174  28  75  11   12   5   31   20   4  21   0  32   0   175   0   0   0   0
granger,danny     ind SF 62 2065  391  941 123 323 254  291  79  307  109  62 111  40 144   1  1159   7   0   0  62
gray,aaron        tor  C 49  811   83  161   0   0  25   47  83  281   27  22  51  17 127   2   191   1   0   0  40
green,daniel      san SG 66 1525  211  477 102 234  79  100  54  228   86  58  67  46 107   0   603   0   0   0  38
green,gerald      njn SG 31  781  154  320  43 110  49   65  14  107   34  28  55  17  80   0   400   1   0   0   2
green,willie      atl SG 53  921  153  325  50 113  48   56  15   80   40  22  33   6  74   0   404   0   0   0   2
greene,donte      sac SF 53  775  107  265  25 105  44   55  19  133   34  18  32  29  67   0   283   1   0   0   7
griffin,blake     lac PF 66 2391  561 1021   2  16 244  468 218  717  210  55 150  49 216   3  1368  13   0   0  66
haddadi,hamed     mem  C 35  208   26   48   0   1  18   26  28   71    8   1  21  26  43   1    70   1   0   0   0
hamilton,jordan   den SG 26  255   48  111  17  47   2    5  11   62   20   4  16   3  15   0   115   0   0   0   2
hamilton,richard  chi SG 28  698  140  310  17  46  29   37  20   66   84  12  49   1  56   0   326   3   0   0  28
hansbrough,tyler  ind PF 66 1443  195  478   0   1 226  278 114  291   30  54  66   9 159   0   616   4   0   0   0
harangody,luke    cle PF 21  231   23   65   5  21   9   12  20   53    6   6   4   3  17   0    60   0   0   0   1
harden,james      okl SG 62 1945  309  629 114 292 312  369  30  252  229  62 137  15 150   0  1044   3   0   0   2
harper,justin     orl SF 14   82    9   31   2  13   0    1   3   12    2   2   6   3   5   0    20   1   0   0   0
harrellson,josh   nyk PF 37  537   63  148  20  58  16   26  47  144   11  23  20  20  48   0   162   0   0   0   4
harrington,al     den PF 64 1758  345  773 101 303 119  176  72  390   89  58 112  12 181   0   910   3   0   0   1
harris,devin      uta PG 63 1744  241  542  77 213 156  209  12  112  316  64 122  13 136   2   715   3   0   0  63
harris,manny      cle SG 26  456   60  150  12  36  41   59  11   70   31  13  27   6  28   0   173   0   0   0   5
harris,terrel     mia SG 22  318   29   83   8  39  14   21  18   51   26   9  25   2  34   0    80   0   0   0   1
harris,tobias     mil SF 42  485   79  169   6  23  44   54  30  101   22  13  31   7  45   0   208   0   0   0   9
haslem,udonis     mia PF 64 1587  151  357   0   0  83  102 117  470   42  35  60  24 142   0   385   2   0   0  10
hawes,spencer     phi  C 37  923  156  319   3  12  40   55  78  270   98  16  55  48 100   0   355   1   0   0  29
hayes,chuck       sac PF 54 1041   73  170   0   2  26   39  72  234   76  36  50  17 111   1   172   0   0   0   9
hayward,gordon    uta SF 66 2017  267  586  55 159 193  232  59  230  207  53 109  41 106   0   782   1   0   0  58
hayward,lazar     okl SF 26  141   13   38   4  14   7   12   2   16    4   3   9   1  18   0    37   0   0   0   0
haywood,brendan   dal  C 54 1143  118  228   0   0  45   96 139  324   19  24  46  54 121   0   281   2   0   0  54
henderson,gerald  cha SG 55 1833  332  722  11  47 155  204  64  225  126  49 100  20 128   1   830   8   0   0  55
henry,xavier      nor SG 45  759   90  228   7  17  52   85  24  106   35  26  35   8  59   0   239   0   0   0   0
hibbert,roy       ind  C 65 1938  332  668   0   1 170  239 212  571  108  33 128 129 195   1   834   2   0   0  65
hickson,j.j.      por PF 54 1243  184  393   0   2  86  134 133  335   45  30  70  35  85   0   454   0   0   0  19
higgins,cory      cha SG 38  425   52  160   4  20  42   60   7   35   36   5  39   6  40   0   150   0   0   0   0
hilario,nene      was PF 39 1110  211  393   0   4 113  168  63  291   80  42  96  38  95   0   535   1   0   0  33
hill,george       ind PG 50 1274  168  380  54 147  91  117  30  150  146  42  51  17  98   1   481   2   0   0   9
hill,grant        pho SF 49 1377  201  451  14  53  82  107  29  171  107  41  65  29  88   0   498   3   0   0  46
hill,jordan       lal PF 39  554   82  165   0   3  30   47  61  186   16  14  31  27  71   0   194   0   0   0   8
hinrich,kirk      atl PG 48 1235  122  295  47 136  25   32  11  102  132  38  58  11 100   1   316   1   0   0  31
hobson,darington  mil SF  5   40    2   13   0   6   0    0   0    3    6   0   2   0   1   0     4   0   0   0   0
holiday,jrue      phi PG 65 2200  360  834  65 171  94  120  57  212  290 103 134  18 137   2   879   1   0   0  65
hollins,ryan      bos  C 39  520   46   84   0   0  39   75  34   82    9   5  35  17  78   0   131   2   0   0   8
honeycutt,tyler   sac SF 15   90    8   24   1   3   3    5   3   14    7   4   2   3   3   0    20   0   0   0   0
horford,al        atl  C 11  348   57  103   0   1  22   30  26   77   25  10  16  14  21   1   136   0   0   0  11
horner,dennis     njn PF  8   23    1    4   0   1   3    4   2    5    0   0   1   0   1   0     5   0   0   0   0
howard,dwight     orl  C 54 2070  416  726   0   7 281  572 200  785  104  81 175 116 159   2  1113  11   0   0  54
howard,josh       uta SF 43  992  144  361   9  37  75   97  39  158   50  32  53  10  91   1   372   2   0   0  18
howard,juwan      mia PF 28  192   17   55   0   0   8   10  18   47   10   4  20   1  18   0    42   2   0   0   0
hudson,lester     na  PG 16  334   62  162  16  64  34   41   7   46   36  14  32   3  26   0   174   0   0   0   0
hughes,larry      orl SG  9  114    5   22   1   7   1    2   1    5    7   2  12   0  10   0    12   0   0   0   0
humphries,kris    njn PF 62 2159  323  671   0   0 209  278 233  681   90  50 119  74 173   2   855   3   0   0  62
ibaka,serge       okl PF 66 1791  262  490   1   3  78  118 193  498   28  33  79 241 179   1   603   4   0   0  66
iguodala,andre    phi SF 62 2210  287  633  76 193 121  196  56  381  339 107 115  30  92   0   771   2   0   0  62
ilyasova,ersan    mil PF 60 1657  294  597  51 112 143  183 196  529   71  42  76  44 133   2   782   0   0   0  41
irving,kyrie      cle PG 51 1561  350  747  73 183 171  196  44  191  275  54 160  20 110   0   944   0   0   0  51
ivey,royal        okl PG 34  359   26   73  18  53   1    8   1   24   10  14   9   0  36   0    71   0   0   0   0
jack,jarrett      nor PG 45 1529  266  583  39 112 129  148  23  176  284  31 106   9  93   0   700   2   0   0  39
jackson,reggie    okl SG 45  498   51  159  13  62  25   29  14   53   71  25  36   1  31   0   140   0   0   0   0
jackson,stephen   san SF 47 1214  159  425  49 170  94  114  22  163  118  54 103  13  99   1   461   6   0   0  14
james,damion      njn SF  7  173   13   35   0   1   8   12   7   33    3   7  12   7  17   0    34   0   0   0   7
james,lebron      mia SF 62 2326  621 1169  54 149 387  502  94  492  387 115 213  50  96   0  1683   3   0   0  62
james,mike        chi PG 11  121   20   49   6  10   7    8   2   10   29   4  14   2  20   2    53   0   0   0   0
jamison,antawn    cle PF 65 2149  421 1044  91 267 185  271 123  408  131  51  90  42 164   0  1118   0   0   0  65
jefferson,al      uta  C 61 2073  516 1048   1   4 137  177 133  585  134  47  62 101 155   2  1170   1   0   0  61
jefferson,richar  gsw SF 63 1750  203  488 113 269  59   85  26  219   88  37  50  18 121   0   578   0   0   0  44
jeffries,jared    nyk PF 39  730   59  144   3  16  49   72  69  152   26  29  29  25  89   0   170   0   0   0   4
jenkins,charles   gsw PG 51  895  130  291   3  20  34   39   8   68  170  33  60   6  85   0   297   0   0   0  28
jennings,brandon  mil PG 66 2336  470 1122 129 388 193  239  49  226  364 105 146  22 114   0  1262   4   0   0  66
jerebko,jonas     det PF 64 1468  212  453  32 106 100  124  96  308   43  41  66  21 162   3   556   2   0   0  13
jianlian,yi       dal PF 34  204   32   73   2   9  26   33  10   41   36  10  28   4  23   0    92   0   0   0   0
johnson,amir      tor  C 64 1554  196  340   2   5  58   84 149  408   79  33  94  69 208   2   452   0   0   0  43
johnson,armon     na  PG  9  125   20   43   1   3   6    6   1   13   11   5   6   0   9   0    47   0   0   0   0
johnson,carldell  nor PG 15  118   11   35   4  15   1    3   1    9   22   8   7   0  11   0    27   0   0   0   0
johnson,chris     na   C 27  180   20   41   0   0  15   19  15   40    2   6  15   9  33   0    55   1   0   0   0
johnson,ivan      atl PF 56  936  141  275   2   6  72  100  65  226   32  43  69  18 116   2   356   5   0   0   0
johnson,jajuan    bos SF 36  299   54  121   0   0   6    9  20   58    6   5  14  14  25   0   114   0   0   0   0
johnson,james     tor SF 62 1559  233  518  19  60  81  115  74  292  122  71 101  83 177   3   566   0   0   0  40
johnson,joe       atl SG 60 2125  424  933 125 322 158  186  54  221  231  47 116  13  75   0  1131   0   0   0  60
johnson,trey      nor SG 11   60    8   14   0   0   5    5   3   12    4   1   5   0  10   0    21   0   0   0   0
johnson,wesley    min SF 65 1471  158  397  53 169  24   34  24  177   59  35  60  48 115   0   393   0   0   0  64
jones,dahntay     ind SG 65 1053  114  280  33  77  83   99  23  117   63  23  46  11 119   0   344   4   0   0   3
jones,dominique   dal SG 29  268   28   82   2   9  17   25  11   52   11   7  14   9  28   0    75   0   0   0   1
jones,james       mia SF 51  666   57  150  46 114  25   30   6   49   19  17  10   9  45   0   185   0   0   0  10
jones,solomon     na  SG 21  294   24   61   0   0  19   23  32   58    9   9  18  11  43   1    67   0   0   0   1
jordan,deandre    lac  C 66 1795  206  326   0   1  74  141 202  546   17  30  74 135 189   1   486   7   0   0  66
jordan,jerome     nyk  C 21  109   17   33   0   0   8   10  14   27    4   1   2   6  15   0    42   0   0   0   0
joseph,cory       san PG 29  269   22   70   3  15  11   17   5   25   34   7  12   3  16   0    58   0   0   0   1
kaman,chris       nor  C 47 1375  266  597   0   0  84  107  89  363  101  25 129  77 106   0   616   5   0   0  33
kanter,enes       uta PF 66  872  117  236   0   1  70  105 107  278    8  18  54  23  87   0   304   1   0   0   0
kapono,jason      lal SF 27  268   21   55   8  27   4    4   2   14   11   3   6   0  21   0    54   0   0   0   0
kennedy,d.j.      cle SG  2   59    5   12   2   4   0    2   1    7    3   2   3   0   7   0    12   0   0   0   0
kidd,jason        dal PG 48 1354   99  273  79 223  22   28  15  197  264  82  91  10  79   0   299   0   0   0  47
kleiza,linas      tor SF 49 1054  165  410  62 179  81  100  42  199   46  23  64   4 119   0   473   6   0   0   3
knight,brandon    det PG 66 2131  319  769 105 276 104  137  33  211  251  49 171  10 154   0   847   0   0   0  60
korver,kyle       chi SG 65 1472  178  412 118 272  55   66  26  159  113  36  53  15 110   0   529   0   0   0   7
koufos,kosta      den  C 48  794  115  192   0   0  33   55  95  257   15  24  32  41  96   1   263   1   0   0  24
landry,carl       nor PF 41 1001  182  361   0   3 147  184  78  214   38  13  65  12  89   0   511   2   0   0   8
lawson,ty         den PG 61 2126  373  765  73 199 178  216  54  227  399  82 149   6  94   0   997   0   0   0  61
lee,courtney      hou SG 58 1763  251  580  87 217  71   86  26  159   89  68  65  22 106   1   660   0   0   0  26
lee,david         gsw PF 57 2123  464  922   0   5 219  280 171  544  162  55 149  22 179   6  1147   4   0   0  57
lee,malcolm       min SG 19  244   23   59   2  10  14   17   9   26   31   8  17   4  22   0    62   0   0   0   0
leonard,kawhi     san SF 64 1538  199  404  41 109  68   88 104  327   70  85  44  23  88   0   507   0   0   0  39
leslie,travis     lac PG 10   46    5   14   0   0   4    9   6    9    5   2   2   2   4   0    14   0   0   0   0
leuer,jon         mil PF 46  559   97  191   3   9  21   28  45  120   25  14  18  17  67   0   218   0   0   0  12
lewis,rashard     was PF 28  730   85  221  16  67  31   37  34  110   27  23  32  10  49   0   217   0   0   0  15
liggins,deandre   orl SG 17  116   12   25   0   4   9   19   6   15    5   6  10   0   6   0    33   0   0   0   0
lin,jeremy        nyk PG 35  943  171  383  24  75 146  183  18  107  215  55 126   9  78   1   512   0   0   0  25
livingston,shaun  mil PG 58 1088  127  271   2   3  62   79  39  123  122  27  66  20  79   0   318   1   0   0  27
lopez,brook       njn  C  5  136   38   77   0   0  20   32   8   18    6   1   6   4   8   0    96   0   0   0   5
lopez,robin       pho  C 64  896  124  269   0   0 100  140  90  209   20  18  43  60 128   1   348   5   0   0   0
love,kevin        min PF 55 2148  474 1059 105 282 379  460 226  735  111  47 128  28 153   0  1432   4   0   0  55
lowry,kyle        hou PG 47 1511  210  513  79 211 171  198  38  214  310  73 130  13 133   0   670   4   0   0  38
lucas,john        chi PG 49  728  143  359  55 141  28   32  22   76  108  19  42   1  42   0   369   1   0   0   2
mack,shelvin      was PG 64  776   88  220  12  42  42   59  12   91  131  28  48   2  50   0   230   0   0   0   0
macklin,vernon    det PF 23  138   19   35   0   0   8   14  14   34    5   4   3   4   9   0    46   1   0   0   0
maggette,corey    cha SF 32  880  139  373  24  66 178  208  21  125   39  23  59   1  83   0   480   3   0   0  28
magloire,jamaal   tor  C 34  375   17   45   0   0   7   27  25  113    6   4  22  10  66   0    41   2   0   0   1
mahinmi,ian       dal  C 61 1109  130  238   0   1  94  147 108  289   12  38  50  31 174   2   354   1   0   0  11
marion,shawn      dal SF 63 1921  288  646  20  68  74   93 145  465  132  68  98  35  87   0   670   0   0   0  63
martin,cartier    was SF 17  394   59  134  29  75  11   19  12   58   10  11  13   2  35   0   158   0   0   0   2
martin,kenyon     lac PF 42  938   97  220   3  13  20   54  49  181   18  44  32  43 103   0   217   7   0   0   0
martin,kevin      hou SG 40 1262  222  537  78 225 160  179  13  106  110  28  70   3  70   0   682   0   0   0  40
mason,roger       was SG 52  697  103  258  59 154  21   27   7   69   47  13  32   5  33   0   286   0   0   0   0
matthews,wesley   por SG 66 2225  314  763 129 337 147  171  56  224  113  96  73  15 148   0   904   4   0   0  53
maxiell,jason     det PF 65 1472  183  383   0   2  58  106 126  333   41  32  71  50 151   0   424   4   0   0  42
maynor,eric       okl PG  9  137   14   39   6  17   4    4   3   13   22   5  11   0  13   0    38   0   0   0   0
mayo,o.j.         mem SG 66 1775  300  736 100 275 133  172  30  210  169  72 124  23 137   2   833   5   0   0   0
mbah_a_moute,luc  mil SF 43 1009  133  261   1   4  66  103  77  227   29  40  39  22  93   1   333   1   0   0  22
mcgee,javale      den  C 61 1535  307  552   0   0  77  167 163  477   30  35  87 132 166   0   691   0   0   0  45
mcgrady,tracy     atl SG 52  838  101  231  15  33  56   83  23  154  110  16  53  15  35   0   273   2   0   0   0
mcguire,dominic   gsw SF 64 1126   94  210   0   4  39   53  73  246  110  44  56  36 104   1   227   0   0   0   6
mcroberts,josh    lal PF 50  722   56  118   3   7  23   36  61  171   51  15  31  18  74   0   138   3   0   0   6
meeks,jodie       phi SG 66 1648  191  467  97 266  77   85  17  161   54  40  29   3  82   0   556   0   0   0  50
miles,c.j.        uta SF 56 1147  177  465  46 150 108  136  27  116   69  47  53  17 122   1   508   0   0   0  14
milicic,darko     min  C 29  472   59  130   0   0  16   37  35   97   17   9  32  25  59   2   134   0   0   0  23
miller,andre      den PG 66 1808  242  552  18  83 137  169  53  221  442  63 177   9 133   0   639   4   0   0   7
miller,brad       min  C 15  147    9   27   7  15  10   12   4   19   24   4  12   2  10   0    35   1   0   0   1
miller,mike       mia SG 39  754   91  209  53 117   2    5  22  127   42  15  30   6  58   0   237   1   0   0   2
mills,patrick     san PG 16  261   63  130  24  56  15   15   4   28   39  10  26   1  14   0   165   0   0   0   3
millsap,paul      uta PF 64 2103  426  861   7  31 202  255 180  563  150 118 112  53 222   5  1061   3   0   0  62
mohammed,nazr     okl  C 63  690   79  170   0   2  13   23  59  170   14  20  26  37 101   0   171   2   0   0   1
monroe,greg       det  C 66 2082  407  781   0   1 201  272 239  637  152  84 161  46 180   1  1015   4   0   0  66
moon,jamario      cha SF  8  124    7   24   2  10   2    2   2   22    5   1   8   5   5   0    18   0   0   0   0
moore,e'twaun     bos SG 38  332   43  114  17  45   7    7   4   33   34  11  21   3  33   0   110   0   0   0   0
moore,mikki       gsw PF  7  119    9   20   0   0   6    7   7   22    5   3   7   3  24   0    24   0   0   0   0
morris,darius     lal SG 19  170   18   42   4   9   6    9   2   16   21   2  19   0  16   0    46   1   0   0   0
morris,marcus     hou PF 17  125   16   54   2  17   6    8   5   16    3   2   4   2  12   0    40   0   0   0   0
morris,markieff   pho PF 63 1229  174  436  43 124  76  106  69  279   65  41  70  42 179   2   467   2   0   0   7
morrow,anthony    njn SG 62 1634  272  658 106 286  97  104  31  127   61  46  70   9  86   0   747   2   0   0  18
mozgov,timofey    den  C 44  688  100  190   0   0  39   57  53  179   22  15  53  42  86   0   239   0   0   0  35
mullens,byron     cha  C 65 1466  251  591  12  51  92  112  96  327   57  21  74  52 137   0   606   3   0   0  25
murphy,troy       lal PF 59  954   77  171  28  67   6    9  40  191   51  15  26  16  98   1   188   0   0   0   0
najera,eduardo    cha PF 22  270   24   64   8  29   2    4  11   50   11  19   7   4  40   0    58   0   0   0   0
nash,steve        pho PG 62 1959  295  555  55 141 127  142  26  185  664  38 229   8  53   0   772   5   0   0  62
ndiaye,hamady     was  C  3    3    0    1   0   0   0    0   0    0    0   0   0   0   0   0     0   0   0   0   0
neal,gary         san PG 56 1203  212  486  83 198  50   64  12  118  117  27  60   2  75   0   557   1   0   0   7
nelson,jameer     orl PG 57 1711  259  606  87 231  71   88  29  181  325  39 136   4 130   1   676   2   0   0  57
noah,joakim       chi  C 64 1943  249  489   0   1 154  206 241  628  159  41  92  92 162   1   652   5   0   0  64
nocioni,andres    phi SF 11   56    5   20   1   6   6   11   1   14    1   1   5   1   4   0    17   1   0   0   1
novak,steve       nyk SF 54 1020  161  338 133 283  22   26   9  104   12  16  21   9  59   0   477   0   0   0   0
nowitzki,dirk     dal PF 62 2042  473 1035  78 212 318  355  46  419  136  42 117  30 127   0  1342   8   0   0  61
o'neal,jermaine   bos  C 25  567   52  120   0   0  21   31  37  135   10   8  21  42  80   1   125   3   0   0  24
odom,lamar        dal PF 50 1006  123  349  28 111  58   98  36  208   83  20  51  18  95   0   332   3   0   0   4
okafor,emeka      nor  C 27  781  114  214   0   0  38   74  70  214   24  16  37  26  73   0   266   0   0   0  27
okur,mehmet       njn  C 17  453   52  139  23  72   3    5  22   81   30   9  25   5  45   0   130   0   0   0  14
orton,daniel      orl PF 16  187   17   30   0   1  11   25  19   39    5   8   7   9  30   0    45   0   0   0   2
outlaw,travis     sac SF 39  496   60  175  16  60  31   46  19   61   16  19  20  21  34   0   167   0   0   0   5
owens,larry       njn SF  7   76    4   11   2   5   3    4   2   13    4   0   2   1  10   0    13   0   0   0   0
pachulia,zaza     atl  C 58 1639  169  340   0   0 117  158 154  456   79  54  81  28 172   1   455   3   0   0  44
pargo,jannero     atl PG 50  671  106  254  53 138  19   20   9   73   96  20  49   2  64   0   284   0   0   0   0
pargo,jeremy      mem PG 44  428   50  150  10  38  16   27  12   37   55  15  46   0  45   0   126   0   0   0   5
parker,anthony    cle SG 51 1277  141  326  50 138  35   56  10  138  120  38  50   7  65   0   367   0   0   0  51
parker,tony       san PG 60 1923  427  890  14  61 227  284  22  171  463  57 153   5  75   0  1095   0   0   0  60
parsons,chandler  hou SF 62 1802  248  549  60 178  43   78  90  299  134  73  80  30 142   1   599   1   0   0  57
patterson,patric  hou PF 64 1488  225  511   0   3  40   57 112  286   53  27  49  36 113   0   490   0   0   0   1
paul,chris        lac PG 60 2182  425  891  79 213 260  302  42  213  543 151 124   4 138   0  1189   8   0   0  60
pavlovic,sasha    bos SF 45  528   50  128  17  58   3    8   5   72   18  20  20  15  54   0   120   1   0   0   7
pekovic,nikola    min  C 47 1266  256  454   0   0 139  187 182  347   31  29  88  31  98   0   651   0   0   0  35
pendergraph,jeff  ind PF 20  105   15   36   0   0   4    7  12   33    4   3   2   2  16   0    34   0   0   0   1
perkins,kendrick  okl  C 65 1742  128  262   0   0  73  112 120  426   78  25 118  73 189   2   329  17   0   0  65
petro,johan       njn  C 59  925  109  260   1   1  31   37  68  224   45  21  38  23 122   0   250   0   0   0  10
pierce,paul       bos SF 61 2073  394  890 100 273 293  344  37  317  274  70 173  26 147   1  1181   5   0   0  61
pietrus,mickael   bos SF 42  922  104  270  61 182  20   31  18  130   25  21  33  10  81   0   289   2   0   0   6
pittman,dexter    mia  C 35  300   44   94   0   0  18   28  27   71    9   8  17   8  73   1   106   2   0   0   6
pondexter,quincy  mem SF 64 1004  108  239  22  73  33   53  55  126   27  27  30   5  90   0   271   2   0   0   8
price,a.j.        ind PG 44  568   59  174  26  88  28   35  13   61   86  20  32   2  30   0   172   0   0   0   1
price,ronnie      pho PG 36  518   49  130  13  44  20   25  18   56   67  34  46   3  72   0   131   2   0   0   8
prince,tayshaun   det SF 63 2093  336  797  37 104  89  115  72  281  153  27  74  33  77   0   798   1   0   0  63
przybilla,joel    por  C 27  448   22   48   0   0  11   18  29  138    6   4  22  16  66   0    55   3   0   0  19
radmanovic,vladi  atl SF 49  752   74  197  50 135  22   29  34  143   53  23  35  15  63   0   220   0   0   0   3
randolph,anthony  min PF 34  518   94  200   0   1  64   84  42  123   19  13  40  35  56   1   252   1   0   0   5
randolph,zach     mem PF 28  737  132  285   2   8  58   88  78  225   48  21  40   4  57   0   324   0   0   0   8
redd,michael      pho SG 51  770  144  360  42 132  88  111  14   77   33  13  37   0  29   0   418   0   0   0   2
redick,j.j.       orl SG 65 1764  248  584 112 268 143  157  18  150  164  27  68   6  92   0   751   4   0   0  22
reid,ryan         okl PF  5   18    4    5   0   0   0    0   1    2    0   0   1   0   1   0     8   1   0   0   0
richardson,jason  orl SG 54 1590  243  596 102 277  41   69  36  194  107  53  60  22  91   0   629   1   0   0  54
richardson,quent  orl SG 48  864   74  197  42 121  25   30  15  123   38  28  29   6  74   2   215   4   0   0   3
ridnour,luke      min PG 53 1754  242  550  49 152 106  119  19  141  252  56  95  16 136   1   639   0   0   0  53
robinson,nate     gsw PG 51 1194  205  484  66 181  94  113  15  100  231  59  75   1 118   0   570   3   0   0   9
rondo,rajon       bos PG 53 1954  256  572  10  42 108  181  62  257  620  95 193   3  99   0   630   8   0   0  53
rose,derrick      chi PG 39 1373  302  695  54 173 194  239  26  131  307  35 119  28  52   0   852   1   0   0  39
rubio,ricky       min PG 41 1402  139  389  32  94 126  157  21  171  336  91 131   8  97   0   436   2   0   0  31
rush,brandon      gsw SG 65 1720  235  469  99 219  65   82  33  250   88  35  68  58  64   0   634   0   0   0   1
russell,walker    det PG 28  358   33   96   4  13  14   22   7   26   58  18  33   1  29   0    84   0   0   0   0
salmons,john      sac SG 46 1252  141  345  33 112  29   45  20  134   93  38  45   7  77   0   344   0   0   0  32
samuels,samardo   cle PF 54  825  105  231   0   0  82  117  64  181   20  20  56  20 113   2   292   0   0   0   0
sanders,larry     mil PF 52  647   84  184   0   2  18   38  62  160   33  32  43  76 133   3   186   5   0   0   0
scalabrine,brian  chi PF 28  124   14   30   1   7   3    6   8   21   14   5   9   6   9   0    32   0   0   0   0
scola,luis        hou PF 66 2066  436  888   0   3 153  198 122  428  140  35 153  24 214   1  1025   1   0   0  66
sefolosha,thabo   okl SG 42  912   67  155  31  71  38   43  21  128   46  37  40  17  78   0   203   1   0   0  42
selby,josh        mem PG 28  237   25   72   2  15  11   14   2   15   30   7  29   0  17   0    63   0   0   0   0
seraphin,kevin    was PF 57 1176  202  381   0   1  47   70 103  280   33  19  66  76 133   1   451   2   0   0  21
sessions,ramon    lal PG 64 1707  242  565  43  97 194  248  33  214  354  44 141   3 100   0   721   1   0   0  23
shumpert,iman     nyk PG 59 1705  214  533  48 157  87  109  42  186  165 101 111   8 173   1   563   3   0   0  35
silas,xavier      phi SG  2   39    4   15   1   6   2    3   2    4    3   0   3   0   5   0    11   0   0   0   0
simmons,bobby     lac SF 28  420   28   90  20  60   4    7  17   55   11  15  10   3  41   1    80   1   0   0   0
singleton,chris   was SF 66 1434  116  312  44 127  30   44  43  233   49  70  38  30 176   1   306   0   0   0  51
singleton,james   was PF 12  262   41   75   2   9  14   15  25   81   15   9  10   8  27   0    98   0   0   0   0
skinner,brian     mem PF  1    4    0    1   0   0   0    0   0    0    0   0   0   0   1   0     0   0   0   0   0
sloan,donald      na  PG 33  669   79  198   2  25  23   30  18   67  105  13  49   3  37   0   183   0   0   0  11
smith,craig       por PF 47  467   59  117   0   1  38   53  33  110   19  16  24   5  55   0   156   0   0   0   0
smith,gregory     hou PF  8   69    7   11   0   0   0    0   5   20    1   2   1   5  17   0    14   0   0   0   0
smith,ishmael     na  PG 26  236   31   81   3   9   7   10   7   35   41  15  13   2  15   0    72   1   0   0   1
smith,j.r.        nyk SG 35  966  165  405  67 193  39   55  29  136   84  54  46   6  87   0   436   3   0   0   1
smith,jason       nor PF 40  947  181  348   1   9  33   47  72  196   34  21  40  41 102   0   396   2   0   0  29
smith,jerry       njn SG  5   46    3   14   1   6   0    0   2    7    4   5   0   0   5   0     7   0   0   0   0
smith,josh        atl PF 66 2329  503 1100  28 109 203  322 136  632  257  93 164 116 172   3  1237  11   0   0  66
smith,nolan       por PG 44  540   67  180  13  45  20   28  17   56   62  18  42   3  55   0   167   1   0   0   4
speights,marrees  mem  C 60 1344  221  488   0   3  84  109 133  374   48  21  74  29 147   2   526   4   0   0  54
splitter,tiago    san PF 59 1119  212  343   0   0 125  181  93  306   65  21  87  47 134   0   549   0   0   0   2
stackhouse,jerry  atl SG 30  271   37  100  13  38  21   23   6   23   14  11  13   3  12   0   108   1   0   0   0
stephenson,lance  ind SG 42  444   47  125   4  30   8   17  12   53   46  21  36   5  30   0   106   0   0   0   1
stevenson,deshaw  njn SG 51  960   49  172  41 145   9   16   7  101   41  19  19   4  59   0   148   0   0   0  30
stiemsma,greg     bos  C 55  768   66  120   0   0  29   41  48  177   29  37  33  85 144   4   161   3   0   0   3
stone,julyan      den SG 22  180   13   31   2  11   8   11   5   25   37   8  11   6  18   0    36   0   0   0   2
stoudemire,amare  nyk PF 47 1544  316  655   5  21 186  243 106  367   50  38 112  45 138   1   823   9   0   0  47
stuckey,rodney    det SG 55 1644  256  597  33 104 267  320  38  142  210  44 106  10 124   2   812   2   0   0  48
summers,dajuan    nor SF 15  208   28   65   5  16   7    9   8   23   10   7   8   0  31   1    68   0   0   0   6
teague,jeff       atl PG 66 2185  320  671  51 149 140  185  21  159  322 106 134  37 145   0   831   2   0   0  66
telfair,sebastia  pho PG 60  896  141  342  33 105  53   67  20   92  138  41  68  12 120   0   368   6   0   0   1
terry,jason       dal SG 63 1965  357  829 138 365  98  111  16  149  226  73 128  11  68   0   950   2   0   0   1
thabeet,hasheem   na   C 20  140   11   21   0   0  13   20  16   42    0   1   8  10  20   0    35   0   0   0   3
thomas,isaiah     sac PG 65 1658  256  569  83 218 154  185  49  169  266  53 106   8 121   0   749   1   0   0  37
thomas,kurt       por  C 53  799   73  157   0   0  14   20  39  188   46  24  31  31 123   0   160   1   0   0   3
thomas,lance      nor SF 42  627   58  127   0   1  52   62  49  126   12  10  24   7  78   0   168   0   0   0  10
thomas,malcom     san PF  3   14    0    3   0   0   1    2   1    3    1   1   0   1   0   0     1   0   0   0   0
thomas,tyrus      cha PF 54 1014  120  327   1   3  63   83  49  200   35  36  53  60 144   2   304   3   0   0  30
thompkins,trey    lac PF 24  121   24   61   4  13   5    7   4   24    3   3   6   3  10   0    57   0   0   0   0
thompson,jason    sac  C 64 1661  237  443   0   2 109  181 166  443   79  42  68  44 149   1   583   6   0   0  47
thompson,klay     gsw SG 66 1612  318  718 111 268  79   91  24  161  132  49 103  20 155   0   826   0   0   0  29
thompson,mychel   cle  C  5   95    7   24   4  11   0    0   0    5    7   2   5   1   8   0    18   0   0   0   3
thompson,tristan  cle PF 60 1420  194  442   0   2 108  194 186  388   27  27  82  62 134   1   496   0   0   0  25
thornton,marcus   sac PG 51 1779  352  804 107 310 141  163  84  188   98  70  84  12 111   3   952   3   0   0  51
tinsley,jamaal    uta PG 37  506   57  141  10  37  13   17   6   45  123  17  51   8  46   0   137   0   0   0   1
tolliver,anthony  min  C 51  887   71  182  25 101  41   55  50  153   22  18  35  19  86   1   208   0   0   0   0
turiaf,ronny      mia  C 17  278   19   33   0   1  13   22  20   70   10  14  14  17  39   0    51   0   0   0   5
turkoglu,hedo     orl SF 53 1657  209  504  91 258  67   95  24  199  233  45 142  17 139   0   576   3   0   0  53
turner,evan       phi SG 65 1713  263  589  11  49  73  108  27  376  180  40 106  19 117   1   610   3   0   0  20
tyler,jeremy      gsw PF 42  569   88  209   0   1  29   52  54  140   16  16  36  20  84   1   205   2   0   0  23
ubiles,edwin      was SG  4   52    5   18   1   5   3    3   2   10    1   1   1   1   1   0    14   0   0   0   0
udoh,ekpe         na   C 61 1293  127  295   0   2  86  114 100  254   57  40  53 102 174   1   340   0   0   0  11
udrih,beno        mil PG 59 1081  146  332  17  59  39   55  26  102  227  37  77   1  69   0   348   0   0   0   0
uzoh,ben          na  PG 18  370   35   99   0   1  11   19  19   67   61  17  19   3  31   0    81   0   0   0   8
varejao,anderson  cle  C 25  784  114  222   0   4  43   64 109  287   44  35  45  17  62   0   271   2   0   0  25
vasquez,greivis   nor SG 66 1705  225  522  43 135  96  117  23  173  359  60 148   9 126   1   589   1   0   0  26
vesely,jan        was PF 57 1077  117  218   0   1  33   62 101  249   47  39  60  32 156   1   267   0   0   0  20
villanueva,charl  det PF 13  180   35   91  15  45   6    7   9   48    6   7   7   5  25   0    91   1   0   0   0
vucevic,nikola    phi PF 51  813  131  291   3   8  18   34  88  246   31  20  33  34 111   0   283   0   0   0  15
wade,dwyane       mia SG 49 1629  416  837  15  56 235  297  73  237  225  82 129  63 110   1  1082   6   0   0  49
wafer,von         orl SG 33  468   71  157  14  39  38   54   6   45   29  10  35   3  26   0   194   1   0   0   1
walker,bill       nyk SG 32  622   68  171  36 113  17   20   9   80   38  19  35   7  84   1   189   0   0   0   8
walker,kemba      cha PG 66 1790  281  767  69 226 168  213  30  234  290  60 119  21  79   0   799   2   0   0  25
wall,john         was PG 66 2388  378  894   3  42 317  402  47  299  530  95 255  57 137   0  1076   8   0   0  66
wallace,ben       det  C 62  984   34   86   1   4  16   47  81  269   43  47  34  51  60   0    85   1   0   0  11
wallace,gerald    njn SF 58 2076  287  632  46 150 180  225  87  386  164  85 111  36 145   1   800   3   0   0  58
walton,luke       cle SF 30  365   24   65   7  20   0    0  13   49   35   5  27   1  41   0    55   0   0   0   0
warrick,hakim     pho PF 35  502   74  180   1  10  76   99  31   92   30   8  36   3  35   0   225   1   0   0   0
watkins,darryl    nor  C  5   98    7   14   0   0   9   18   8   27    3   5   8   4  14   0    23   0   0   0   0
watson,c.j.       chi PG 49 1157  161  437  68 173  84  104  21  105  200  45  97   8 103   0   474   1   0   0  25
watson,earl       uta PG 50 1035   54  160  10  52  31   46  30  121  217  54  85  22 105   0   149   3   0   0   2
webster,martell   min SF 47 1144  115  272  37 109  57   72  42  168   40  31  46  17  86   0   324   0   0   0  26
west,david        ind PF 66 1925  350  717   2   9 142  176 118  433  139  52  93  46 160   0   844   4   0   0  66
west,delonte      dal SG 44 1059  166  360  27  76  62   70  13  101  139  58  76  11  67   0   421   6   0   0  33
westbrook,russel  okl PG 66 2334  578 1265  62 195 340  413  96  301  363 112 239  20 147   0  1558  11   0   0  66
white,d.j.        cha PF 58 1097  174  353   1   1  43   61  50  209   47  17  43  23  94   0   392   1   0   0  11
whiteside,hassan  sac PF 18  108   12   26   0   0   5   12  16   39    0   4   6  15  12   0    29   0   0   0   0
wilcox,chris      bos PF 28  481   64  107   0   0  24   39  38  122   12  11  30   9  64   0   152   2   0   0   4
wilkins,damien    det SF 60  922   76  193   7  23  34   54  22  100   44  28  30  13  85   0   193   0   0   0   2
williams,deron    njn PG 55 1996  391  961 115 342 257  305  23  183  481  67 219  20 121   1  1154   8   0   0  55
williams,derrick  min PF 66 1420  205  498  37 138 136  195  77  311   38  30  77  31  94   0   583   1   0   0  15
williams,elliot   por SG 24  150   37   74   8  27   6   18   7   19    6   6   5   3  18   0    88   0   0   0   0
williams,jordan   njn PF 43  637   77  152   0   0  43   66  66  156   11  21  23  15  61   0   197   0   0   0   5
williams,lou      phi PG 64 1682  318  782  83 229 237  292  30  155  221  53  71  18  90   0   956   1   0   0   0
williams,marvin   atl SF 57 1500  202  469  58 149 115  146  76  294   71  47  39  17  84   0   577   0   0   0  37
williams,mo       lac PG 52 1472  260  611  93 239  72   80  23   99  160  51  86   7 103   0   685   5   0   0   1
williams,reggie   cha SF 33  746  106  256  33 107  29   40  27   93   60  20  33   3  34   0   274   0   0   0  13
williams,sean     na  PF 11  106   14   22   0   0  12   13  13   25    5   4  10   8  18   0    40   1   0   0   0
williams,shawne   njn ?? 25  517   42  147  21  87   8   11  20   68   16  10  13  11  44   1   113   3   0   0   6
williams,shelden  njn PF 58 1281   96  199   0   0  76  104 141  350   35  47  67  39 149   0   268   1   0   0  35
williams,terrenc  sac SF 30  549   85  198  16  46  27   46  13  102   65  20  43   7  35   0   213   0   0   0   0
wright,brandan    dal PF 49  776  144  233   0   1  52   82  62  174   13  22  21  63  60   0   340   0   0   0   0
wright,chris      gsw SF 24  188   23   45   0   0  24   31  19   45    4   7   8  13  22   0    70   1   0   0   1
wright,dorell     gsw SF 61 1647  222  526 105 292  80   98  60  278   94  58  51  26  97   0   629   1   0   0  61
young,nick        lac SG 62 1729  316  783 103 282 144  169  31  133   56  44  83  17 141   0   879   2   0   0  35
young,sam         phi SF 35  374   45  127   5  17  19   26  20   62   15  17  16   6  23   0   114   0   0   0   2
young,thaddeus    phi PF 63 1755  348  687   1   4 111  144 137  325   74  64  55  41 127   3   808   0   0   0   1
