Player           Team PS GP  Min  FGM  FGA  3M  3A FTM  FTA  OR   TR   AS  ST  TO  BK  PF  DQ   PTS  TC  EJ  FF Sta
acy,quincy        tor PF 29  341   42   75   1   2  31   38  30   77   11  13  17  15  53   0   116   5   0   0   0
adrien,jeff       cha SF 52  712   72  168   0   2  65  100  68  196   36  18  32  27  80   0   209   0   0   0   5
afflalo,arron     orl SG 64 2307  397  904  72 239 191  223  29  239  206  40 138  11 137   1  1057   4   0   0  64
akognon,josh      dal PG  3    9    2    4   1   2   0    0   0    1    1   0   0   0   3   0     5   0   0   0   0
aldrich,cole      sac  C 45  390   44   80   0   0  12   20  30  120    9   5  23  23  60   0   100   0   0   0   0
aldridge,lamarcu  por PF 74 2788  637 1317   2  14 282  348 175  670  192  62 143  91 187   1  1558   3   0   0  74
allen,lavoy       phi PF 79 1668  206  454   0   1  43   60 160  396   73  24  55  55 180   1   455   0   0   0  37
allen,ray         mia SG 79 2033  292  651 139 332 140  158  40  217  135  67 103  15 129   0   863   1   0   0   0
allen,tony        mem PG 79 2112  284  638   3  24 134  187 121  363   98 120  94  44 211   1   705   3   0   0  79
aminu,al-farouq   nor SF 76 2067  225  474   4  19 101  137 139  585  102  92 116  51 153   0   555   1   0   0  71
amundson,lou      nor PF 39  374   32   81   0   0  12   36  48  106   11  16  19  12  53   0    76   1   0   0   0
andersen,chris    mia  C 42  626   71  123   2   3  63   93  57  172   17  16  24  44  89   0   207   0   0   0   0
anderson,alan     tor SF 65 1493  236  616  95 285 126  147  34  148  103  48  80   7 131   1   693   3   0   0   2
anderson,james    hou SG 39  403   52  126  21  60  24   28  18   72   42  15  25   5  25   0   149   0   0   0   2
anderson,ryan     nor PF 81 2506  472 1114 213 557 152  180 191  519   97  42  97  31 179   2  1309   2   0   0  22
anthony,carmelo   nyk SF 67 2482  669 1489 157 414 425  512 134  460  171  52 175  32 205   1  1920  15   0   0  67
anthony,joel      mia  C 62  566   35   68   0   0  17   28  45  115   13  13  22  42  49   0    87   0   0   0   3
ariza,trevor      was SF 56 1475  188  451  76 209  78   95  44  266  114  72  84  20  72   0   530   0   0   0  15
artest,ron        lal SF 75 2531  332  824 141 412 124  169 101  372  112 122  98  42 198   4   929   7   0   0  66
arthur,darrell    mem SF 59  971  162  358   5  18  33   46  68  169   33  24  44  33 126   1   362   0   0   0   3
asik,omer         hou  C 82 2464  331  613   0   1 168  299 275  956   76  48 173  87 223   2   830   1   0   0  82
augustin,d.j.     ind PG 76 1225  103  294  67 190  83   99  20   91  170  34  68   3  64   0   356   1   0   0   5
ayon,gustavo      mil  C 55  736   92  167   0   0  20   50  60  199   71  22  47  17 107   0   204   0   0   0   3
babbitt,luke      por SF 62  731   86  234  62 178  10   13  15  137   29  14  22   5  82   1   244   0   0   0   0
barbosa,leandro   bos PG 41  513   83  193  18  47  31   41   8   46   58  17  21   6  51   0   215   0   0   0   2
barea,jose_juan   min PG 74 1714  316  757  97 280 105  134  34  207  294  32 145   1 131   1   834   6   0   0   2
bargnani,andrea   tor PF 35 1004  170  425  38 122  65   77  26  128   37  21  54  23  64   0   443   0   0   0  25
barnes,harrison   gsw SF 81 2061  276  628  52 145 144  190  53  333   98  52 101  14 140   0   748   2   0   0  81
barnes,matt       lac SF 80 2060  312  675 111 325  87  117 111  366  123  82  90  63 233   3   822  10   0   0   4
barron,earl       na   C 12  159   18   51   0   0   3    7  22   61    5   5  11   6  24   0    39   0   0   0   2
barton,will       por PG 73  890  118  309   9  65  50   65  36  145   58  34  60   9  56   0   295   0   0   0   5
bass,brandon      bos PF 81 2240  286  589   0   2 129  150 129  425   84  44  80  64 188   1   701   0   0   0  69
battier,shane     mia SF 72 1788  152  362 136 316  32   38  37  165   72  41  34  55 149   1   472   1   0   0  20
batum,nicolas     por SF 73 2805  352  833 165 444 178  210  97  412  360  91 190  83 139   0  1047   1   0   0  73
bayless,jerryd    mem PG 80 1764  260  620  71 201 102  122  21  175  264  59 120  18 168   1   693   5   0   0   4
baynes,aron       san  C 16  143   18   36   0   1   7   12  12   32    5   1  11   6  23   0    43   0   0   0   0
bazemore,kent     gsw SG 61  281   43  116  10  34  27   44   5   22   22  17  18   4  27   0   123   0   0   0   0
beal,bradley      was SG 56 1745  282  687  91 236 125  159  43  211  138  50  90  29 113   2   780   1   0   0  46
beasley,michael   pho SF 75 1550  310  766  45 144  94  126  52  282  111  31 144  34 107   0   759   3   0   0  20
beaubois,rodrigu  dal SG 45  553   65  176  21  72  30   38   9   56   84  19  33   4  54   0   181   0   0   0   0
belinelli,marco   chi SG 73 1883  241  610  79 221 141  168  13  140  148  44  82   6 140   1   702   1   0   0  27
beverley,patrick  hou PG 41  710   79  189  36  96  34   41  45  109  117  37  44  21  83   0   228   2   0   0   0
biedrins,andris   gsw  C 53  497   10   21   0   0   4   13  34  153   14  15  14  42 101   1    24   0   0   0   9
billups,chauncey  lac PG 22  418   53  132  33  90  45   48   2   32   49  12  26   1  25   0   184   0   0   0  22
biyombo,bismack   cha  C 80 2184  156  346   0   0  74  142 194  576   35  28  82 143 195   1   386   0   0   0  65
blair,dejuan      san  C 61  855  142  271   0   1  44   70  66  230   45  37  49  10 112   0   328   1   0   0  16
blake,steve       lal PG 45 1170  114  270  72 171  27   35  21  132  172  34  62   6  83   2   327   2   0   0  13
blatche,andray    bro  C 82 1556  346  676   3  22 148  216 161  417   85  86 123  54 163   1   843   5   0   0   8
bledsoe,eric      lac PG 76 1554  253  568  31  78 106  134  78  225  233 109 137  55 112   1   643   3   0   0  12
bogans,keith      bro SG 74 1407  108  284  84 245  11   17  16  120   76  28  49   4 108   0   311   4   0   0  23
bogut,andrew      gsw  C 32  785   83  184   1   1  19   38  68  245   67  20  35  55  85   0   186   2   0   0  32
bonner,matt       san PF 68  913  112  230  53 121  11   15  25  129   36  17  16  19  86   0   288   0   0   0   4
booker,trevor     was PF 48  889  108  220   0   5  40   72  98  239   40  32  31  16  95   0   256   3   0   0  14
boozer,carlos     chi PF 79 2551  544 1140   0   2 193  264 175  771  179  66 177  28 239   1  1281   5   0   0  79
bosh,chris        mia PF 74 2459  485  907  21  74 241  302 131  500  123  66 128 101 168   0  1232   4   0   0  74
bradley,avery     bos SG 50 1435  192  478  40 126  37   49  30  111  104  65  71  19 129   2   461   0   0   0  50
brand,elton       dal PF 72 1530  226  478   0   1  66   93 130  430   70  51  57  92 192   0   518   2   0   0  18
brewer,corey      den SF 82 2010  375  883  91 307 149  216  55  235  123 118 102  23 154   0   990   0   0   0   2
brewer,ronnie     okc SG 60  852   70  198  23  76  16   39  42  140   50  43  18   6  33   0   179   0   0   0  34
brooks,aaron      hou PG 53  999  143  316  50 134  40   52  13   80  114  30  67  10  94   2   376   4   0   0  20
brooks,marshon    bro SG 73  919  155  335  15  55  69   94  32  104   76  34  69  16  93   0   394   0   0   0   2
brown,kwame       phi  C 22  269   17   37   0   0   7   19  23   74    9   6   8  10  37   0    41   1   0   0  11
brown,shannon     pho PG 59 1405  240  571  39 141  98  125  44  149  108  59  74  15  92   0   617   2   0   0  22
bryant,kobe       lal SG 78 3018  738 1595 132 407 525  626  66  433  469 106 287  25 173   0  2133  14   0   0  78
budinger,chase    min SF 23  510   79  191  26  81  32   42  15   72   25  14  23   7  29   0   216   0   0   0   1
burks,alec        uta SG 64 1136  162  387  33  92  92  129  37  145   92  35  74  13 114   0   449   0   0   0   0
butler,caron      lac SF 78 1879  305  720 128 330  75   90  42  223   78  51  72  11 139   0   813   2   0   0  78
butler,jimmy      chi SG 82 2133  239  512  40 105 187  233 136  328  116  78  62  31  97   0   705   0   0   0  20
bynum,will        det PG 65 1217  253  540  24  76 106  131  28   97  231  45 125   5 128   0   636   1   0   0   0
calderon,jose     det PG 73 2159  312  635 130 282  72   80  20  176  518  58 126   8  99   0   826   1   0   0  58
camby,marcus      nyk  C 24  251   17   53   0   0   8   19  24   80   14   7  15  14  28   0    42   1   0   0   4
carroll,demarre   uta SF 66 1110  149  324  20  70  75   98  87  188   61  58  34  23 119   2   393   2   0   0  12
carroll,matt      cha SG  1    6    0    0   0   0   0    0   0    0    1   0   0   0   1   0     0   0   0   0   0
carter,vince      dal SG 81 2088  372  855 162 399 182  223  58  334  194  76 107  43 226   1  1088   4   0   0   3
casspi,omri       cle SG 43  506   63  160  25  76  22   42  20  114   28  25  22  12  45   1   173   0   0   0   1
chalmers,mario    mia PG 77 2068  227  529 123 301  89  112  19  171  272 118 119  12 196   2   666   3   0   0  77
chandler,tyson    nyk  C 66 2162  255  400   0   0 179  258 269  702   62  42  87  76 188   2   689  11   0   0  66
chandler,wilson   den SF 43 1081  210  455  52 126  88  111  45  218   58  46  60  12 119   0   560   0   0   0   8
childress,josh    bro SF 14  102    6   21   1   3   1    2   6   15    5   2   0   2   3   0    14   0   0   0   0
clark,earl        lal PF 59 1364  170  386  35 104  53   76  82  325   66  36  62  44 102   0   428   0   0   0  36
claver,victor     por PF 49  815   74  189  25  87  14   30  31  119   43  26  43  12  75   1   187   0   0   0  16
cole,norris       mia PG 80 1592  179  425  35  98  52   80  18  130  164  57 104   7 155   0   445   1   0   0   4
collins,jason     was  C 38  382    9   29   0   0  23   32  22   60    8  12  18  10  85   1    41   0   0   0   9
collison,darren   dal PG 81 2375  341  724  48 136 242  275  31  218  414 101 173   8 139   0   972   1   0   0  47
collison,nick     okl PF 81 1579  176  296   0   4  60   78 123  333  121  51  69  30 197   2   412   2   0   0   2
conley,mike       mem PG 80 2758  414  940 106 294 234  282  42  225  485 172 190  24 171   0  1168   0   0   0  80
conroy,will       min PG  4   21    0    9   0   3   1    2   1    1    0   0   0   0   1   0     1   0   0   0   0
cook,daequan      chi SG 49  444   51  167  26  91   9   12   7   61   19   8  15   7  26   0   137   0   0   0   1
copeland,chris    nyk SF 56  864  182  380  59 140  63   83  34  119   27  16  50  12 104   1   486   0   0   0  13
cousins,demarcus  sac  C 75 2289  482 1036   4  23 312  423 222  746  199 108 225  55 269   4  1280  15   0   0  74
crawford,jamal    lac SG 76 2231  445 1016 149 396 216  248  22  128  193  79 146  13  71   0  1255   9   0   0   0
crawford,jordan   bos SG 70 1712  301  725  83 246 129  159  44  209  224  39 141   7 106   0   814   7   0   0  14
crowder,jae       dal SF 78 1351  141  367  63 192  47   73  35  187   93  63  49  17 128   0   392   0   0   0  16
cunningham,dante  min PF 80 2012  314  671   0   6  67  103 141  408   66  84  56  39 153   0   695   3   0   0   9
cunningham,jared  dal SG  8   27    6   14   2   3   2    2   1    3    1   1   2   0   3   0    16   0   0   0   0
curry,eddie       dal  C  2   25    4    8   0   0   1    4   2    4    0   0   3   0   7   0     9   0   0   0   0
curry,stephen     gsw PG 78 2989  626 1388 272 600 262  291  59  314  538 127 239  12 198   2  1786   3   0   0  78
dalembert,samuel  mil  C 47  762  137  253   1   1  38   55 105  276   21  17  51  53  90   1   313   1   0   0  23
daniels,marquis   mil SG 59 1088  132  351  20  72  40   54  48  150   65  51  45  10  77   0   324   0   0   0  33
davis,anthony     nor PF 64 1848  348  676   0   6 169  225 165  522   63  75  89 112 158   0   865   2   0   0  60
davis,ed          mem PF 81 1627  260  482   0   0 103  167 152  460   63  38  63  85 191   1   623   1   0   0  28
davis,glen        orl PF 34 1065  214  478   0   2  84  117  55  246   71  32  64  21  88   2   512   5   0   0  33
daye,austin       mem SF 55  676   90  208  41  98  26   34  16  123   42  14  29  22  82   0   247   0   0   0   0
decolo,nando      san SG 72  925  105  241  31  82  35   44  23  138  138  41  81   6  87   0   276   0   0   0   6
delfino,carlos    hou SG 67 1689  251  620 158 421  48   56  19  220  135  68  72   9 114   0   708   0   0   0   5
deng,luol         chi SF 75 2899  466 1093  75 233 230  282 162  475  222  81 143  32 105   0  1237   3   0   0  75
dentmon,justin    dal PG  2    4    0    2   0   0   0    0   0    0    0   0   0   0   0   0     0   0   0   0   0
derozan,demar     tor SG 82 3011  548 1231  34 120 355  427  48  320  204  76 151  24 173   1  1485   7   0   0  82
diaw,boris        san PF 75 1708  179  332  30  78  47   65  66  254  180  52  84  27 143   0   435   1   0   0  20
diop,desagana     cha  C 22  226    8   27   0   1   0    1  10   51   13   5   8  16  19   0    16   0   0   0   1
dooling,keyon     mem PG  7   82   10   21   5  12   6    7   0    1    8   1   5   0   8   0    31   0   0   0   0
douglas,toney     sac PG 71 1290  188  466  82 216  76   84  34  138  151  71  81   3 145   0   534   0   0   0   0
douglas-roberts   dal SF  6   64    5   14   0   4   7   10   0    5    4   2   1   0   4   0    17   0   0   0   0
dragic,goran      pho PG 77 2582  401  906  88 276 244  326  60  238  569 124 212  26 214   1  1134   5   0   0  77
drummond,andre    det  C 60 1244  208  342   1   2  59  159 169  457   30  59  57  95 144   1   476   5   0   0  10
dudley,jared      pho SF 79 2169  313  669 106 271 129  162  79  245  203  75 101   8 128   0   861   1   0   0  50
duhon,chris       lal PG 46  819   47  123  33  91   6   13  11   68  133  20  40   1  56   0   133   1   0   0   9
duncan,tim        san PF 69 2070  490  976   2   7 245  300 125  686  184  50 147 182 117   0  1227   3   0   0  69
dunleavy,mike     mil SG 75 1946  276  624 128 299 105  128  31  291  145  39  90  35 135   0   785   2   0   0   3
durant,kevin      okl SF 81 3121  731 1433 139 334 679  750  46  640  374 116 280 105 143   1  2280  13   0   0  81
ebanks,devin      lal SF 19  195   24   73   6  22  11   14  10   41   10   3  11   1  23   0    65   0   0   0   3
ellington,wayne   cle PG 78 1661  226  529  94 240  68   75  25  166  104  45  57   3  81   0   614   1   0   0  21
ellis,monta       mil PG 82 3076  597 1436  94 328 289  374  45  316  496 169 254  36 164   0  1577   4   0   0  82
english,kim       det SG 41  412   42  112  14  50  21   29   8   37   26  16  19   3  46   1   119   0   0   0   0
evans,jeremy      uta SF 37  216   27   44   0   1  21   33  26   58   11   8   8  13  30   0    75   0   0   0   0
evans,reggie      bro PF 80 1972  125  261   0   0 113  222 260  888   43  74 111  13 199   2   363   5   0   0  56
evans,tyreke      sac SG 65 2015  366  765  45 133 210  271  56  287  228  90 128  27 133   0   987   2   0   0  61
ezeli,festus      gsw  C 78 1124   74  169   0   0  43   81 141  313   22  23  63  74 157   1   191   0   0   0  41
faried,kenneth    den PF 80 2244  380  689   0   0 163  266 260  734   78  81 113  84 234   1   923   9   0   0  80
favors,derrick    uta PF 77 1789  274  567   0   5 179  260 184  546   75  67 130 130 247   3   727   2   0   0   8
felton,raymond    nyk PG 68 2311  377  882  93 258 101  128  51  195  372  94 155  14 129   0   948   3   0   0  68
fields,landry     tor SG 51 1037  102  223   2  14  34   53  59  208   60  32  42   8  63   0   240   0   0   0  22
fisher,derek      okc PG 33  574   55  161  30  80  35   38   2   37   49  19  30   3  55   2   175   1   0   0   9
fournier,evan     den SG 38  428   75  152  22  54  30   39   6   35   44  19  32   1  65   0   202   0   0   0   4
foye,randy        uta SG 82 2249  293  738 178 434 118  144  17  127  167  66  92  26 190   1   882   0   0   0  72
fredette,jimmer   sac PG 68  970  172  411  65 156  85   99  19   71   93  31  68   3  64   0   494   0   0   0   0
freeland,joel     por PF 51  477   58  142   0   0  18   27  40  119   13  13  19  11  67   0   134   0   0   0   1
gallinari,danilo  den PF 71 2311  364  871 135 362 286  348  65  367  176  65 111  36 130   0  1149   4   0   0  71
garcia,francisco  hou SF 58 1028  118  300  67 179  18   21   8   91   63  46  32  38  88   0   321   1   0   0  20
garnett,kevin     bos PF 68 2024  422  850   2  16 158  201  75  530  159  78 110  62 154   1  1004   9   0   0  68
garrett,diante    pho SG 19  150   16   49   3  15   5   10   5   15   31  10  16   0   5   0    40   0   0   0   0
gasol,marc        mem  C 80 2798  429  869   1  14 268  316 185  623  318  80 157 139 255   2  1127   5   0   0  80
gasol,pau         lal PF 49 1655  270  579   8  28 125  178 111  421  200  24 104  61  93   0   673   3   0   0  42
gay,rudy          tor SF 75 2686  521 1253  84 260 240  295  99  461  202 114 198  53 182   1  1366   6   0   0  74
gee,alonzo        cle SG 82 2539  305  744  69 219 163  205  75  320  133 107 132  29 199   2   842   0   0   0  82
gelabale,mickael  min SF 36  645   72  139  16  52  21   24  32   99   26  16  16   4  47   0   181   0   0   0  13
george,paul       ind SG 79 2970  493 1176 170 469 221  274  88  603  329 142 233  50 227   1  1377   6   0   0  79
gibson,daniel     cle PG 46  923   84  247  56 163  26   37   5   60   82  30  31   4  89   1   250   2   0   0   3
gibson,taj        chi PF 65 1460  214  441   0   4  89  131 125  345   61  27  76  91 166   2   517   1   0   0   5
ginobili,manu     san SG 60 1394  229  539  83 235 164  206  30  201  274  80 132  13 114   0   705   0   0   0   0
gooden,drew       mil PF 16  150   20   61   1   5  11   16  13   31    6   5   9   6  21   0    52   2   0   0   0
gordon,ben        cha SG 75 1562  310  760 113 292 107  127  18  130  142  35 136  16 134   2   840   4   0   0   0
gordon,eric       nor SG 42 1267  235  584  56 173 187  222  10   77  137  45 117   8  75   1   713   0   0   0  40
gortat,marcin     pho  C 61 1879  295  566   0   3  90  138 128  516   75  40  99  98 127   0   680   3   0   0  61
goudelock,andrew  lal PG  1    6    0    2   0   0   0    0   1    1    0   0   0   0   0   0     0   0   0   0   0
granger,danny     ind SF  5   75   10   35   2  10   5    8   3    9    3   2   4   1   6   0    27   0   0   0   0
gray,aaron        tor  C 42  517   48   90   0   0  23   44  48  133   33   7  36   5  85   0   119   0   0   0  16
green,danny       san SG 80 2192  297  663 177 413  67   79  36  244  141  92  94  54 124   0   838   1   0   0  80
green,draymond    gsw PG 79 1062   84  257  14  67  45   55  58  260   53  42  51  25 159   2   227   3   0   0   1
green,gerald      ind SG 60 1082  155  424  59 188  52   65  31  141   49  18  53  23  64   0   421   5   0   0   7
green,jeff        bos PF 81 2252  376  806  70 182 214  265  55  318  128  56 132  68 175   0  1036   1   0   0  17
green,willie      lac SG 72 1185  178  386  71 166  23   32  17   97   55  29  31  12  96   0   450   0   0   0  60
griffin,blake     lac PF 80 2596  577 1072   5  28 281  426 186  662  299  97 185  50 231   3  1440  14   0   0  80
haddadi,hamed     pho  C 30  321   35   82   0   0  14   27  43  111   12   6  31  27  60   0    84   1   0   0   0
hamilton,jordan   den SF 40  402   84  201  27  73  13   26  32   95   23  15  19   8  24   0   208   0   0   0   1
hamilton,richard  chi SG 50 1088  204  475  16  52  66   77  16   83  119  24  84   5  93   0   490   4   0   0  45
hansbrough,ben    ind PG 28  202   15   45   6  23  21   27   2   18   21   7  18   2  23   0    57   0   0   0   0
hansbrough,tyler  ind PF 81 1369  176  407   0   3 216  300 161  373   36  29  78  19 152   0   568   3   0   0   8
harden,james      hou SG 78 2980  585 1337 179 486 674  792  63  380  455 142 295  38 178   0  2023   4   0   0  78
harkless,maurice  orl SG 76 1973  260  564  32 117  73  128 122  335   50  88  69  62 144   2   625   1   0   0  59
harrellson,josh   mia  C  6   32    4    9   1   5   1    2   3    7    0   1   3   1   4   0    10   0   0   0   0
harrington,al     orl PF 10  118   20   57   8  30   3    4   6   27   10   4   7   1  18   0    51   0   0   0   0
harris,devin      atl PG 58 1420  194  443  77 230 112  154   6  116  197  64  88  13 103   0   577   2   0   0  34
harris,terrel     nor SF 10   36    2    9   0   1   6    8   4    9    2   0   7   0   4   0    10   0   0   0   0
harris,tobias     orl SF 65 1398  235  530  34 115 104  139  73  304   76  34  76  47 133   3   608   3   0   0  34
haslem,udonis     mia PF 75 1412  129  251   0   0  32   45  97  404   38  30  45  15 173   1   290   3   0   0  59
hawes,spencer     phi  C 82 2229  376  811  31  87 122  157 172  590  183  24 131 114 233   1   905   7   0   0  40
hayes,chuck       sac PF 74 1211   84  190   0   1  30   48 114  300  112  31  44  18 114   0   198   0   0   0   1
hayward,gordon    uta SF 72 2108  336  773 102 246 243  294  51  225  213  58 120  38 125   1  1017   1   0   0  27
hayward,lazar     min SF  4   31    2   10   0   4   6    6   0    4    3   2   0   0   3   0    10   0   0   0   0
haywood,brendan   cha  C 61 1165   93  216   0   1  30   66 125  290   29  16  50  49 125   0   216   0   0   0  17
henderson,gerald  cha SG 68 2133  382  855  33 100 258  313  55  250  177  68 108  34 149   0  1055   5   0   0  58
henry,xavier      nor SG 50  627   66  161   4  11  58   92  21   90   13  16  31   5  72   0   194   1   0   0   2
henson,john       mil PF 63  827  162  336   0   3  56  105 116  297   31  19  47  42  83   0   380   1   0   0   9
hibbert,roy       ind  C 79 2270  385  859   1   4 166  224 294  653  113  40 161 208 279   5   937   4   0   0  79
hickson,j.j.      por  C 80 2323  418  744   0   2 182  268 266  828   88  48 145  51 160   0  1018   2   0   0  80
higgins,cory      cha SG  6   33    6   19   1   5   1    2   1    3    5   3   0   0   5   0    14   0   0   0   0
hilario,nene      was  C 61 1656  285  594   0   1 196  269 101  407  177  55 139  37 171   1   766   2   0   0  49
hill,george       ind PG 76 2622  386  870 130 353 174  213  48  287  355  81 116  26 134   0  1076   3   0   0  76
hill,grant        lac SF 29  435   38   99   3  11  14   24   6   49   26  11  25   6  39   0    93   0   0   0   0
hill,jordan       lal PF 29  458   77  155   0   2  40   61  82  166   13   8  26  19  55   0   194   1   0   0   1
hinrich,kirk      chi PG 60 1764  159  422  71 182  70   98  16  158  313  63  99  25 192   4   459   3   0   0  60
holiday,jrue      phi PG 78 2924  555 1287  91 247 182  242  89  329  625 123 292  32 170   2  1383   3   0   0  78
holiday,justin    phi SG  9  143   16   48   4  16   6    8   0   14   15   3   9   6   7   0    42   0   0   0   0
hollins,ryan      lac  C 60  666   70  114   0   0  66   88  50  139   11   6  44  34 133   2   206   3   0   0   0
honeycutt,tyler   sac SF  9   32    3   11   0   2   2    2   3   10    2   0   5   1   2   0     8   0   0   0   0
horford,al        atl  C 74 2757  576 1060   3   6 134  208 195  757  240  78 147  78 163   2  1289   2   0   0  74
howard,dwight     lal  C 76 2717  470  813   1   6 355  721 251  945  108  84 225 186 291   5  1296  11   0   0  76
howard,josh       min SF 11  207   31   77   5  16   7   12   9   36    4  10  10   3  18   0    74   0   0   0   4
howard,juwan      mia  C  7   49   10   19   0   0   1    1   0    8    6   0   4   0   9   0    21   0   0   0   2
humphries,kris    bro PF 65 1192  139  310   0   2  97  123 126  365   32  16  57  33 127   0   375   3   0   0  21
ibaka,serge       okl PF 80 2486  445  777  20  57 143  191 221  616   43  28 125 242 213   3  1053   7   0   0  80
iguodala,andre    den SF 80 2784  396  879  91 287 155  270  82  423  433 138 206  52 127   0  1038   1   0   0  80
ilyasova,ersan    mil PF 73 2013  371  803  95 214 125  157 154  520  117  68  75  36 185   1   962   1   0   0  54
irving,kyrie      cle PG 59 2048  484 1070 109 279 248  290  34  216  350  89 191  21 146   0  1325   0   0   0  59
ivey,royal        phi PG 53  702   62  144  37  88   9   16  16   57   32  23  20   3  73   0   170   1   0   0   5
jack,jarrett      gsw PG 79 2354  387  857  82 203 167  198  21  243  438  60 157  11 134   0  1023   2   0   0   4
jackson,reggie    okl SG 70  992  149  325  24 104  52   62  21  166  122  29  53  13  84   0   374   1   0   0   0
jackson,stephen   san SF 55 1076  123  330  46 170  49   70  22  155   80  37  77  14  89   0   341   7   0   0   6
james,bernard     dal  C 46  457   53  103   0   2  25   41  52  131    7  12  18  38  64   0   131   0   0   0  11
james,damion      bro SF  2    2    0    0   0   0   0    0   0    1    0   0   0   0   0   0     0   0   0   0   0
james,lebron      mia SF 76 2881  765 1354 103 254 403  536  97  611  551 129 226  67 110   0  2036   6   0   0  76
james,mike        dal PG 45  864  101  271  48 125  23   29   9   71  139  25  54   3  95   1   273   2   0   0  23
jamison,antawn    lal PF 76 1638  267  574  84 233  94  136 108  361   50  30  53  22 124   1   712   1   0   0   6
jefferson,al      uta  C 78 2577  611 1236   2  17 167  217 156  720  164  80 105  88 170   0  1391   2   0   0  78
jefferson,richar  gsw SF 56  568   62  136  14  45  38   53   5   84   31  14  23   7  45   0   176   0   0   0   1
jeffries,jared    por PF 38  351   16   54   0   2  12   23  26   60   14   6  17   6  58   0    44   2   0   0   0
jenkins,charles   phi PG 59  444   49  121   1   2  12   22   8   32   44  15  21   2  22   0   111   0   0   0   1
jenkins,john      atl PG 61  906  131  294  53 138  59   70  17   94   56  12  40  10  37   0   374   0   0   0   2
jennings,brandon  mil PG 80 2897  497 1247 173 462 230  281  59  246  521 125 203  11 155   1  1397   6   0   0  80
jerebko,jonas     det PF 49  893  142  316  25  83  68   88  68  185   43  38  42   8  90   0   377   2   0   0   2
johnson,amir      tor  C 81 2327  336  606   5  13 136  187 227  611  122  81 117 110 301   8   813   2   0   0  38
johnson,chris     min  C 30  286   48   75   0   0  21   34  20   60    8   7  13  28  49   0   117   1   0   0   0
johnson,chris_b   mem SF  8  101   11   25   6  18   1    2   5   11    2   4   3   0   5   0    29   0   0   0   0
johnson,ivan      atl PG 69 1035  185  356   1  13  81  131  76  266   46  56  71  14 131   1   452   4   0   0   5
johnson,james     sac PF 54  879  117  283   2  21  40   67  49  145   58  41  68  50  99   0   276   2   0   0  11
johnson,joe       bro SG 72 2644  445 1053 148 395 132  161  53  218  253  49 123  14  99   0  1170   1   0   0  72
johnson,orlando   ind SG 51  618   72  180  36  94  23   32  20  110   47  10  29   9  51   0   203   0   0   0   0
johnson,wesley    pho SF 50  952  161  396  50 155  27   35  21  123   34  22  48  18  56   0   399   0   0   0  21
johnson-odom,dar  lal PG  4    6    0    4   0   1   0    0   1    4    1   0   0   0   0   0     0   0   0   0   0
jones,dahntay     atl SG 78 1018   82  222  11  49  87  113  24  101   47  22  38   6 119   0   262   1   0   0  19
jones,dequan      orl SG 63  804   95  218   9  35  34   51  17  105   16  19  30  22  55   0   233   0   0   0  17
jones,dominique   dal SG 29  338   40  109   1   9  35   53  18   45   83  14  38   2  29   0   116   1   0   0   3
jones,james       mia SF 38  219   21   61  16  53   2    4   0   22   13   2   3   6  16   0    60   0   0   0   0
jones,kevin       cle PF 32  335   43  107   0   0   9   15  38   78   10   9   8   5  25   0    95   0   0   0   0
jones,perry       okl PF 38  284   39   99   0   2  10   15  12   62   10   5  15   6  23   0    88   0   0   0   1
jones,solomon     nyk PF  2   26    0    1   0   0   0    0   1    3    0   0   3   1   3   0     0   0   0   0   1
jones,terrence    hou PF 19  275   43   94   5  19  13   17  28   65   15  12  13  19  21   0   104   0   0   0   0
jordan,deandre    lac  C 82 2006  314  488   0   0  96  249 210  594   28  48 100 112 192   1   724  10   0   0  82
joseph,cory       san PG 28  386   51  110   6  21  18   21  12   52   53  15  21   4  25   1   126   0   0   0   9
joseph,kris       bro SF 10   54    2   14   0   3   5    8   1    7    1   3   2   0   3   0     9   0   0   0   0
kaman,chris       dal  C 66 1369  313  617   0   1  67   85  97  372   52  31 104  50 141   1   693   6   0   0  52
kanter,enes       uta  C 70 1079  207  380   1   1  93  117 135  304   31  28 101  33 116   0   508   3   0   0   2
kidd,jason        nyk PG 76 2045  152  408 114 324  40   48  50  323  249 125  76  24 125   0   458   0   0   0  48
kidd-gilchrist,m  cha SF 78 2028  281  613   2   9 140  187 131  455  117  54 101  70 165   1   704   0   0   0  77
kirilenko,andrei  min SF 64 2037  284  560  35 120 188  250 102  362  178  96 119  62  82   2   791   0   0   0  64
kleiza,linas      tor SF 20  375   48  144  20  66  32   38  10   52   16   4  14   2  45   1   148   4   0   0   3
knight,brandon    det PG 75 2364  357  878 120 327 165  225  53  246  303  58 205   8 157   0   999   0   0   0  75
korver,kyle       atl SG 74 2259  277  601 189 414  67   78  23  293  146  70  70  37 170   1   810   0   0   0  60
koufos,kosta      den  C 81 1816  295  508   0   1  58  104 211  562   32  44  53 103 246   4   648   1   0   0  81
kravtsov,viaches  det  C 25  224   33   46   0   0  11   37  24   45    9   5  14   9  32   0    77   0   0   0   0
lamb,doron        orl SG 47  577   60  163  14  37  20   34   8   46   32  13  26   0  52   0   154   0   0   0   0
lamb,jeremy       okl SG 23  147   24   68   9  30  14   14   5   18    5   2   6   2  13   0    71   0   0   0   0
landry,carl       gsw PF 81 1880  325  602   1   3 223  273 180  483   66  35 115  31 190   0   874   2   0   0   2
lawson,ty         den PG 73 2514  448  971  85 232 235  311  36  198  500 108 182   8 135   0  1216   0   0   0  71
lee,courtney      bos SG 78 1943  246  530  58 156  62   72  31  190  143  89  84  21 139   0   612   1   0   0  39
lee,david         gsw PF 79 2906  602 1160   0   4 255  320 217  885  279  67 207  22 246   1  1459   4   0   0  79
lee,malcolm       min SG 16  289   29   76   8  24  12   20  15   39   19  12  10   6  30   1    78   0   0   0  12
leonard,kawhi     san SF 58 1813  260  526  65 174 104  126  63  346   93  97  62  32  99   0   689   0   0   0  57
leonard,meyers    por  C 69 1205  151  277   3   7  72   89  80  255   33  11  49  38 168   0   377   1   0   0   9
leuer,jon         mem  C 28  191   25   52   0   3   6   13  13   37    8   6   8   0  21   0    56   0   0   0   0
lewis,rashard     mia PF 55  789  103  249  51 131  28   45  19  121   30  21  33  14  67   0   285   1   0   0   9
liggins,deandre   okl SG 39  290   21   47   7  19   9   18  13   53   15  18  14   3  33   0    58   2   0   0   1
lillard,damian    por PG 82 3167  554 1289 185 503 274  324  42  257  531  74 243  19 172   0  1567   1   0   0  82
lin,jeremy        hou PG 82 2641  396  897  87 257 216  275  32  247  497 132 236  29 205   2  1095   1   0   0  82
livingston,shaun  cle PG 66 1453  166  346   0   4  85   98  31  158  215  48  76  31 127   3   417   2   0   0  16
lopez,brook       bro  C 74 2254  570 1095   0   1 297  392 209  513   70  33 131 154 152   0  1437   0   0   0  74
lopez,robin       nor  C 82 2136  384  719   0   0 161  207 226  462   64  32 110 128 167   1   929   0   0   0  82
love,kevin        min PF 18  619  105  298  20  92 100  142  64  252   42  13  39   9  34   0   330   4   0   0  18
lowry,kyle        tor PG 68 2023  250  623 101 279 190  239  56  321  435  94 157  24 218   1   791   7   0   0  52
lucas,john        tor PG 63  828  129  334  57 151  18   25   8   65  105  23  26   1  50   0   333   2   0   0   0
machado,scott     hou PG  6   22    3    6   0   1   2    2   0    1    6   2   8   0   0   0     8   0   0   0   0
mack,shelvin      atl PG 31  421   58  126  18  49   9   16   3   40   68  15  34   0  39   0   143   0   0   0   3
maggette,corey    det SG 18  256   27   76   5  21  36   48   5   25   19   6  17   2  42   1    95   0   0   0   0
mahinmi,ian       ind  C 80 1322  148  328   0   2 104  171 115  311   27  39  92  66 201   0   400   1   0   0   2
marion,shawn      dal SF 67 2007  355  690  23  73  79  101 146  525  161  74 103  46 111   0   812   0   0   0  67
marshall,kendall  pho PG 48  705   56  151  23  73   8   14   4   42  143  22  57   4  48   0   143   0   0   0   3
martin,cartier    was SF 41  693   96  252  58 146  20   28  11  100   20  19  32   7  58   0   270   0   0   0   3
martin,kenyon     nyk PF 18  430   56   93   0   0  17   40  34   94    8  16  16  17  64   1   129   1   0   0  11
martin,kevin      okl SG 77 2138  350  778 158 371 219  246  31  178  106  72 101   8 138   1  1077   2   0   0   0
mason,roger       nor SG 69 1222  132  305  66 159  39   43  11  132   75  26  51  11 104   0   369   0   0   0  13
matthews,wesley   por SG 69 2402  352  808 169 425 149  187  35  191  174  90 109  18 172   0  1022   6   0   0  69
maxiell,jason     det PF 72 1791  204  457   0   0  90  145 135  409   54  32  81  95 172   0   498   1   0   0  71
maynor,eric       por PG 64  962  106  281  34  96  42   59   9   46  182  22  79   1  55   0   288   0   0   0   0
mayo,o.j.         dal SG 82 2917  461 1026 142 349 191  233  36  291  361  93 209  23 195   1  1255   6   0   0  82
mbah_a_moute,luc  mil SF 58 1328  151  377  13  37  72  126  89  256   55  42  70  14  82   0   387   0   0   0  45
mcgee,javale      den  C 79 1437  302  526   1   1 110  186 158  381   25  30  90 156 184   1   715   2   0   0   0
mcguire,dominic   ind PF 26  388   24   56   0   0   3   10  19   78   20  13  12  11  39   0    51   0   0   0  10
mcroberts,josh    cha PF 67 1491  156  343  24  84  65   85  93  325  140  32  66  27 131   2   401   5   0   0  22
meeks,jodie       lal SG 78 1660  205  530 122 342  86   96  37  171   69  58  52   5 103   0   618   0   0   0  10
melo,fab          bos  C  6   37    3    6   0   0   1    4   0    3    0   2   1   2   7   0     7   0   0   0   0
middleton,khris   det SF 27  477   62  141  14  45  27   32   4   50   28  15  11   4  53   0   165   0   0   0   0
miles,c.j.        cle SG 65 1363  255  614 126 328  93  107  24  174   63  49  69  17 138   1   729   0   0   0  13
milicic,darko     bos  C  1    5    0    1   0   0   0    0   0    1    0   0   2   0   1   0     0   0   0   0   0
miller,andre      den PG 82 2155  304  633  17  64 163  194  60  238  484  72 172  11 159   0   788   2   0   0  11
miller,darius     nor SF 52  692   44  108  22  56   8    8   8   78   44  17  23  12  89   0   118   0   0   0   2
miller,mike       mia SF 59  899  100  231  73 175   8   11  18  157   99  21  35   4  63   0   281   1   0   0  17
miller,quincy     den SF  7   26    4   12   0   1   1    2   1    2    3   1   1   0   3   0     9   0   0   0   0
mills,patrick     san PG 58  653  113  241  52 130  16   19   9   50   62  26  39   4  55   0   294   0   0   0   2
millsap,paul      uta PF 78 2374  429  875  13  39 264  356 177  554  201 102 138  81 232   1  1135   6   0   0  78
mohammed,nazr     chi  C 63  697   66  180   0   2  34   47  73  195   26  21  24  31  97   0   166   3   0   0  12
monroe,greg       det  C 81 2686  514 1058   0   4 270  392 236  777  280 105 234  55 190   0  1298   3   0   0  81
moore,e'twaun     orl PG 75 1682  237  598  67 197  47   59  48  167  205  51 105  23 122   0   588   0   0   0  21
morris,darius     lal PG 48  688   73  188  24  66  24   37  24   57   76  21  45   2  58   0   194   1   0   0  17
morris,marcus     pho PF 77 1523  222  526  86 233  66  117  80  277   62  45  77  20 160   1   596   4   0   0  23
morris,markieff   pho PF 82 1842  266  653  45 134  93  127 131  396  108  77 104  64 209   3   670   5   0   0  32
morrow,anthony    dal SG 41  388   64  145  16  43  20   22  11   30   13  13   8   1  43   0   164   1   0   0   1
motiejunas,donat  hou PF 44  538   97  213  24  83  32   51  36   93   30   6  37  10  73   0   250   0   0   0  14
moultrie,arnett   phi PF 47  545   78  134   0   0  18   28  76  145   10  17  19  10  43   0   174   0   0   0   0
mozgov,timofey    den  C 41  367   44   87   0   2  20   26  50  107    9   6  25  18  57   1   108   0   0   0   1
mullens,byron     cha PF 53 1429  217  563  66 208  64   99  71  337   81  34  74  32 110   0   564   0   0   0  41
murphy,kevin      uta SG 17   52    7   28   1   5   0    0   0    4    2   1   3   0   4   0    15   0   0   0   0
murphy,troy       dal PF 14  256   22   61  11  35  10   11   7   49    7  10   7   6  29   0    65   1   0   0   1
nash,steve        lal PG 50 1631  236  475  57 130 107  116  26  142  333  30 126   5  70   0   636   1   0   0  50
neal,gary         san SG 68 1485  246  597  89 251  64   74  13  143  129  30  69   2  93   0   645   0   0   0  17
nelson,jameer     orl PG 56 1975  306  780 121 355  89  102  23  209  413  71 154   6 161   1   822   3   0   0  56
nicholson,andrew  orl PF 75 1255  256  486   0   0  75   94  69  258   44  24  79  32 133   2   587   0   0   0  28
noah,joakim       chi  C 66 2422  303  630   0   5 178  237 260  733  262  78 176 141 185   2   784  10   0   0  64
novak,steve       nyk PF 81 1643  178  430 149 351  30   33  17  152   35  28  12   8  97   0   535   0   0   0   1
nowitzki,dirk     dal PF 53 1662  343  728  65 157 166  193  37  363  132  37  70  35  93   0   917   7   0   0  47
o'neal,jermaine   pho  C 55 1030  179  371   0   0  96  115  82  293   42  19  73  78 126   0   454  12   0   0   4
o'quinn,kyle      orl PF 57  636  101  197   0   1  30   45  65  209   52  11  37  26 107   2   232   1   0   0   5
odom,lamar        lac PF 82 1616  146  366  18  90  20   42 117  480  142  69  86  58 214   1   330   6   0   0   2
ohlbrecht,tim     hou  C  3   12    1    3   0   0   1    1   0    1    1   1   4   0   1   0     3   0   0   0   0
okafor,emeka      was  C 79 2055  328  687   0   0 109  191 199  691   93  45 107  77 146   0   765   1   0   0  77
orton,daniel      okl  C 13  104   12   26   0   0   9   17  13   26    4   4   4   3  13   0    33   0   0   0   0
outlaw,travis     sac SF 38  447   74  177  14  50  38   52  17   61   21  11  19   8  35   0   200   0   0   0   2
pachulia,zaza     atl  C 52 1133  114  241   0   3  78  103 132  336   79  35  70  12 128   1   306   4   0   0  15
pargo,jannero     cha PG 32  509   78  212  39 116  12   13  10   35   67  18  41   3  42   0   207   0   0   0   0
pargo,jeremy      phi PG 39  660   99  250  25  74  42   62   8   49   92  13  50   2  46   0   265   2   0   0  11
parker,tony       san PG 66 2181  519  995  24  69 279  330  18  198  499  54 170   6  92   0  1341   2   0   0  66
parsons,chandler  hou SF 76 2757  457  940 152 395 113  155  79  404  269  75 147  32 148   0  1179   0   0   0  76
patterson,patric  sac PF 71 1777  319  623  51 132  48   63 113  337   80  31  61  40 138   0   737   0   0   0  41
paul,chris        lac PG 70 2335  412  856  76 232 286  323  53  262  678 169 159  10 143   1  1186   6   0   0  70
pavlovic,sasha    por SF 39  526   42  119  18  60   1    6   7   56   32  24  14   5  59   0   103   0   0   0   1
pekovic,nikola    min  C 62 1959  385  742   0   1 241  324 230  545   53  43 101  50 143   0  1011   1   0   0  62
pendergraph,jeff  ind PF 37  373   61  126   2   4  21   23  29  104   15   6  23  12  44   0   145   3   0   0   0
perkins,kendrick  okl  C 78 1955  144  314   0   1  44   72 111  467  111  43 109  83 227   2   332  13   0   0  78
petro,johan       atl  C 31  352   48  110   1   4  11   12  33  112   16  10  24   9  48   0   108   0   0   0   8
pierce,paul       bos SF 77 2577  476 1092 145 382 333  423  45  487  370  84 214  30 210   2  1430   1   0   0  77
pietrus,mickael   tor SF 19  388   34   98  20  64  12   18   5   36    9  12  16   6  33   0   100   0   0   0  16
pittman,dexter    mem  C 11   32    4   11   0   0   0    3   7   12    0   0   3   0   8   0     8   0   0   0   0
plumlee,miles     ind PF 14   54    5   21   0   0   3    4  12   22    2   0   3   3   5   0    13   0   0   0   0
pondexter,quincy  mem SG 59 1242  128  299  60 152  59   75  43  132   61  35  42   6  95   0   375   4   0   0   1
price,a.j.        was PG 57 1276  161  413  70 200  49   62  20  114  205  33  64   3  73   0   441   0   0   0  22
price,ronnie      por PG 39  510   39  120  10  39  17   24  13   44   73  26  34   3  61   1   105   0   0   0   0
prigioni,pablo    nyk PG 78 1265  100  220  53 134  22   25  41  143  236  69  86   2 127   1   275   1   0   0  18
prince,tayshaun   mem SF 82 2630  359  820  38  94  96  130  72  364  197  48  89  25  86   0   852   0   0   0  81
przybilla,joel    mil  C 12   70    1    4   0   0   0    2   5   21    4   1   4   2  10   0     2   2   0   0   1
quinn,chris       cle PG  7   79    4   16   0   5   2    2   1    2    9   3   6   0   4   0    10   0   0   0   0
radmanovic,vladi  chi PF 25  146   13   43   5  27   2    3  10   28    8   8   7   4  29   0    33   0   0   0   0
randolph,anthony  den PF 39  328   56  114   0   8  31   45  29   95   12  19  37  21  41   0   143   0   0   0   0
randolph,shavlik  bos PF 16  199   28   48   0   0  11   27  28   70    4   8  10   7  38   1    67   0   0   0   0
randolph,zach     mem PF 76 2603  471 1024   2  23 225  300 310  854  109  61 150  31 180   0  1169   5   0   0  75
redick,j.j.       mil PG 78 2382  382  880 165 451 171  190  17  171  296  38 138   9 117   0  1100   3   0   0  13
richardson,jason  phi SG 33  939  135  336  57 167  20   33  19  127   51  40  26  15  57   0   347   0   0   0  33
richardson,quent  nyk SF  1   29    1   11   1   4   2    2   5   10    1   0   2   0   1   0     5   0   0   0   0
ridnour,luke      min PG 82 2474  367  811  66 212 139  164  41  206  311  82 130  15 187   1   939   5   0   0  82
rivers,austin     nor SG 61 1416  145  390  28  86  59  108  16  109  127  26  74   9 122   0   377   0   0   0  26
roberts,brian     nor PG 77 1329  213  511  59 153  70   77  17   97  219  37  71   3 108   0   555   0   0   0   5
robinson,nate     chi PG 82 2087  399  921 141 348 135  169  29  184  358  85 144  10 207   0  1074  11   0   0  23
robinson,thomas   hou PF 70 1058  138  320   0   1  57  109 122  315   46  40  89  26 124   0   333   2   0   0   0
rondo,rajon       bos PG 38 1422  225  465  12  50  60   93  43  212  419  70 148   9  96   1   522   3   0   0  38
ross,terrence     tor SG 73 1240  186  458  65 197  30   42  35  144   53  43  48  14 122   0   467   0   0   0   2
roy,brandon       min SG  5  122   11   35   0   9   7   10   3   14   23   3   7   0   5   0    29   0   0   0   5
rubio,ricky       min PG 57 1690  185  514  27  92 211  264  43  228  417 137 172   5 143   0   608   3   0   0  47
rush,brandon      gsw SG  2   25    6    9   0   2   2    3   0    1    2   0   3   0   5   0    14   0   0   0   0
sacre,robert      lal  C 32  203   18   48   0   0   7   11   9   34    6   0  10  10  38   1    43   0   0   0   3
salmons,john      sac SG 76 2275  244  612  99 267  85  110  33  207  226  51  85  25 143   1   672   1   0   0  72
samuels,samardo   cle PF 18  196   22   60   0   1  14   24  10   28    8   3   6   3  30   0    58   0   0   0   1
sanders,larry     mil PF 71 1938  306  605   0   2  84  136 224  672   83  53  87 199 233   3   696   9   0   0  55
scola,luis        pho PF 82 2185  432  914   3  16 181  230 158  541  182  67 127  35 257   6  1048   3   0   0  67
scott,mike        atl PF 40  377   70  147   0   1  43   56  39  110   12   4  21   2  32   0   183   0   0   0   1
sefolosha,thabo   okl SG 81 2234  224  466 108 258  57   69  58  317  125 103  64  44 177   0   613   2   0   0  81
selby,josh        mem PG 10   59    6   22   1   6   7   11   0    5    4   2   7   0   7   0    20   1   0   0   0
seraphin,kevin    was PF 79 1723  330  716   0   0  61   88 107  346   57  24 130  59 211   1   721   1   0   0   8
sessions,ramon    cha PG 61 1650  276  676  33 107 291  347  27  169  230  48 104   7  91   0   876   3   0   0   0
shengelia,tornik  bro SF 19   94   10   23   1   2   9   16   9   23    3   3  11   1  11   0    30   0   0   0   0
shumpert,iman     nyk SG 45  996  109  275  51 127  36   47  31  136   75  43  37   7  99   1   305   0   0   0  45
shved,alexey      min SG 77 1839  236  635  85 288 109  151  41  175  284  54 147  27 117   0   666   2   0   0  16
sims,henry        nor  C  2    5    2    3   0   0   0    0   2    2    0   0   1   0   1   0     4   0   0   0   0
singler,kyle      det SF 82 2297  275  642  70 200 100  124 109  330   78  57  98  37 217   4   720   1   0   0  74
singleton,chris   was SF 57  927   92  241   7  36  40   70  51  184   37  38  45  24 124   1   231   2   0   0  11
sloan,donald      nor PG 23  264   27   78   7  19  20   25   3   28   38   5  14   0  17   0    81   0   0   0   0
smith,greg        hou  C 70 1109  170  274   0   1  81  130 111  321   26  18  41  40 175   1   421   0   0   0  10
smith,ishmael     mil PG 52  516   56  158   8  26   3    7  12   61   88  21  37   9  26   1   123   0   0   0   3
smith,j.r.        nyk SG 80 2678  527 1249 155 436 237  311  64  425  218 100 134  24 226   3  1446  13   0   0   0
smith,jason       nor PF 51  875  167  341   0   4  86  102  64  186   34  15  55  45 123   0   420   1   0   0   0
smith,josh        atl PF 76 2685  550 1182  61 201 166  321 133  639  322  94 226 136 175   1  1327  11   0   0  76
smith,nolan       por PG 40  288   42  114   6  28  20   28   7   27   35   7  29   1  26   0   110   0   0   0   0
speights,marrees  cle PF 79 1295  260  584   3  10 135  175 146  386   47  24  79  53 175   0   658   2   0   0   3
splitter,tiago    san  C 81 2004  315  563   0   2 208  285 144  515  130  63 100  64 161   2   838   0   0   0  58
stackhouse,jerry  bro SG 37  543   66  172  30  89  20   23   5   33   35   7  24   4  31   0   182   0   0   0   0
stephenson,lance  ind SG 78 2277  275  599  62 188  75  115  48  305  223  82 109  16 162   1   687   7   0   0  72
stevenson,deshaw  atl SG 56 1158   98  262  76 209  12   23  18  122   52  29  23   6  69   1   284   1   0   0  31
stiemsma,greg     min  C 76 1212  127  278   0   0  53   69  62  262   31  44  59  90 184   3   307   3   0   0  19
stone,julyan      den SG  4   27    2    2   0   0   3    4   2    3    2   1   2   0   4   0     7   0   0   0   0
stoudemire,amare  nyk PF 29  684  154  267   0   0 105  130  60  145   13  10  50  21  89   0   413   4   0   0   0
stuckey,rodney    det SG 76 2168  304  748  55 182 213  272  43  212  270  51 134  17 127   1   876   2   0   0  24
sullinger,jared   bos PF 45  889  111  225   1   5  47   63  92  264   35  22  29  22 154   8   270   1   0   0   5
summers,dajuan    lac SF  2    7    1    4   0   0   0    0   0    2    1   0   0   0   0   0     2   0   0   0   0
taylor,jeffery    cha SF 77 1510  172  399  53 154  75  103  51  150   63  47  48  15 136   1   472   2   0   0  29
taylor,tyshawn    bro PG 38  221   32   87   6  13  15   27   2   18   21  13  25   0  25   0    85   0   0   0   0
teague,jeff       atl PG 80 2630  439  974  89 248 199  226  25  180  579 117 230  28 181   1  1166   3   0   0  78
teague,marquis    chi PG 48  400   43  113   4  23   9   16   3   44   63   9  35   7  47   0    99   1   0   0   0
teletovic,mirza   bro PF 53  500   71  185  37 108   9   11  33   95   23  13  20   8  53   0   188   0   0   0   0
telfair,sebastia  tor PG 59  980  112  308  53 149  54   69  13   84  153  37  64  11 104   0   331   7   0   0   2
temple,garrett    was SG 51 1159  105  258  26  80  26   37  29  123  115  50  61  17  94   1   262   0   0   0  36
terry,jason       bos PG 79 2123  281  648 123 331 114  131  19  159  199  66 102  11 110   0   799   4   0   0  24
thabeet,hasheem   okl  C 66  775   64  106   0   0  32   53  69  194   11  30  40  60 148   2   160   5   0   0   4
thomas,isaiah     sac PG 79 2123  366  832 115 321 253  287  29  161  316  67 140   3 167   0  1100   4   0   0  62
thomas,kurt       nyk PF 39  395   45   83   1   1   6   13  24   89   21  10   8  16  52   1    97   0   0   0  17
thomas,lance      nor SF 59  646   53  106   0   0  43   59  44  115   16  11  14   7  78   0   149   0   0   0   9
thomas,malcolm    chi PF 12   58    5   10   0   0   5    8   5   16    4   2   3   2   8   0    15   0   0   0   0
thomas,tyrus      cha PF 26  364   48  136   3   8  26   31  16   60   19  14  17  15  51   0   125   1   0   0   2
thompson,jason    sac PF 82 2287  374  745   0   3 143  206 172  549   84  48 101  61 227   1   891  10   0   0  81
thompson,klay     gsw SG 82 2935  508 1205 211 525 132  157  32  306  184  86 157  44 237   3  1359   2   0   0  82
thompson,tristan  cle PF 82 2567  390  799   0   3 177  291 306  773  108  60 123  71 234   0   957   3   0   0  82
thornton,marcus   sac PG 72 1730  332  774 141 379 111  126  50  181   91  61  68   4 105   0   916   0   0   0   8
tinsley,jamaal    uta PG 66 1222   87  235  39 127  18   26  17  115  290  64 106  14 106   0   231   3   0   0  32
tolliver,anthony  atl SF 62  964   82  216  45 133  44   51  31  155   32  15  36  12  66   0   253   0   0   0  11
tucker,p.j.       pho SG 79 1912  210  444  22  70  64   86 132  350  109  62  67  19 145   1   506   6   0   0  45
turiaf,ronny      lac  C 65  705   49   97   0   0  23   63  45  152   35  19  29  35  80   0   121   3   0   0   0
turkoglu,hedo     orl SF 11  189   14   53   1  24   3    6   4   26   23   7  12   1  11   0    32   0   0   0   1
turner,evan       phi SG 82 2891  441 1054  58 159 154  208  56  516  354  71 187  17 196   1  1094   5   0   0  82
tyler,jeremy      atl PF 21   72    9   24   0   0   4    6   6   20    1   1   6   2  10   0    22   0   0   0   0
udoh,ekpe         mil PF 76 1310  117  269   0   1  89  119 113  251   43  39  43  85 139   1   323   1   0   0   9
udrih,beno        orl PG 66 1459  210  476  34 102  84  103  34  141  303  41 108   3  90   0   538   0   0   0   9
valanciunas,jona  tor  C 62 1482  204  367   0   1 146  185 121  372   46  16  94  78 188   2   554   2   0   0  57
varejao,anderson  cle  C 25  901  138  289   0   5  77  102 138  361   84  37  44  14  68   0   353   1   0   0  25
varnado,jarvis    mia PF 13   59    3    7   0   0   2    4   2    9    3   1   6   2  10   0     8   0   0   0   0
vasquez,greivis   nor PG 78 2685  439 1013  83 243 124  154  43  337  705  66 247   6 190   0  1085   3   0   0  78
vesely,jan        was PF 51  604   57  114   0   1  12   39  43  122   28  15  27  16 107   0   126   1   0   0   4
villanueva,charl  det PF 69 1095  175  464  90 259  27   49  49  241   54  31  39  39  96   0   467   1   0   0   0
vucevic,nikola    orl  C 77 2560  461  890   0   4  86  126 272  916  142  61 141  79 218   4  1008   1   0   0  77
wade,dwyane       mia SG 69 2390  569 1093  17  66 308  424  86  344  353 128 194  56 140   1  1463   5   0   0  69
waiters,dion      cle SG 61 1757  336  815  63 203 159  213  22  148  183  59 121  16 113   0   894   3   0   0  48
walker,kemba      cha PG 82 2857  526 1244 107 332 296  371  60  283  470 160 200  31 153   1  1455   4   0   0  82
wall,john         was PG 49 1604  324  735  12  45 246  306  35  197  372  64 157  37 117   1   906   5   0   0  42
wallace,gerald    bro SF 69 2077  182  458  46 163 121  190  69  319  181  97 110  46 118   0   531   3   0   0  68
wallace,rasheed   nyk  C 21  296   55  142  22  69  14   20  11   83    6  13  10  15  40   1   146   3   0   0   0
walton,luke       cle SF 50  855   71  181  20  67  10   20  38  145  166  42  60  13  98   0   172   2   0   0   0
warrick,hakim     orl SF 28  489   67  165   0   3  60   88  21   89   25  13  29   6  37   0   194   0   0   0  14
watson,c.j.       bro PG 80 1522  192  459  88 214  71   91  38  145  161  66  69  12 123   1   543   0   0   0   8
watson,earl       uta PG 48  827   37  120   5  28  17   25  23   87  191  40  69   8  94   0    96   0   0   0   4
wayns,maalik      lac PG 27  202   25   87   7  31  17   18   1    7   27   6  15   0  26   0    74   0   0   0   1
webster,martell   was SF 76 2198  281  636 139 329 168  198  53  294  143  50  90  17 165   0   869   0   0   0  62
west,david        ind PF 73 2438  503 1010   4  19 242  315 145  562  212  75 157  69 149   0  1252  11   0   0  73
westbrook,russel  okl PG 82 2864  673 1535  97 300 460  575 111  428  607 145 273  24 189   0  1903  15   0   0  82
white,d.j.        bos PF 12   86   12   23   0   0   5    9   4   13    4   1   2   6   5   0    29   0   0   0   0
white,james       nyk SG 57  441   50  116  14  41  11   19   5   48   29  13  17   4  44   0   125   0   0   0  16
wilcox,chris      bos  C 61  830  110  153   0   1  39   57  55  180   22  32  34  28 125   0   259   1   0   0   7
wilkins,damien    phi SG 60 1099  146  317  17  51  81  110  32  105   91  37  49  17  99   0   390   0   0   0  21
williams,deron    bro PG 78 2842  495 1124 169 447 317  369  29  232  604  75 218  30 194   1  1476   2   0   0  78
williams,derrick  min PF 78 1915  338  786  65 196 191  271  96  430   48  44 101  37 127   0   932   1   0   0  56
williams,louis    atl PG 39 1121  187  443  72 196 105  121   8   80  139  44  74  10  55   0   551   1   0   0   9
williams,marvin   uta PF 73 1728  199  470  54 166  77   99  55  263   77  37  60  38  98   0   529   3   0   0  51
williams,mo       uta PG 46 1416  229  533  59 154  75   85  24  110  285  46 125   9 105   0   592   3   0   0  46
williams,reggie   cha SG 40  379   57  132  22  72  10   21   8   51   39  12  19   1  19   0   146   0   0   0   0
williams,terrenc  bos SG 24  319   48   97   5  15   9   22   4   44   38  11  22   2  13   0   110   0   0   0   0
wright,brandan    dal PF 64 1150  241  404   0   3  59   96  85  260   38  26  34  76  78   0   541   1   0   0  16
wright,chris      dal PG  3    5    1    2   0   0   0    0   0    0    0   0   1   0   0   0     2   0   0   0   0
wright,dorell     phi SF 79 1783  237  599 135 361 120  141  42  303  150  62  64  34  98   0   729   1   0   0   8
wroten,tony       mem SG 35  271   33   86   4  16  21   29  13   28   43   8  29   4  34   0    91   0   0   0   0
young,nick        phi SG 59 1414  224  543  75 210 105  128  25  131   84  35  50  14  84   0   628   0   0   0  17
young,sam         ind SF 56  691   58  148  16  52  23   43  25  122   42  15  33   8  62   0   155   1   0   0   3
young,thaddeus    phi SF 76 2636  509  958   1   8 108  188 182  571  125 133  89  55 191   1  1127   1   0   0  76
zeller,luke       pho PF 16   60    9   26   1   5   0    0   1   10    3   0   0   0   5   0    19   0   0   0   0
zeller,tyler      cle  C 77 2026  245  559   0   4 120  157 159  438   96  35  95  70 251   5   610   1   0   0  55
