Player           Team PS GP  Min  FGM  FGA  3M  3A FTM  FTA  OR   TR   AS  ST  TO  BK  PF  DQ   PTS  TC  EJ  FF Sta +/-
acy,quincy        sac SF 63  852   66  141   4  15  35   53  71  215   28  23  30  26 122   1   171   5   0   0   0 -134
adams,steven      okl  C 81 1200   93  185   0   0  79  136 142  332   44  40  71  57 203   3   265   1   0   0  20   57
adrien,jeff       mil SF 53  963  143  275   0   0  76  119 102  306   38  24  39  36 108   0   362   2   0   0  12  -72
afflalo,arron     orl SG 73 2550  464 1011 128 300 274  336  32  262  248  35 146   3 136   0  1330   4   0   0  73 -365
ajinca,alexis     nor  C 56  952  136  250   0   1  56   67  94  277   40  23  63  46 187   3   328   0   0   0  30  -99
aldrich,cole      nyk  C 46  336   33   61   0   0  26   30  37  129   14   8  18  30  40   0    92   0   0   0   2  -15
aldridge,lamarcu  por PF 69 2496  652 1423   3  15 296  360 166  766  178  64 122  69 147   1  1603   2   0   0  69  367
allen,lavoy       ind PF 65 1068  134  299   2  13  33   50 119  311   71  24  45  33 126   1   303   0   0   0   2 -209
allen,ray         mia SG 73 1937  240  543 116 309 105  116  23  205  143  54  83   8 115   0   701   0   0   0   9  162
allen,tony        mem SG 55 1276  204  413  11  47  76  121  79  208   94  90  90  19 121   0   495   2   0   0  28   92
aminu,al-farouq   nor SF 80 2044  234  494  13  48  91  137 130  497  114  82  88  37 147   1   572   0   0   0  65 -252
amundson,lou      chi PF 18  176   15   30   0   0   5   20  27   52    5   9  14  10  47   2    35   1   0   0   0  -42
andersen,chris    mia  C 72 1396  177  275   3  12 120  169 129  379   19  32  53  97 162   1   477   1   0   0   0  162
anderson,alan     bro SG 78 1770  194  485  84 248  92  118  40  175   80  48  62  11 147   0   564   2   0   0  26  -52
anderson,james    phi SG 80 2307  309  717 115 351  77  106  59  300  150  74 106  28 154   0   810   0   0   0  62 -543
anderson,ryan     nor PF 22  795  155  354  67 164  59   62  65  141   17  10  20   7  47   0   436   1   0   0  14   30
antetokounmpo,gi  mil SG 77 1899  173  418  41 118 138  202  78  339  149  60 122  61 173   2   525   2   0   0  23 -177
anthony,carmelo   nyk SF 77 2981  743 1644 167 415 459  541 144  621  239  96 198  51 224   0  2112  11   0   0  77  103
anthony,joel      bos  C 33  190   12   32   0   0   4    8  15   38    2   3   3  12  17   0    28   0   0   0   0  -36
antic,pero        atl PF 50  928  123  294  56 171  50   66  57  209   59  19  55  12 126   0   352   2   0   0  26  131
ariza,trevor      was SF 77 2723  389  853 180 442 149  193  99  475  192 126 132  20 179   2  1107   4   0   0  77  195
armstrong,hilton  gsw PF 15  100    9   19   0   0   7   16  19   47    5   4   6   4  11   1    25   0   0   0   1   16
artest,ron        nyk SF 29  389   56  141  17  54  10   16  18   59   17  24  19   8  44   0   139   1   0   0   1   -3
arthur,darrell    den PF 69 1164  162  410  24  64  53   62  52  210   61  39  58  47 185   3   401   3   0   0   1   74
asik,omer         hou  C 48  964  101  190   0   0  78  126 102  379   27  14  59  37  92   1   280   0   0   0  19   58
augustin,d.j.     chi PG 71 1942  298  718 133 332 201  227  15  130  313  53 125   3 147   0   930   1   0   0   9   54
ayon,gustavo      atl PF 26  429   52  102   0   0   8   20  42  125   28  25  29  10  47   0   112   0   0   0  14  -26
ayres,jeff        san PF 73  952  101  174   0   0  38   55  89  257   60  13  63  25 146   0   240   0   0   0  10  113
babb,chris        bos SG 14  135    8   30   6  27   0    0   4   17    3   6   3   0  13   0    22   0   0   0   0  -17
babbitt,luke      nor SF 27  473   60  154  36  95  14   18  18   88   29   7  15  11  52   0   170   0   0   0   2   70
barbosa,leandro   pho PG 20  368   56  131   7  25  31   39   5   37   32   7  19   4  30   0   150   0   0   0   0   53
barea,j.j.        min PG 79 1470  254  656  73 231  79  100  16  154  304  26 124   0 129   0   660   4   0   0   1  -99
bargnani,andrea   nyk PF 42 1253  222  502  30 108  84  102  70  223   45  14  58  51 100   1   558   3   0   0  39 -124
barnes,harrison   gsw SF 78 2207  271  678  66 190 130  181  66  311  116  65  84  20 158   0   738   0   0   0  24  -51
barnes,matt       lac SF 63 1738  231  527  97 283  66   90  60  292  125  56  85  28 185   1   625   4   0   0  40  353
barton,will       por SG 41  387   65  156  10  33  26   32  16   74   33   9  18   7  31   0   166   1   0   0   0  -17
bass,brandon      bos PF 82 2262  352  725   2   6 205  239 161  471   87  36 102  71 190   0   911   3   0   0  73 -402
battier,shane     mia SF 73 1467  105  275  73 210  15   23  34  137   63  50  22  39 124   0   298   0   0   0  56  195
batum,nicolas     por SF 82 2958  381  819 145 402 163  203 116  611  420  75 209  57 156   1  1070   1   0   0  82  329
bayless,jerryd    bos PG 72 1686  248  617  76 213  94  118  22  145  194  60  82   9 161   1   666   4   0   0  19  -97
baynes,aron       san PF 53  491   71  163   0   0  19   21  57  145   34   2  36   5  77   1   161   0   0   0   4   27
bazemore,kent     lal SG 67  912  147  343  43 128  66  109  10  117   92  43  79  13 102   0   403   0   0   0  15 -251
beal,bradley      was SG 73 2529  481 1149 138 343 149  189  54  273  245  71 128  18 153   0  1249   0   0   0  73  110
beasley,michael   mia SF 55  833  177  355  21  54  61   79  31  172   41  23  57  21  93   1   436   0   0   0   2  -43
belinelli,marco   san SG 80 2015  337  695 126 293 111  131  18  226  179  50  95   7 130   0   911   0   0   0  25  261
bennett,anthony   cle PF 52  666   80  225  13  53  44   69  49  155   17  21  47   8  93   1   217   1   0   0   0  -83
beverley,patrick  hou PG 57 1750  199  481  92 255  83  102  72  196  149  78  66  23 174   4   573   6   0   0  55  295
biedrins,andris   uta  C  6   44    1    1   0   0   1    6   2   17    0   0   2   0   6   0     3   0   0   0   0    2
billups,chauncey  det PG 19  310   24   79  14  48  10   12   4   28   42   8  25   1  25   0    72   1   0   0   7  -42
biyombo,bismack   cha PF 77 1073   88  144   0   0  46   89 105  366    8   7  40  86 124   1   222   1   0   0   9  -46
blair,dejuan      dal  C 78 1217  210  393   0   2  77  121 139  368   70  60  77  21 192   1   497   1   0   0  13  -12
blake,steve       gsw PG 55 1496  133  353  79 210  33   43  13  159  307  53 102   8  85   0   378   0   0   0  28 -174
blatche,andray    bro PF 73 1622  321  674  15  54 164  221 120  390  112  75 110  38 166   0   821   2   0   0   7   24
bledsoe,eric      pho PG 43 1416  265  556  50 140 183  237  27  202  236  69 143  14  99   0   763   3   0   0  40  135
blue,vander       bos SG  3   14    2    4   0   1   1    5   0    3    1   0   2   0   1   0     5   0   0   0   0    6
bogans,keith      bos SG  6   55    3    6   3   6   3    3   0    3    3   1   1   0   2   0    12   0   0   0   0   -6
bogut,andrew      gsw  C 67 1770  235  375   0   0  22   64 181  670  113  48  97 119 210   3   492   7   0   0  67  308
bonner,matt       san PF 61  697   73  164  42  98   9   12  16  131   31  15  16  11  49   0   197   0   0   0   0  112
booker,trevor     was PF 72 1553  222  403   0   2  47   76 149  379   64  41  58  45 131   0   491   2   0   0  45  -55
boozer,carlos     chi PF 76 2143  447  980   0   2 148  193 137  632  119  54 154  22 216   0  1042   7   0   0  76  -33
bosh,chris        mia PF 79 2529  492  954  74 219 223  272  98  522   87  80 124  78 192   1  1281   3   0   0  79  447
bradley,avery     bos PG 60 1855  361  825  79 200  90  112  48  226   85  63  96  11 145   3   891   0   0   0  58 -127
brand,elton       atl PF 73 1416  179  332   0   2  61   94  97  361   74  40  60  88 192   0   419   1   0   0  15  -60
brewer,corey      min SF 81 2611  387  807  59 211 163  227  63  207  134 150 105  30 210   1   996   2   0   0  81  331
brewer,ronnie     chi SF 24  162    3   15   1   8   0    2   2   14   10   6   2   1   4   0     7   0   0   0   3  -50
brooks,aaron      den PG 72 1558  233  581  96 248  83   95  43  140  233  52 117  13 146   0   645   6   0   0  12  -93
brooks,marshon    lal SG 35  320   57  125  13  25  32   44  10   54   24  14  24   5  21   0   159   0   0   0   0   25
brown,lorenzo     phi PG 26  226   26   86   3  30   9   13   8   28   41  13  16   3  19   0    64   0   0   0   0    2
brown,shannon     nyk PG 29  254   24   66   0   2  15   21   7   28    9  13  18   0  24   0    63   0   0   0   1  -72
bryant,kobe       lal SG  6  177   31   73   3  16  18   21   2   26   38   7  34   1   9   0    83   0   0   0   6  -32
budinger,chase    min SF 41  754  100  254  42 120  32   39  19  103   31  19  24   2  58   0   274   0   0   0   8   -1
bullock,reggie    lac SG 43  397   43  121  22  73   7    9  11   54   12   9  13   1  26   0   115   0   0   0   0  -14
burke,trey        uta PG 70 2262  341  897 111 336 102  113  37  208  396  41 131   6 145   1   895   0   0   0  68 -256
burks,alec        uta PG 78 2192  380  831  50 143 279  373  59  257  212  69 149  14 190   2  1089   0   0   0  12 -286
butler,caron      okl SF 56 1416  213  540  98 249  63   75  21  229   82  47  61  17 120   1   587   0   0   0  13 -152
butler,jimmy      chi SG 67 2594  275  693  68 240 260  338  87  329  175 126 102  35 106   0   878   4   0   0  67  187
butler,rasual     ind SG 50  382   51  110  26  62   8   14   6   41   17   7  11   9  30   0   136   0   0   0   2  -44
buycks,dwight     tor PG 14  147   15   48   5  17   8    9   4   23   10   8  10   0  11   0    43   0   0   0   0   -1
bynum,andrew      ind  C 26  517   94  225   0   0  37   49  53  145   29   6  34  29  31   0   225   0   0   0  19 -135
bynum,will        det PG 56 1054  184  430  20  62  97  121  24   99  216  39 103   7 121   0   485   2   0   0   3 -112
calathes,nick     mem SG 71 1174  142  311  19  61  44   72  23  137  209  65 101   8 117   0   347   1   0   0   7   19
calderon,jose     dal PG 81 2472  341  748 191 425  52   63  29  192  378  69 103  11 136   0   925   3   0   0  81   -4
caldwell-pope,ke  det SG 80 1582  182  460  59 185  47   61  38  156   55  75  28  12 145   0   470   1   0   0  41  -60
canaan,isaiah     hou PG 22  253   31   87  18  55  21   29   7   24   23   8  20   4  25   0   101   0   0   0   0  -37
carroll,demarre   atl SF 73 2343  302  642  97 268 109  141 107  403  135 108  79  21 188   0   810   3   0   0  73   99
carter,vince      dal SG 81 1975  330  811 146 371 161  196  67  284  212  61 108  35 209   1   967   1   0   0   0  175
carter-williams   phi PG 70 2415  427 1054  55 208 258  367 101  437  441 129 247  43 213   2  1167   3   0   0  70 -448
casspi,omri       hou SF 71 1284  173  410  61 176  83  122  55  260   89  44  73  14 100   0   490   0   0   0   2  148
chalmers,mario    mia PG 73 2182  254  560  87 226 121  163  41  214  357 119 162  16 210   0   716   4   0   0  73  306
chandler,tyson    nyk  C 55 1665  191  322   0   1  98  155 159  529   60  37  71  63 145   2   480   8   0   0  55   13
chandler,wilson   den SG 62 1925  307  738 122 351 110  152  58  294  114  46  79  31 193   4   846   0   0   0  55 -173
childress,josh    nor SF  4   24    0    0   0   0   0    0   0    3    2   1   1   0   1   0     0   0   0   0   0   11
christmas,dionte  pho SG 31  199   22   62   9  31  18   24  13   38    8   2   6   3  19   0    71   0   0   0   0  -23
clark,earl        nyk SF 54  769   97  261  41 122  22   34  22  143   18  17  31  25  67   0   257   0   0   0  17 -136
clark,ian         uta SG 23  174   26   67  11  31   5    7   3   19   15   8  14   2  24   0    68   0   0   0   0   17
claver,victor     por SF 21  182   17   42   3  18  10   11   9   39   12   3  11   3  16   0    47   0   0   0   0   23
cole,norris       mia PG 82 2012  207  500  60 174  53   68  17  160  247  77 128   5 156   0   527   2   0   0   6  105
collins,jason     bro  C 22  175   11   24   0   3   3    4   7   19    4   8   7   1  30   0    25   0   0   0   1  -31
collison,darren   lac PG 80 2071  324  694  71 189 192  224  47  188  297  93 132  15 150   1   911   0   0   0  35  214
collison,nick     okl PF 81 1357  134  241   4  17  66   93 116  293  104  30  71  28 187   0   338   2   0   0   0  333
conley,mike       mem PG 73 2447  463 1030 105 291 225  276  41  213  439 110 150  13 141   1  1256   0   0   0  73  151
copeland,chris    ind SF 41  268   55  117  33  79  10   14   7   32   18   3  14   7  38   0   153   1   0   0   0   -6
cousins,demarcus  sac  C 71 2296  591 1191   0   7 432  595 218  831  207 109 251  91 270   4  1614  16   0   0  71  -18
covington,robert  hou SF  7   35    6   14   4  11   0    0   2    5    0   2   1   0   3   0    16   0   0   0   0   17
crabbe,allen      por SG 15   98   12   33   6  14   3    4   1    9    6   2   3   1  10   1    33   0   0   0   0    2
crawford,jamal    lac SG 69 2093  421 1011 161 446 279  322  34  158  223  59 135  12 120   0  1282   4   0   0  24  270
crawford,jordan   gsw SG 81 1858  327  787  90 285 146  169  28  183  281  47 134   5 120   0   890   5   0   0  35 -184
crowder,jae       dal SF 78 1258  130  296  50 151  46   61  46  194   60  59  41  21 100   0   356   2   0   0   8  243
cunningham,dante  min PF 81 1635  237  510   0   6  38   67 113  331   84  62  43  57 146   0   512   1   0   0   7  -44
cunningham,jared  sac SG 13   81    6   21   1   7  13   16   1    6    8   3   2   0  16   0    26   0   0   0   0   -2
curry,seth        cle PG  2   13    1    3   1   1   0    0   0    1    0   2   0   0   0   0     3   0   0   0   0    1
curry,stephen     gsw PG 78 2843  652 1383 261 615 308  348  46  334  667 129 294  14 194   1  1873   0   0   0  78  574
dalembert,samuel  dal  C 80 1614  214  377   0   1 101  137 200  541   38  41  90  94 210   0   529   1   0   0  68   19
daniels,troy      hou SG  5   76   15   31  12  25   0    0   0    4    5   0   3   0   6   0    42   0   0   0   1   28
datome,luigi      det SF 34  236   34   97   7  39   8   10  14   46   11   6  11   1  20   0    83   0   0   0   0   38
davies,brandon    phi PF 51  573   54  128   2  10  34   53  38  109   28  24  35   8  92   1   144   0   0   0   0  -32
davis,anthony     nor PF 67 2360  522 1005   2   9 348  440 207  673  105  89 109 189 200   1  1394   3   0   0  66 -114
davis,ed          mem PF 63  956  155  290   0   0  47   89  92  260   27  17  40  43 114   0   357   2   0   0   4   52
davis,glen        lac PF 68 1668  271  593   4  11  95  137 108  351   77  58  76  29 159   3   641   3   0   0  44 -165
daye,austin       san PF 22  151   24   68  12  37   6   10   5   27    8   4   5   4  18   0    66   0   0   0   1    2
decolo,nando      tor PG 47  500   64  153  18  53  31   35  14   73   65  22  35   6  48   0   177   0   0   0   3   -2
dedmon,dewayne    orl  C 30  390   38   82   0   0  21   32  38  127    5   7  18  22  66   2    97   0   0   0   6  -47
dellavedova,matt  cle SG 72 1276  122  296  57 154  38   48  30  124  186  34  60   5 121   0   339   1   0   0   4   72
deng,luol         cle SF 63 2213  371  860  57 189 212  268  99  361  183  62 114   9 111   0  1011   1   0   0  63    8
derozan,demar     tor SG 79 3020  604 1407  64 210 519  630  51  343  313  86 176  28 197   0  1791   8   0   0  79  180
diaw,boris        san PF 79 1974  302  580  45 112  68   92  74  325  222  44 121  32 140   0   717   0   0   0  24  317
dieng,gorgui      min  C 60  821  113  227   1   1  59   93 103  300   39  30  54  50 108   0   286   0   0   0  15  -40
douglas,toney     na  PG 51  677   73  190  31 102  25   34  18   86   68  19  34   5  81   0   202   0   0   0  17  -12
douglas-roberts   cha SF 49 1017  111  252  51 132  66   82  16  119   51  29  36  16  61   0   339   0   0   0   8  -10
dragic,goran      pho PG 76 2671  552 1093 122 299 316  416  69  245  448 104 213  22 206   1  1542   7   0   0  75  301
drummond,andre    det  C 81 2614  479  769   0   2 137  328 440 1071   35 102 109 131 273   3  1095   9   0   0  81 -234
dudley,jared      lac SG 74 1730  196  447  81 225  38   58  36  160  104  41  56  10 146   0   511   0   0   0  43  210
duncan,tim        san PF 74 2155  444  906   0   5 231  316 158  722  220  43 159 139 134   2  1119   8   0   0  74  304
dunleavy,mike     chi SG 82 2586  333  774 123 324 140  164  46  345  186  64 108  46 163   0   929   1   0   0  61  173
durant,kevin      okl SF 81 3118  849 1688 192 491 703  805  58  599  445 103 285  59 174   0  2593  16   0   0  81  510
edwards,shane     cle SF  2   11    1    3   0   0   0    0   1    2    0   0   1   0   1   0     2   0   0   0   0   -8
ellington,wayne   dal SG 45  398   55  126  25  59  10   11   8   43   19  16  11   2  33   0   145   0   0   0   1  -27
ellis,monta       dal PG 82 3023  577 1279  69 209 339  430  38  295  470 141 263  23 197   0  1562   6   0   0  82   49
ely,melvin        nor  C  2   27    3    6   0   0   0    0   0    1    0   0   0   1   5   0     6   0   0   0   0  -15
evans,jeremy      uta SF 66 1208  175  332   0   2  51   75 120  309   44  42  40  46 139   2   401   0   0   0   4 -177
evans,reggie      sac PF 54  898   71  150   0   0  72  130 115  334   21  37  58   3 119   1   214   2   0   0  20 -103
evans,tyreke      nor PG 72 2024  391  897  21  95 239  310  76  341  363  84 175  21 155   0  1042   3   0   0  22 -207
faried,kenneth    den SF 80 2179  447  820   0   3 202  311 237  683   95  70 135  69 193   0  1096   5   0   0  77 -158
farmar,jordan     lal PG 41  912  151  364  70 160  44   59  20  104  199  38  95   8  65   0   416   1   0   0   5  -90
faverani,vitor    bos  C 37  488   64  146  12  40  24   37  42  128   16  14  41  27  74   1   164   0   0   0   8  -96
favors,derrick    uta PF 73 2202  390  747   0   1 190  284 199  637   91  75 129 108 235   1   970   0   0   0  73 -339
felix,carrick     cle SG  7   38    7   14   2   5   3    4   1    6    4   0   4   0   4   0    19   0   0   0   0    4
felton,raymond    nyk PG 65 2020  240  608  62 195  88  122  54  197  368  77 129  27 157   1   630   1   0   0  65   24
fields,landry     tor SF 30  322   27   67   0   5  14   22  15   59   20  10  11   3  25   0    68   0   0   0   2  -37
fisher,derek      okl PG 81 1430  141  361  88 229  55   71  12  122  117  70  49   3 157   0   425   4   0   0   0  237
fournier,evan     den SG 76 1502  228  544  89 237  93  123  34  202  114  34 100   7 179   1   638   1   0   0   4   12
foye,randy        den PG 81 2487  361  875 189 498 157  185  36  232  288  67 145  39 205   4  1068   0   0   0  78 -125
franklin,jamaal   mem SG 21  162   16   39   5  11   2    2   4   23    6   4  10   2  23   0    39   0   0   0   0   13
fredette,jimmer   na  PG 49  519  107  227  40  84  19   21   8   52   64  14  48   3  35   0   273   0   0   0   0  -24
freeland,joel     por PF 52  724   77  161   0   2  20   29  87  207   36  10  33  22  95   0   174   1   0   0   0   27
frye,channing     pho PF 82 2316  336  778 160 432  78   95  73  416   98  60  89  63 245   1   910   2   0   0  82  298
garcia,francisco  hou SG 55 1083  118  294  69 193  10   19  21  122   63  27  30  33 120   1   315   1   0   0   4   32
garnett,kevin     bro PF 54 1111  157  356   0   3  38   47  60  357   82  44  69  40 123   1   352   9   0   0  54  -29
garrett,diante    uta SG 71 1050  101  265  36  96  10   12  11   97  120  41  75   5  75   0   248   0   0   0   0 -116
gasol,marc        mem  C 59 1976  336  711   2  11 185  241  84  424  216  59 111  76 150   1   859   0   0   0  59   16
gasol,pau         lal PF 60 1883  425  885   4  14 187  254 124  580  201  27 141  92 124   0  1041   0   0   0  60 -354
gay,rudy          sac SF 73 2532  537 1179  65 197 318  387 113  437  209  95 224  56 171   2  1457   3   0   0  73  -69
gee,alonzo        cle SG 65 1021   98  237  19  59  43   61  35  149   47  39  44  15  96   0   258   0   0   0  24 -228
george,paul       ind SG 80 2902  576 1361 182 500 401  464  66  543  283 151 224  22 198   0  1735   8   0   0  80  375
gibson,taj        chi PF 82 2353  429  896   0   7 211  281 200  559   91  41 150 110 207   2  1069   8   0   0   8  138
ginobili,manu     san SG 68 1554  294  627  90 258 160  188  30  204  291  70 139  17 128   0   838   0   0   0   3  421
gobert,rudy       uta  C 45  436   36   74   0   0  32   65  51  155    7   8  32  41  57   2   104   0   0   0   0  -25
gomes,ryan        okl SF  5   33    3    8   0   2   0    0   0    4    1   0   1   0   5   0     6   0   0   0   0    7
gooden,drew       was PF 22  394   76  143   7  18  24   27  37  113   15  10  17   7  53   0   183   0   0   0   0  -28
goodwin,archie    pho SG 52  533   76  167   5  36  37   55  25   87   20  20  44  11  45   0   194   0   0   0   0  -88
gordon,ben        cha SG 19  280   37  108   8  29  17   21   3   27   21  10  21   2  18   0    99   0   0   0   0   19
gordon,eric       nor SG 64 2057  356  817 101 258 175  223  30  164  207  75 134  12 114   2   988   1   0   0  64 -269
gortat,marcin     was  C 81 2660  455  840   1   1 157  229 202  767  136  41 126 121 201   2  1068   3   0   0  80  292
granger,danny     lac SF 41  848  116  307  43 128  63   67  31  133   41  12  46  17  62   0   338   0   0   0   2   96
gray,aaron        sac  C 37  350   27   61   0   1  11   20  42  111   22  10  31   8  64   0    65   1   0   0   6  -85
green,danny       san SG 69 1652  218  505 132 318  50   63  25  229  104  65  76  62 107   0   618   0   0   0  59  330
green,draymond    gsw SF 82 1796  187  459  55 165  82  123  86  409  152  98  91  72 231   3   511   7   0   0  12  145
green,gerald      pho SG 82 2327  448 1006 204 510 195  230  47  274  122  70 145  42 220   3  1295   9   0   0  48   44
green,jeff        bos PF 82 2805  482 1171 135 396 283  356  54  380  138  57 165  47 180   1  1382   0   0   0  82 -352
green,willie      lac SG 55  870  102  271  41 121  28   34  12   78   50  22  34  11  96   0   273   0   0   0   9   82
griffin,blake     lac PF 80 2864  718 1359  12  44 482  674 192  757  306  92 224  51 265   4  1930  19   0   0  80  570
gutierrez,jorge   bro PG 15  244   25   54   3  12   9   12   3   22   30  10  14   1  37   1    62   0   0   0   2  -38
hamilton,jordan   hou SF 60 1019  147  375  70 197  40   51  32  194   52  44  47  20  67   0   404   1   0   0  12 -104
hamilton,justin   cha  C  8   74    9   20   3   9   5    5   4    7    0   5   4   0   8   0    26   0   0   0   0  -23
hansbrough,tyler  tor PF 64  981   93  196   0   2 126  185 120  287   17  28  47  19 132   0   312   5   0   0   4   -5
hardaway,tim      nyk SG 81 1879  294  687 130 358 106  128  19  121   66  43  47   7 144   1   824   0   0   0   0 -168
harden,james      hou SG 73 2780  549 1204 177 483 576  665  61  345  445 114 265  29 177   0  1851   5   0   0  73  408
harkless,maurice  orl SF 80 1955  224  483  59 154  85  143  69  264   80  97  86  50 140   0   592   1   0   0  41 -308
harrellson,josh   det PF 32  314   38   82  12  31   5    7  30   76   15   6  10  15  44   0    93   1   0   0   0    8
harrington,al     was PF 34  513   82  207  34 100  27   35  15   80   28  14  34   0  72   0   225   0   0   0   0   46
harris,devin      dal PG 40  817   96  254  31 101  92  115   8   85  178  28  59   2  72   1   315   0   0   0   0  156
harris,elias      lal SF  2   12    0    1   0   0   0    0   1    1    1   1   0   0   0   0     0   0   0   0   0   -6
harris,manny      lal PG  9  179   28   70   7  20  10   12   7   34   11   4   9   1  10   0    73   0   0   0   0  -51
harris,mike       uta SF 20  224   29   61   0   2  26   27  15   33    5  16  11   7  36   2    84   0   0   0   0   14
harris,tobias     orl SF 61 1847  332  716  32 126 197  244  88  424   82  41  78  24 143   1   893   1   0   0  36 -230
haslem,udonis     mia PF 46  653   74  146   0   0  25   44  42  175   14  11  24  15  79   1   173   1   0   0  18  -67
hawes,spencer     cle  C 80 2468  403  882 128 307 119  152 131  660  240  44 173  94 237   3  1053  11   0   0  78 -482
hayes,chuck       tor PF 61  755   56  130   0   1  20   25  69  210   35  34  33  12  95   1   132   0   0   0   1   60
hayward,gordon    uta SF 77 2798  426 1032  85 280 311  381  62  392  400 110 212  40 155   0  1248   0   0   0  77 -395
henderson,gerald  cha SG 77 2461  403  930  40 115 235  309  31  310  198  51 113  32 159   0  1081   2   0   0  77  -70
henry,xavier      lal SG 43  907  144  345  28  81 116  177  25  114   51  44  57   7  79   0   432   1   0   0   5  -38
henson,john       mil PF 70 1858  344  639   0   1  91  177 171  497  113  41 114 116 185   0   779   4   0   0  23 -428
hibbert,roy       ind  C 81 2406  331  754   2   5 207  269 202  538   91  29 148 181 269   4   871   4   0   0  81  363
hickson,j.j.      den PF 69 1859  332  654   0   8 150  290 206  632   95  47 127  51 177   0   814   1   0   0  52 -189
hilario,nene      was  C 53 1562  299  594   1   5 155  266  65  294  153  64 117  48 164   2   754   3   0   0  37  117
hill,george       ind PG 76 2436  272  616  95 260 142  176  53  283  264  75  92  24 158   0   781   4   0   0  76  322
hill,jordan       lal  C 72 1501  286  521   0   1 124  181 194  535   54  29  75  65 172   2   696   1   0   0  32 -304
hill,solomon      ind SF 28  228   17   40   7  23   6    7   9   41   12   5  13   2  19   0    47   0   0   0   0   12
hinrich,kirk      chi SG 73 2120  243  619  85 242  95  125  31  192  285  80 120  26 203   2   666   3   0   0  61  145
holiday,jrue      nor PG 34 1142  203  454  30  77  51   63  28  142  268  56 105  12  92   0   487   1   0   0  34   24
hollins,ryan      lac  C 61  485   53   72   0   0  35   56  31   90    8   9  29  31  87   1   141   0   0   0   0    7
hopson,scotty     cle SG  2    7    0    4   0   2   1    2   0    0    1   1   0   0   0   0     1   0   0   0   0   -6
horford,al        atl PF 29  960  238  420   4  11  58   85  66  244   75  27  64  44  56   0   538   1   0   0  29   73
howard,dwight     hou  C 71 2396  473  801   2   7 349  638 232  866  130  60 229 128 240   0  1297  13   0   0  71  341
hummel,robbie     min SF 53  651   67  177  32  89  15   16  35  132   23  17  10   2  57   0   181   0   0   0   5   36
humphries,kris    bos PF 69 1381  231  462   0   3 117  144 127  409   67  31  64  61 136   1   579   2   0   0  30 -178
ibaka,serge       okl PF 81 2667  524  978  23  60 156  199 224  709   84  39 122 219 233   0  1227   9   0   0  81  405
iguodala,andre    gsw SG 63 2041  220  458  62 175  86  132  52  292  262  95 100  19 103   0   588   0   0   0  63  567
ilyasova,ersan    mil SF 55 1479  237  579  37 131 107  130 107  342   72  46  61   8 135   1   618   0   0   0  47 -268
irving,kyrie      cle PG 71 2496  532 1237 123 344 291  338  52  259  433 108 190  23 163   0  1478   0   0   0  71 -220
ivey,royal        okl PG  2    5    0    2   0   1   0    0   0    1    0   0   0   0   1   0     0   0   0   0   0   -4
jack,jarrett      cle PG 80 2253  286  698  63 185 125  149  22  223  325  55 133  22 133   0   760   2   0   0  31 -240
jackson,reggie    okl PG 80 2281  402  914  83 244 158  177  43  313  331  85 169   9 142   0  1045   1   0   0  36  350
jackson,stephen   lac SG  9  106    6   26   1  14   2    4   2   10    5   6   6   1  11   0    15   1   0   0   0   25
james,bernard     dal  C 30  145   11   23   0   1   6   11  15   42    3   3  10   8  24   0    28   0   0   0   0   -5
james,damion      san SF  5   52    2    9   0   2   2    2   1   12    3   0   1   1   3   0     6   0   0   0   1   12
james,lebron      mia SF 77 2903  767 1353 116 306 439  585  81  533  488 121 270  26 126   1  2089   5   0   0  77  409
james,mike        chi PG 11   77    5   21   1   5   0    2   0    7   17   2   5   0  11   0    11   0   0   0   0   -8
jamison,antawn    lac PF 22  248   29   92   8  41  18   25   9   55    7   9   7   3  29   0    84   0   0   0   0   55
jeffers,othyus    na  SG  6   47    3    6   0   2   3    4   1    9    1   0   1   0   3   0     9   0   0   0   1   29
jefferson,al      cha  C 73 2557  700 1376   3  15 191  277 156  792  155  67 124  79 176   1  1594   5   0   0  73   30
jefferson,richar  uta SF 82 2211  294  654 123 301 120  162  18  219  130  57  94  14 169   0   831   2   0   0  78 -413
jenkins,john      atl SG 13  157   16   42   4  18   4    4   3   22   11   1  11   1  11   0    40   0   0   0   0  -26
jennings,brandon  det PG 80 2729  423 1135 154 457 241  321  59  244  609 101 215   8 157   0  1241  12   0   0  79 -186
jerebko,jonas     det PF 64  743   98  208  31  74  43   59  51  175   39  21  43   6  85   0   270   0   0   0   0  -87
johnson,amir      tor PF 77 2214  344  612  20  66  91  143 172  504  115  56 123  88 271   5   799   1   0   0  72  198
johnson,chris     bos SF 40  790   85  214  43 127  37   43  31   97   32  27  22   4  63   0   250   0   0   0   0   12
johnson,james     mem PF 52  957  143  308  22  87  76   90  60  166  111  43  66  57 102   1   384   1   0   0   4   96
johnson,joe       bro SG 79 2574  462 1018 162 404 159  195  48  270  216  47 120  10 129   0  1245   2   0   0  79   57
johnson,orlando   sac SG 45  392   36  113   9  47  19   26   9   55   20   6  15   2  26   0   100   0   0   0   0  -24
johnson,wesley    lal SG 79 2241  277  651 100 271  61   77  70  348  124  86  90  77 207   1   715   0   0   0  62 -374
johnson-odom,dar  phi SG  3   16    0    7   0   3   0    2   0    2    1   1   2   0   3   0     0   0   0   0   0   -3
jones,james       mia SF 20  236   31   68  28  54   7   11   2   23    9   3   4   4   6   0    97   0   0   0   6   78
jones,perry       okl SF 62  767   83  181  22  61  28   42  28  114   26  14  21  19  62   0   216   0   0   0   7   54
jones,solomon     orl PF 11   85    6   17   0   0   2    4   8   16    2   2   2   2  12   0    14   0   0   0   0  -25
jones,terrence    hou PF 76 2083  386  713  31 102 118  195 162  528   87  54  71  99 139   0   921   1   0   0  71  125
jordan,deandre    lac  C 82 2872  348  515   0   0 160  374 331 1114   75  80 123 203 264   2   856   7   0   0  82  493
joseph,cory       san PG 68  941  126  265  12  38  79   96  32  107  114  35  43  14  84   0   343   0   0   0  19   -3
kaman,chris       lal  C 39  736  176  346   0   3  52   68  54  229   58  11  74  40  93   1   404   2   0   0  13  -60
kanter,enes       uta  C 80 2138  419  853   0   1 149  204 222  598   75  28 144  42 230   1   987   1   0   0  37 -481
karasev,sergey    cle SG 22  156   12   35   4  19   9   10   0   16    6   3  11   1  22   0    37   0   0   0   1  -49
kelly,ryan        lal SF 59 1314  157  371  48 142 110  135  42  219   95  32  47  45 147   0   472   0   0   0  25  -88
kidd-gilchrist,m  cha SF 62 1501  167  353   1   9 113  184 109  324   52  43  60  39 145   1   448   0   0   0  62    9
kirilenko,andrei  bro SF 45  856   82  160   1   5  61  119  55  146   72  40  54  18  65   0   226   0   0   0   4  -50
knight,brandon    mil PG 72 2407  461 1092 110 338 259  323  46  255  352  69 188  17 146   1  1291   3   0   0  69 -440
korver,kyle       atl SG 71 2413  289  609 185 392  87   94  22  282  208  69 102  24 147   0   850   0   0   0  71  211
koufos,kosta      mem  C 80 1351  227  459   0   0  60   93 160  418   39  32  68  71 182   1   514   3   0   0  22   37
kravtsov,viaches  pho  C 20   62    8   15   0   0   4    8   9   17    1   0   6   1   7   0    20   0   0   0   0  -46
kuzmic,ognjen     gsw  C 21   95    5   13   0   0   5   11  10   21    2   3  10   4  17   0    15   0   0   0   0  -60
lamb,doron        orl SG 53  697   63  160  36  90  29   36   8   49   43  11  27   1  54   1   191   0   0   0   0   -2
lamb,jeremy       okl SG 78 1543  263  609  88 247  51   64  27  189  115  56  60  26 143   1   665   0   0   0   0  214
landry,carl       sac PF 18  233   31   60   0   0  14   17  15   57    5   3   9   1  34   1    76   1   0   0   1  -66
larkin,shane      dal PG 48  494   52  137  12  38  16   25  11   42   71  26  39   1  46   0   132   0   0   0   0   63
lawson,ty         den PG 62 2221  347  805  72 202 324  406  41  216  543 100 201  10 113   1  1090   0   0   0  61  -46
ledo,ricky        dal SG 11   34    6   17   3   8   4    4   0    2    2   1   2   0   2   0    19   0   0   0   0    8
lee,courtney      mem SG 79 1974  295  614  72 194  99  112  29  186  115  65  73  28 127   1   761   1   0   0  47   66
lee,david         gsw PF 69 2288  513  980   0   1 231  296 183  644  147  48 153  26 206   4  1257   1   0   0  67  467
len,alex          pho  C 42  361   33   78   0   0  20   31  39   99    4   4  26  18  68   0    86   0   0   0   3  -56
leonard,kawhi     san SF 66 1924  337  645  69 182 101  126  76  411  133 114  80  49 127   0   844   0   0   0  65  376
leonard,meyers    por  C 40  356   41   91   0   6  16   21  26  111   18   7  15   5  76   0    98   0   0   0   0  -88
leuer,jon         mem PF 49  643  121  246  23  49  37   47  37  158   20  18  27  13  63   0   302   0   0   0   0  -13
lewis,rashard     mia PF 60  975   98  236  46 134  26   33  24  110   57  53  35   8  90   0   268   1   0   0   6   53
liggins,deandre   mia SG  1    1    1    1   0   0   0    0   1    1    0   0   0   0   0   0     2   0   0   0   0    1
lillard,damian    por PG 82 2935  553 1303 218 554 371  426  35  288  455  64 193  22 197   1  1695   3   0   0  82  359
lin,jeremy        hou PG 71 2054  295  663  82 230 218  265  33  186  294  67 176  27 166   0   890   0   0   0  33  174
livingston,shaun  bro PG 76 1976  235  487   1   6 158  191  67  246  245  93 105  32 172   1   629   1   0   0  54   61
lopez,brook       bro  C 17  533  129  229   0   1  94  115  39  102   16   9  28  30  52   0   352   0   0   0  17  -23
lopez,robin       por  C 82 2611  355  644   0   1 198  242 326  698   73  26  84 139 196   2   908   6   0   0  82  314
love,kevin        min PF 77 2797  650 1422 190 505 520  633 224  963  343  59 195  35 136   0  2010   3   0   0  77  355
lowry,kyle        tor PG 79 2861  457 1080 190 500 313  385  88  369  585 121 194  15 267   5  1417  10   0   0  79  269
lucas,john        uta PG 42  589   62  190  25  84  10   16  12   39   42  14  22   0  41   0   159   0   0   0   6 -168
mack,shelvin      atl PG 73 1494  209  501  62 184  64   74  21  160  271  50  90   2 100   1   544   0   0   0  11  -47
mahinmi,ian       ind  C 77 1253   91  189   0   1  90  145 107  257   25  41  58  72 207   1   272   1   0   0   1    8
marion,shawn      dal SF 76 2407  341  708  58 162  51   65 132  497  124  90  95  37 125   0   791   1   0   0  76 -134
marshall,kendall  lal PG 55 1568  170  419  71 178  19   36  15  155  477  48 150   4  76   0   430   0   0   0  45 -172
martin,cartier    chi SF 59  873  111  264  59 151  48   65  13  110   34  27  34   7  71   0   329   0   0   0   6 -126
martin,kenyon     nyk PF 32  634   63  122   0   1  11   19  36  134   50  25  26  27  85   0   137   4   0   0  15   31
martin,kevin      min SG 68 2174  440 1022 115 297 303  340  34  203  123  66 106   6 123   2  1298   3   0   0  68  176
mason,roger       mia SG 25  261   25   66  17  47   7    7   1   22   19   6   9   1  26   0    74   0   0   0   2   -4
matthews,wesley   por SG 82 2783  445 1010 201 511 252  301  51  289  199  76 109  14 176   0  1343   7   0   0  82  303
maxiell,jason     orl PF 34  487   47  105   0   0  15   31  28   86    9   8  14  20  47   0   109   0   0   0  13  -89
maynor,eric       phi PG 31  325   32  101  12  37   6   11   9   39   52   9  29   3  17   0    82   0   0   0   0 -170
mayo,o.j.         mil SG 52 1348  224  550  84 227  76   88  25  125  113  28  95  13 111   0   608   5   0   0  23 -357
mbah_a_moute,luc  min SF 64 1002   87  193   4  17  46   67  56  146   36  31  40  14  68   2   224   0   0   0   7 -152
mccallum,ray      sac PG 45  898  113  300  22  59  32   43  18   79  120  22  39   9  69   0   280   0   0   0  10  -95
mccollum,c.j.     por PG 38  478   74  178  30  80  23   34   7   48   27  14  35   2  53   0   201   0   0   0   0  -20
mcgee,javale      den  C  5   80   17   39   0   0   1    1  10   17    2   1   8   7  16   0    35   0   0   0   5   -5
mclemore,ben      sac SG 82 2185  255  679  95 297 115  143  53  235   83  45  96  18 201   1   720   2   0   0  55 -206
mcroberts,josh    cha PF 78 2365  247  566 105 291  62   85  85  373  334  58  83  46 189   0   661   3   0   0  78   37
meeks,jodie       lal SG 77 2557  413  892 162 404 221  258  30  194  138 111 111   4 119   0  1209   0   0   0  70 -509
mekel,gal         dal PG 31  293   30   86   5  20   8   12   5   27   63   4  31   1  31   0    73   0   0   0   1    0
middleton,khris   mil SF 82 2461  376  854 120 290 118  137  60  310  169  83 123  19 243   4   990   4   0   0  64 -381
miles,c.j.        cle SG 51  987  178  409  83 211  64   75  18  103   52  46  44  15 103   0   503   0   0   0  34   45
miller,andre      was PG 58  988  106  231  11  21  60   77  28  130  197  34  61   9  75   1   283   1   0   0   2   47
miller,darius     nor SF 45  726   73  166  25  77  29   36   9   52   43  23  22   9  88   0   200   0   0   0   7   51
miller,mike       mem SF 82 1709  213  443 107 233  46   56  30  207  129  26  77   5  95   0   579   0   0   0   4  -51
miller,quincy     den SF 52  788   94  256  30  94  39   55  36  147   26  22  48  32  70   0   257   0   0   0  16  -60
mills,patty       san PG 81 1523  309  666 135 318  73   82  34  169  149  68  62   9 114   0   826   1   0   0   2  338
millsap,paul      atl PF 74 2481  483 1047  76 212 286  391 154  627  232 129 185  78 210   3  1328   1   0   0  73  124
mitchell,tony     det PF 21   84    5   12   1   1  11   19  15   26    2   6   4   3   9   0    22   0   0   0   0   10
mitchell,tony_b   mil PF  3   10    3    5   0   1   0    0   1    1    1   1   0   0   0   0     6   0   0   0   0    2
mohammed,nazr     chi  C 80  562   54  126   0   0  16   30  66  175   20  14  37  30  77   0   124   1   0   0   1  -15
monroe,greg       det  C 82 2693  504 1015   0   1 241  367 256  760  171  91 167  47 205   2  1249   8   0   0  82 -152
moore,e'twaun     orl SG 79 1506  195  456  57 161  52   68  29  136  112  60  55  13 106   0   499   0   0   0   3 -147
morris,darius     mem PG 26  305   39   93  12  36  16   24   7   25   43  12  27   0  33   0   106   0   0   0   0  -52
morris,marcus     pho PF 82 1800  288  651  99 260 121  159  84  319   88  72  95  18 157   0   796   7   0   0   1  125
morris,markieff   pho PF 81 2151  411  845  34 108 259  327 139  485  143  68 147  51 232   2  1115   9   0   0   0  133
morrow,anthony    nor SG 76 1427  238  520  88 195  72   87  29  140   59  39  51  13 102   0   636   0   0   0   9   43
motiejunas,donat  hou PF 62  952  131  296  21  84  58   96  60  225   34  20  49  21 132   4   341   0   0   0   3   53
moultrie,arnett   phi PF 12  188   16   38   0   0   4    5  11   35    2   8   7   4  22   0    36   0   0   0   2  -56
mozgov,timofey    den  C 82 1774  285  545   4  24 196  260 171  528   62  27 122 100 213   3   770   5   0   0  30   23
muhammad,shabazz  min SF 37  290   57  124   3  12  26   40  24   53    6   8  16   1  24   0   143   0   0   0   0  -75
mullens,byron     phi  C 45  416   73  165  33  89  10   20  24   92   14  15  27  11  64   0   189   3   0   0   0 -141
murphy,erik       chi PF 23   65    3   13   0   3   0    0   2    8    2   0   2   4   7   0     6   0   0   0   0  -48
murry,toure'      nyk SG 51  373   56  129   5  12  23   39  13   44   49  19  34   1  46   0   140   0   0   0   0  -30
muscala,mike      atl  C 20  215   31   73   0   3  14   14  17   52    7   3  12  10  29   0    76   0   0   0   0  -92
nash,steve        lal PG 15  313   36   94   8  24  22   24   4   29   86   7  31   2  18   0   102   0   0   0  10  -65
ndiaye,hamady     sac  C 14   76    3    9   0   0   0    1   5   18    3   0   3   4  15   0     6   0   0   0   0  -27
neal,gary         cha PG 52 1113  193  471  68 180  94  105  10   90   83  18  64   0  65   0   548   1   0   0   3 -171
nedovic,nemanja   gsw SG 24  144    8   39   3  18   7    8   3   15   13   0  13   1  13   0    26   0   0   0   0  -69
nelson,jameer     orl PG 68 2176  294  747 136 391  96  112  29  231  476  52 166   5 146   1   820   3   0   0  68 -273
nicholson,andrew  orl PF 76 1172  180  420  28  89  47   57  53  255   25  18  51  23 150   2   435   1   0   0   5 -153
noah,joakim       chi  C 80 2818  380  800   0   2 247  335 282  901  431  99 194 123 245   2  1007  12   0   0  80  230
novak,steve       tor SF 54  545   60  146  52 122   6    6   8   58   13  12   5   4  44   0   178   0   0   0   1   72
nowitzki,dirk     dal PF 80 2625  632 1272 131 329 338  376  40  498  216  73 118  45 165   1  1733   7   0   0  80  322
nunnally,james    na  SF 13  167   15   46   8  25   6    9   1   19    8   6   7   2  11   0    44   0   0   0   0  -36
o'neal,jermaine   gsw  C 44  882  125  248   0   0  99  132  85  242   25  14  52  41 102   0   349   9   0   0  13   24
o'quinn,kyle      orl PF 69 1186  186  371   0   3  57   83 100  364   78  39  78  88 165   1   429   1   0   0  19  -32
oden,greg         mia  C 23  212   27   49   0   0  13   23  23   54    1   7  12  13  52   0    67   0   0   0   6  -33
oladipo,victor    orl SG 80 2486  392  936  74 226 248  318  43  329  327 129 256  37 210   0  1106   2   0   0  44 -266
olynyk,kelly      bos PF 70 1396  234  501  40 113  99  122 140  365  109  35 106  27 227   4   607   0   0   0   9   -5
onuaku,arinze     cle PF  5   31    1    5   0   0   1    2   2    8    3   0   1   0   3   0     3   0   0   0   0   -6
orton,daniel      phi  C 22  253   21   47   0   0  23   30  16   61   15   6  18  16  38   0    65   2   0   0   4  -34
outlaw,travis     sac SF 63 1068  130  326  41 117  42   52  36  168   48  20  26  19  94   0   343   0   0   0   4 -101
pachulia,zaza     mil  C 53 1322  149  349   0   1 110  130 141  333  136  45  92  14 124   0   408   4   0   0  43 -181
pargo,jannero     cha PG 29  244   52  118  24  60   8   11   1   20   52  14  26   1  17   0   136   0   0   0   0  -51
parker,tony       san PG 68 2002  456  914  25  67 197  243  17  154  390  36 151   9  86   0  1134   1   0   0  68  274
parsons,chandler  hou SF 74 2785  466  987 130 351 164  221  69  409  298  88 144  29 168   1  1226   0   0   0  74  325
patterson,patric  tor PF 65 1536  225  489  55 151  50   71 117  342   78  55  65  37 159   2   555   2   0   0  13  168
paul,chris        lac PG 62 2168  406  870  78 212 295  345  38  268  663 154 145   4 157   1  1185  10   0   0  62  530
pekovic,nikola    min  C 54 1665  379  701   0   0 186  249 206  468   49  30  84  23 129   0   944   2   0   0  54  280
perkins,kendrick  okl  C 62 1206   87  194   0   2  37   67  82  305   67  26  91  32 177   0   211  10   0   0  62   44
pierce,paul       bro SF 75 2101  321  712 112 300 256  310  26  348  178  86 153  31 190   0  1010   6   0   0  68   71
pittman,dexter    atl  C  2    3    0    1   0   0   0    2   3    3    0   0   0   0   0   0     0   0   0   0   0   -2
plumlee,mason     bro PF 70 1275  199  302   0   3 122  195  99  308   60  49  77  55 171   3   520   0   0   0  22  -87
plumlee,miles     pho PF 80 1963  286  553   0   0  74  132 198  626   43  50 111  90 185   2   646   0   0   0  79   47
pondexter,quincy  mem SF 15  270   31   79  11  34  21   26  10   26   21   5  15   1  18   0    94   1   0   0   2 -106
porter,otto       was SF 37  322   33   91   4  21   8   12  21   57   10   8  14   1  26   0    78   0   0   0   0   -6
powell,josh       hou PF  1   19    2    6   0   0   0    0   0    5    0   0   1   1   1   0     4   0   0   0   0   -7
pressey,phil      bos PG 75 1129   78  253  28 106  29   45  20  105  240  68  87   5  97   1   213   0   0   0  11  -39
price,a.j.        min PG 28  101   19   46   6  22   0    2   1   10   13   1   7   0   5   0    44   0   0   0   0    2
price,ronnie      orl PG 32  380   28   92   9  43   9   13   8   43   66  25  26   2  50   0    74   0   0   0   2  -22
prigioni,pablo    nyk PG 66 1284   88  191  65 140  11   12  36  129  228  67  60   2 132   0   252   2   0   0  27   32
prince,tayshaun   mem SF 76 1949  200  492  20  69  34   60  32  234  119  39  41  19  63   0   454   0   0   0  76   43
raduljica,mirosl  mil  C 48  463   68  126   0   0  45   55  54  108   23   7  28  13  84   0   181   0   0   0   2  -49
randolph,anthony  den PF 43  527   68  175  18  61  52   69  19  121   32  26  39  19  64   0   206   1   0   0   5 -114
randolph,shavlik  pho PF 14   96    7   14   0   0   6   11   7   25    1   3   5   1  15   0    20   0   0   0   0   42
randolph,zach     mem PF 79 2709  560 1198   2  20 250  337 265  794  199  54 183  23 210   0  1372   4   0   0  79  169
redick,j.j.       lac SG 35  988  181  398  73 185  97  106   9   74   80  28  42   3  65   0   532   2   0   0  34  210
rice,glen         was SG 11  111   11   37   5  17   5    7   4   20    7   6   9   1   7   0    32   0   0   0   1   13
ridnour,luke      cha PG 61 1138  126  327  37 108  17   26  23   97  177  32  66   8  92   0   306   1   0   0  14 -202
rivers,austin     nor SG 69 1340  192  474  36  99 110  173  26  129  160  45  77   9 134   0   530   3   0   0   4  -14
roberson,andre    okl SG 40  398   33   68   2  13   7   10  36   94   15  19  19  10  74   2    75   0   0   0  16   26
roberts,brian     nor PG 72 1671  244  580  64 178 125  133  17  136  235  43  95   7 132   2   677   1   0   0  42 -137
robinson,nate     den PG 44  870  164  383  58 154  71   85  21   81  112  36  58   4  92   0   457   7   0   0   1   83
robinson,thomas   por PF 70  877  141  294   0   1  57  101 105  307   34  23  57  20 131   1   339   3   0   0   0  -87
rondo,rajon       bos PG 30  998  141  350  26  90  42   67  22  164  294  40 100   2  65   0   350   1   0   0  30 -172
rose,derrick      chi PG 10  311   58  164  16  47  27   32   9   32   43   5  34   1  15   0   159   1   0   0  10  -31
ross,terrence     tor SG 81 2156  318  751 161 408  82   98  43  253   79  64  88  27 183   4   879   1   0   0  62  132
rubio,ricky       min PG 82 2636  255  670  44 133 227  283  61  342  702 190 222  11 218   2   781   2   0   0  82  381
rush,brandon      uta SG 38  421   30   90  16  47   3    5   5   44   24   5  20   9  31   0    79   0   0   0   0  -94
sacre,robert      lal  C 65 1093  143  300   0   0  64   94  82  254   51  24  44  47 134   2   350   1   0   0  13 -153
salmons,john      tor SF 78 1725  150  413  63 163  40   52  20  163  147  47  54  19 124   0   403   1   0   0   8   -8
sanders,larry     mil  C 23  586   76  162   0   1  26   55  60  165   19  18  26  40  74   3   178   5   0   0  20 -111
schroder,dennis   atl PG 49  641   72  188  10  42  29   43   5   60   93  17  61   0  54   0   183   0   0   0   0 -205
scola,luis        ind PF 82 1398  263  560   1   7  99  136  85  390   81  26 108  16 164   0   626   1   0   0   2    2
scott,mike        atl SF 80 1484  301  628  62 200 103  132  62  284   75  30  79   7 121   0   767   0   0   0   6 -192
sefolosha,thabo   okl SG 61 1589  141  340  48 152  53   69  50  219   95  79  55  17  90   0   383   0   0   0  61  120
seraphin,kevin    was PF 53  578  111  220   0   0  27   31  53  128   17   3  41  26 103   0   249   0   0   0   1  -31
sessions,ramon    mil PG 83 2215  330  769  35 124 326  404  38  203  340  49 148   9  90   0  1021   2   0   0  19 -171
shakur,mustafa    okl PG  3   11    0    3   0   1   1    2   0    0    4   0   2   0   2   0     1   0   0   0   0   -8
shengelia,tornik  chi SF 26  158   13   28   0   6   3    8   4   16   14   3  12   0  18   0    29   0   0   0   0  -34
shumpert,iman     nyk SG 74 1962  183  484  76 228  53   71  81  308  129  92  79  13 209   1   495   1   0   0  58  154
shved,alexey      min PG 63  667   76  237  30 102  68   90  21   81   68  26  48  16  36   0   250   0   0   0   0  -35
sims,henry        phi  C 46  877  130  274   0   1  90  121 104  237   52  28  41  20 116   1   350   0   0   0  25 -138
singler,kyle      det SG 82 2335  269  602  94 246 152  184 116  303   75  61  79  38 211   2   784   0   0   0  36 -226
singleton,chris   was SF 25  249   25   66   7  19  18   25  18   55    6   9  17   3  25   0    75   0   0   0   0  -65
siva,peyton       det PG 24  225   18   57   7  25  11   15   2   14   34   9  18   1  27   0    54   0   0   0   0  -32
sloan,donald      ind PG 48  392   44  117  10  42  12   20   4   44   50  10  22   1  19   0   110   0   0   0   1  -84
smith,chris       nyk PG  2    2    0    0   0   0   0    0   0    0    0   0   0   0   0   0     0   0   0   0   0   -2
smith,greg        hou PF 11  100   18   28   0   0   2    5  11   27    0   1   5   2  17   1    38   0   0   0   0  -16
smith,ish         pho PG 70 1011  119  281   1  24  22   39  31  129  179  49  65  13  66   0   261   0   0   0   1  -10
smith,j.r.        nyk SG 74 2423  396  955 189 480  90  138  35  296  219  65 108  20 196   0  1071   2   0   0  37   -2
smith,jason       nor PF 31  826  131  282   0   0  39   50  51  181   29  11  28  29 100   3   301   1   0   0  27  -64
smith,josh        det SF 77 2733  517 1233  70 265 160  301 102  520  252 104 199 110 197   1  1264  10   0   0  76 -195
snell,tony        chi SF 77 1235  129  336  57 178  31   41  19  124   68  29  44  15  84   0   346   0   0   0  12 -115
southerland,jame  nor SF  4   30    5   15   3   6   1    2   0    8    0   1   1   2   3   0    14   0   0   0   0    7
speights,marrees  gsw PF 79  985  195  442   8  31 110  134 101  290   32  11  66  33 148   1   508   2   0   0   3 -122
splitter,tiago    san PF 59 1272  181  346   0   3 121  173 123  363   90  29  76  31 117   0   483   0   0   0  50  266
stephens,d.j.     mil SG  3   16    3    7   0   0   1    1   1    5    0   0   0   0   0   0     7   0   0   0   0    1
stephenson,lance  ind SG 78 2747  427  870  86 244 140  197  95  558  359  54 210   7 195   1  1080  14   0   0  78  287
stiemsma,greg     nor  C 55 1007   70  122   0   1  19   32  72  226   36  35  44  57 169   3   159   4   0   0  20 -171
stone,julyan      tor PG 21  122    7   17   2   8   2    3   2   20   12   3   5   0  13   0    18   0   0   0   0  -50
stoudemire,amare  nyk PF 65 1466  311  558   0   0 150  203 112  320   34  23  91  37 159   1   772   9   0   0  22 -159
stuckey,rodney    det PG 73 1949  372  853  24  88 244  292  39  169  152  54 125  10 131   1  1012   4   0   0   5 -159
sullinger,jared   bos PF 74 2041  384  899  56 208 158  203 241  601  118  35 119  49 251   3   982   1   0   0  44  -14
taylor,jeffery    cha SF 26  629   82  218  18  67  26   47  15   60   22  13  25   5  62   0   208   0   0   0   8  -75
taylor,tyshawn    bro PG 23  271   31   91   3  12  24   30   3   15   36  12  31   1  29   0    89   0   0   0   3 -131
teague,jeff       atl PG 79 2546  456 1040  74 225 318  376  34  208  526  89 231  17 158   0  1304   2   0   0  79  117
teague,marquis    bro PG 40  439   38  119   5  18  26   35   1   40   58  10  39   5  46   0   107   0   0   0   3  -70
teletovic,mirza   bro PF 72 1399  221  529 136 349  44   62  60  266   57  29  54  23 143   0   622   2   0   0   7  -95
temple,garrett    was SG 75  644   51  141   6  29  30   43  21   68   72  35  42  11  72   0   138   0   0   0   0  -86
terry,jason       bro SG 35  570   55  152  39 103  10   15   4   37   56  13  27   0  48   0   159   1   0   0   0  -66
thabeet,hasheem   okl  C 23  193   13   23   0   0   1    5   9   40    1   4  14   9  47   0    27   0   0   0   0   -2
thomas,adonis     phi SG  6   37    6   14   1   5   1    1   0    3    3   0   1   0   6   0    14   0   0   0   1    8
thomas,isaiah     sac PG 72 2492  496 1096 127 364 346  407  47  210  454  93 213   8 185   0  1465  10   0   0  54   29
thomas,lance      nor SF  5   42    2    9   0   0   2    4   2    7    3   0   2   0   4   0     6   0   0   0   0   -3
thomas,malcomb    uta PF  8   63    7   16   1   4   0    2   5   21    2   0   9   3   5   0    15   0   0   0   0    5
thompson,hollis   phi SF 77 1742  171  372  67 167  52   73  73  247   73  53  60  12 144   0   461   0   0   0  41 -360
thompson,jason    sac PF 82 2011  251  496   0   0  84  145 153  527   52  32  95  56 251   5   586   9   0   0  61   -9
thompson,klay     gsw SG 81 2867  559 1259 223 535 147  185  38  249  181  75 135  37 234   2  1488   2   0   0  81  532
thompson,tristan  cle PF 82 2591  363  761   0   1 235  339 269  754   72  42 108  35 188   0   961   0   0   0  82 -228
thornton,marcus   bro SG 72 1742  252  639 109 316  90  112  57  198   77  58  67  11 110   0   703   0   0   0  27  -32
tinsley,jamal     uta PG  8  110    4   20   1  15   0    0   2   11   23   2   9   0  10   0     9   1   0   0   5  -47
tolliver,anthony  cha PF 64 1300  129  307 102 247  33   41  33  168   42  19  23  15  82   0   393   0   0   0   9   75
tucker,p.j.       pho SG 81 2489  265  615  74 191 156  201 162  530  140 110 102  23 204   2   760  12   0   0  81  125
turiaf,ronny      min  C 31  608   64  107   0   0  21   50  55  174   23   8  24  50  65   1   149   0   0   0  10  -23
turkoglu,hedo     lac SF 38  394   42  109  22  50   9   18  11   89   33  19  16  10  50   0   115   0   0   0   0    7
turner,evan       ind SG 81 2453  435 1022  50 156 213  262  62  408  261  67 189   7 195   3  1133   9   0   0  56 -375
tyler,jeremy      nyk PF 41  399   60  116   0   0  26   48  38  109    8   6  26  20  70   0   146   0   0   0   0  -51
udoh,ekpe         mil PF 43  804   57  143   0   0  30   47  61  148   31  15  38  44  96   0   144   0   0   0  14 -169
udrih,beno        mem PG 41  646   78  178  19  42  25   30  10   59  116  23  47   4  50   1   200   0   0   0  12 -106
valanciunas,jona  tor  C 81 2283  359  676   0   1 198  260 225  712   58  24 136  71 249   1   916   6   0   0  81   91
varejao,anderson  cle PF 65 1803  227  459   0   7  92  135 187  629  140  69  72  39 164   2   546   1   0   0  29   64
varnado,jarvis    phi PF 24  343   36   60   0   0  27   52  19   63   13  10  10  29  62   0    99   0   0   0   0  -95
vasquez,greivis   tor PG 79 1778  277  658 109 289  95  108  20  173  323  31 128   5 143   2   758   3   0   0  23  168
vesely,jan        den SF 54  775   89  173   0   0  19   56  81  191   22  53  36  35 121   3   197   0   0   0   1 -109
villanueva,charl  det PF 20  179   35   92  14  56   8   14   6   34    6   4   7   5  16   0    92   0   0   0   0  -72
vucevic,nikola    orl  C 57 1814  353  696   0   0 105  137 185  626  104  60 112  47 169   4   811   3   0   0  57 -177
vujacic,sasha     lac SG  2   10    2    5   1   2   0    0   0    3    0   1   3   0   1   0     5   0   0   0   0  -12
wade,dwyane       mia SG 54 1776  415  760   9  32 189  258  59  241  253  79 161  29 106   0  1028   5   0   0  53  141
waiters,dion      cle SG 70 2073  430  992  92 249 161  235  31  194  211  63 154  17 153   0  1113   2   0   0  24  -54
walker,kemba      cha PG 73 2617  449 1143 109 327 282  337  39  306  447  86 169  32 128   1  1289   4   0   0  73  132
wall,john         was PG 82 2980  579 1337 108 308 317  394  38  333  719 149 295  39 219   1  1583   2   0   0  82  195
wallace,gerald    bos SF 58 1418  116  230  19  64  47  101  36  212  143  73  97  14  79   0   298   4   0   0  16 -172
ware,casper       phi PG  9  116   18   42   7  21   5    6   0    9   10   8   5   0  11   0    48   0   0   0   0   -5
watson,c.j.       ind PG 64 1194  146  335  53 145  69   88  19  101  107  60  59   8  66   0   414   0   0   0   5  136
watson,earl       por PG 24  164    3   11   2   7   4    4   5   15   28   5  17   1  33   0    12   0   0   0   0   -9
wayns,maalik      lac PG  2    9    1    2   0   0   0    0   0    2    2   2   0   0   4   0     2   0   0   0   0  -10
webster,martell   was SF 78 2164  254  587 146 372 105  125  38  223   97  41  58  15 150   1   759   0   0   0  13  -12
west,david        ind PF 80 2469  458  939   4  15 198  251 120  542  223  61 133  74 186   1  1118   7   0   0  80  410
westbrook,russel  okl PG 46 1409  347  792  68 214 242  293  55  263  319  88 177   7 104   1  1004  10   0   0  46  221
white,d.j.        cha PF  2   10    0    1   0   0   0    0   0    2    0   1   0   0   1   0     0   0   0   0   0   -2
white,royce       sac SF  3    9    0    1   0   0   0    0   0    0    0   0   0   0   2   0     0   0   0   0   0   -6
williams,deron    bro PG 65 2058  322  716  98 268 173  216  15  168  393  93 143  13 148   0   915   0   0   0  58  187
williams,derrick  sac PF 78 1816  206  481  26  99 186  259  71  323   56  48  76  20 114   0   624   0   0   0  15 -180
williams,elliot   phi SG 67 1157  140  337  37 125  87  119  30  130   72  35  68   3 126   0   404   0   0   0   2 -366
williams,louis    atl SG 60 1445  197  493  79 231 152  179  10  124  210  45  92   4  65   0   625   0   0   0   7 -167
williams,marvin   uta PF 66 1673  231  526  84 234  57   73  82  334   78  54  53  31 151   3   603   0   0   0  50 -174
williams,mo       por PG 74 1835  280  672  83 225  78   89  42  153  321  55 149  10 197   1   721   4   0   0   0   73
williams,reggie   okl SF  3   18    5    9   1   3   0    0   0    0    1   1   2   0   1   0    11   0   0   0   0   -5
williams,shawne   lal SF 36  754   73  192  42 129  14   20  25  167   30  19  21  30  93   2   202   2   0   0  13   25
withey,jeff       nor  C 58  687   69  129   0   1  52   73  49  150   26  15  20  50  73   0   190   0   0   0   4   29
wolters,nate      mil PG 58 1307  170  389  18  62  59   90  33  149  187  35  57  15  67   0   417   0   0   0  31  -25
wright,brandan    dal  C 58 1083  224  331   0   0  77  106 102  244   31  32  35  55  94   0   525   0   0   0   0  123
wright,chris      mil SF  8  126   21   35   0   1   6   15  10   20    5   7   5   5  17   0    48   0   0   0   0  -25
wright,dorell     por SF 68  981  111  296  69 202  52   69  29  191   64  23  39  16  62   0   343   0   0   0  13   54
wroten,tony       phi PG 72 1765  345  808  40 188 209  326  69  228  217  78 204  16 151   1   939   2   0   0  16 -436
young,nick        lal SG 64 1818  387  889 135 350 235  285  29  166   95  47  95  12 156   2  1144   8   0   0   9  -84
young,thaddeus    phi SF 79 2717  582 1283  90 292 163  229 166  476  182 168 165  36 213   1  1417   3   0   0  78 -652
zeller,cody       cha PF 82 1412  172  404   0   1 146  200 118  353   92  40  87  41 170   0   490   0   0   0   3  -83
zeller,tyler      cle PF 70 1050  156  290   0   1  87  121 102  281   35  18  60  38 137   1   399   1   0   0   9   -5
