Player           Team PS GP  Min  FGM  FGA  3M  3A FTM  FTA  OR   TR   AS  ST  TO  BK  PF  DQ   PTS  TC  EJ  FF Sta +/-
acy,quincy        nyk SF 68 1288  152  331  18  60  76   97  79  301   68  27  60  22 147   1   398   5   0   0  22 -211
adams,jordan      mem SG 30  249   35   86  10  25  14   23   9   28   16  16  14   7  24   0    94   0   0   0   0   17
adams,steven      okl  C 70 1776  217  399   0   2 103  205 199  522   65  38  99  85 222   3   537   3   0   0  67   46
adrien,jeff       min PF 17  215   19   44   0   0  22   38  23   77   15   4   9   9  30   0    60   0   0   0   0  -13
afflalo,arron     por SG 78 2502  375  884 118 333 167  198  27  247  129  41 116   7 167   1  1035   0   0   0  72   -6
ajinca,alexis     nor  C 68  956  181  328   0   0  81   99 104  315   47  21  69  51 151   0   443   1   0   0   8  -12
aldemir,furkan    phi PF 41  541   40   78   0   5  13   27  78  176   28  17  17  16  96   1    93   0   0   0  10 -102
aldrich,cole      nyk  C 61  979  144  301   0   0  50   64 101  338   75  38  59  65 122   1   338   0   0   0  16 -273
aldridge,lamarcu  por PF 71 2514  659 1415  37 105 306  362 177  726  124  48 122  68 125   0  1661   2   0   0  71  338
allen,lavoy       ind PF 63 1066  142  300   0   0  33   48 124  324   72  15  40  42 102   0   317   0   0   0   0   86
allen,tony        mem SG 63 1647  225  455  10  29  79  126 103  280   86 128  86  30 166   1   539   5   0   0  41  247
aminu,al-farouq   dal SF 74 1368  147  357  34 124  84  118 113  341   59  70  55  62 137   0   412   3   0   0   3  110
amundson,lou      nyk PF 53  937  109  255   0   1  41   87  94  268   70  22  62  52 126   1   259   1   0   0  35 -148
andersen,chris    mia  C 60 1131  120  207   4  13  76  114  76  299   43  26  40  61  88   0   320   2   0   0  20   11
anderson,alan     bro SG 74 1743  194  439  73 210  82  101  31  204   84  56  60   5 148   0   543   2   0   0  19  -60
anderson,kyle     san SG 33  355   31   89   3  11   9   14   5   72   28  15  10   7  28   0    74   0   0   0   8  -35
anderson,ryan     nor PF 61 1677  291  729 122 359 129  151 108  294   56  33  62  20 113   1   833   3   0   0   5  -21
antetokounmpo,g   mil SG 81 2542  383  780   7  44 257  347 100  542  207  73 173  85 254   1  1030   3   0   0  71    8
anthony,carmelo   nyk SF 40 1430  358  806  61 179 189  237  72  264  122  40  89  17  87   0   966   1   0   0  40 -107
anthony,joel      det  C 49  408   36   62   0   0  15   22  32   94    5  12  12  49  55   0    87   0   0   0   0   13
antic,pero        atl PF 63 1041  108  296  52 173  88  123  58  188   49  18  49  16 130   0   356   3   0   0   3  146
ariza,trevor      hou SG 82 2936  366  909 194 555 122  143  77  459  209 152 141  17 186   0  1048   4   0   0  82  240
arthur,darrell    den PF 58  986  155  384  26 110  46   59  53  171   57  48  47  26 146   2   382   3   0   0   4  -14
asik,omer         nor  C 77 1979  213  412   0   0 131  225 244  748   74  29  95  54 144   0   557   1   0   0  76   21
augustin,d.j.     okl PG 82 1964  258  647  83 246 178  205  20  161  353  49 145   3  93   0   777   1   0   0  14  -68
ayres,jeff        san PF 51  386   55   95   0   0  27   36  37  117   14   8  26   8  60   0   137   1   0   0   0  -54
babbitt,luke      nor SF 63  828   92  192  59 115  13   19  12  111   24  17  26  11  63   0   256   0   0   0  19 -102
bairstow,cameron  chi PF 18   67    3   14   0   0   4    5   6    8    1   2   3   1   8   0    10   0   0   0   1  -20
barbosa,leandro   gsw SG 66  983  183  386  43 112  58   74  23   90   99  41  44   8  87   0   467   0   0   0   1   -6
barea,j.j.        dal PG 77 1368  225  536  54 167  76   94  23  134  262  33  70   1 104   0   580   0   0   0  10  126
bargnani,andrea   nyk  C 29  785  164  361  15  41  87  107  32  127   46   2  42  27  53   1   430   0   0   0  22 -270
barnes,harrison   gsw SF 82 2317  316  656  87 215 108  150 117  453  116  61  71  19 146   0   827   0   0   0  82  529
barnes,matt       lac SF 76 2276  277  624 136 376  74   95  51  302  114  67  87  50 240   2   764  13   0   0  74  527
barron,earl       pho PF 16  143   12   39   2   4   6   12  14   28    5   4   5   2  26   0    32   0   0   0   1  -57
barton,will       den SG 58  982  150  353  23  85  74   94  26  162   81  48  61  19  70   0   397   1   0   0   0  -29
bass,brandon      bos PF 82 1932  344  683   9  32 169  214 139  398  104  42  83  32 140   0   866   1   0   0  43 -177
batum,nicolas     por SF 71 2380  240  599 100 308  84   98  62  416  341  78 132  40 106   0   664   1   0   0  71  221
bayless,jerryd    mil PG 77 1723  220  516  37 120 121  137  22  211  234  59 133  12 163   0   598   6   0   0   4  -16
baynes,aron       san PF 70 1126  185  327   1   4  90  104 109  317   35  16  65  22 162   3   461   2   0   0  17  136
bazemore,kent     atl SG 75 1327  141  331  48 132  60  100  21  222   78  52  73  33 127   0   390   1   0   0  10  -99
beal,bradley      was SG 63 2109  364  852 106 259 130  166  58  242  194  75 125  16 136   1   964   1   0   0  59  192
beasley,michael   mia PF 24  503   92  212   8  34  20   26  12   89   32  15  37  13  66   2   212   4   0   0   1    3
belinelli,marco   san SG 62 1386  199  470  86 230  84   99  26  157   94  31  61   3  85   0   568   0   0   0   9    0
benimon,jerrelle  uta PF  2    3    0    0   0   0   0    0   1    3    0   0   1   0   0   0     0   0   0   0   0    6
bennett,anthony   min PF 57  898  125  296   7  22  41   64  52  216   48  27  36  16  87   0   298   1   0   0   3 -296
beverley,patrick  hou PG 56 1729  204  532 115 323  45   60  67  236  191  59  83  23 182   3   568   6   0   0  55   82
bhullar,sim       sac  C  3    3    1    2   0   0   0    0   0    1    1   0   0   1   0   0     2   0   0   0   0    1
biyombo,bismack   cha  C 64 1240  101  186   0   0 102  175 159  407   16  18  52  98 140   0   304   2   0   0  21  -33
black,tarik       lal PF 63 1195  157  273   0   1  65  118 142  368   42  19  48  24 158   2   379   0   0   0  39  -79
blair,dejuan      was  C 29  179   26   57   0   0   4    6  16   56    3   7  13   1  41   0    56   0   0   0   0  -61
blake,steve       por PG 81 1529  122  327  77 219  29   41  16  137  288  41 104   5 118   0   350   3   0   0   0  109
bledsoe,eric      pho PG 81 2799  468 1047  88 272 353  441  73  424  494 127 274  45 189   1  1377  10   0   0  81   35
blue,vander       lal SG  2   74    9   30   2  10   2    5   2    9    8   3   6   0   4   0    22   0   0   0   1  -24
bogdanovic,bojan  bro SF 78 1856  261  576  91 256  87  106  50  213   68  34  78   9 104   0   700   1   0   0  28 -180
bogut,andrew      gsw  C 67 1583  200  355   0   0  22   42 141  543  180  39 106 113 188   2   422   0   0   0  65  537
bonner,matt       san PF 72  938   94  230  46 126  30   37  29  116   47  10  11  12  65   0   264   0   0   0  19   39
booker,trevor     uta PF 79 1562  226  464  29  84  86  148 139  397   83  43  88  41 144   1   567   4   0   0   5   32
boozer,carlos     lal PF 71 1692  371  743   0   0  94  150 111  482   95  41  93  12 184   2   836   2   0   0  26 -319
bosh,chris        mia PF 44 1557  343  745  63 168 179  232  46  310   95  41  95  24  69   0   928   0   0   0  44  -91
bradley,avery     bos PG 77 2427  434 1012 124 352  79  100  46  241  135  81 109  15 177   0  1071   0   0   0  77  -85
brand,elton       atl PF 36  487   42   95   0   1  12   23  28  100   22  17  18  24  54   0    96   0   0   0   4    3
brewer,corey      hou SF 80 2088  343  806  63 235 168  226  80  297  174 114 131  19 173   1   917   3   0   0  17  -41
brooks,aaron      chi PG 82 1885  344  817 121 313 145  174  32  166  261  54 157  15 189   2   954   6   0   0  21  209
brown,jabari      lal SG 19  567   70  170  23  62  64   85   3   36   40  12  31   2  33   0   227   0   0   0   5 -128
brown,lorenzo     min PG 29  550   52  122   6  28  12   19  14   70   90  28  30   6  49   0   122   0   0   0   7  -94
brown,markel      bro SG 47  784   76  210  17  64  47   57  16  107   39  31  27  12  57   0   216   1   0   0  29  -21
brown,shannon     mia PG  5   89    7   19   3   7   3    4   0    1    3   4   4   0   8   0    20   0   0   0   2  -16
bryant,kobe       lal SG 35 1206  266  713  54 184 196  241  26  199  197  47 128   7  65   0   782   4   0   0  35 -294
budinger,chase    min SF 67 1287  169  390  52 143  67   81  33  198   64  44  49  10  72   0   457   1   0   0   4 -261
bullock,reggie    pho SG 36  339   24   70  15  46   6    9   1   50    8  10   8   4  19   0    69   0   0   0   2   -4
burke,trey        uta PG 76 2286  370 1005 124 390 109  145  30  203  328  65 124  16 119   0   973   0   0   0  43  -47
burks,alec        uta PG 27  899  121  300  26  68 106  129  19  114   82  17  52   5  64   0   374   1   0   0  27 -129
butler,caron      det SF 78 1626  161  396  83 219  55   61  21  196   79  43  49   4 120   0   460   1   0   0  21  -20
butler,jimmy      chi SG 65 2515  421  912  73 193 386  463 114  379  212 114  93  36 108   0  1301   2   0   0  65  233
butler,rasual     was SF 75 1509  218  517  91 235  53   67  27  197   64  30  48  22  98   0   580   0   0   0   1  -56
buycks,dwight     lal PG  6  124   18   40   7  11   9   10   2   12   14   3  12   0   3   0    52   0   0   0   0  -24
bynum,will        was PG  7   67   10   31   0   9   2    4   2    6   18   1   8   1   9   0    22   0   0   0   0  -50
caboclo,bruno     tor SF  8   24    4   12   2   3   0    0   1    2    0   0   4   1   3   0    10   0   0   0   0  -28
calathes,nick     mem SG 58  835  104  247  11  44  24   45  19  106  146  63  61   5 100   1   243   1   0   0   0   86
calderon,jose     nyk PG 42 1269  147  354  59 142  29   32  19  124  198  31  75   0  76   0   382   0   0   0  42 -340
caldwell-pope,ke  det SG 82 2591  390  972 153 444 110  158  46  255  110  93  94  18 161   1  1043   2   0   0  82   68
canaan,isaiah     phi PG 48  940  146  378  91 246  49   60  18   87   98  29  62   3  83   0   432   1   0   0  21  -62
capela,clint      hou  C 12   90   14   29   0   0   4   23  10   36    2   1   5   9  14   0    32   0   0   0   0    8
carroll,demarre   atl SF 71 2188  318  653 120 304 127  181  99  373  117  93  76  17 154   1   883   4   0   0  69  206
carter,vince      mem SG 66 1092  135  406  69 232  45   57  27  133   79  43  43  14 102   0   384   6   0   0   1   31
carter-williams   mil PG 67 2151  364  919  36 153 202  291  64  353  443 111 253  30 167   3   966   4   0   0  63 -166
casspi,omri       sac SF 67 1418  209  427  35  87 140  191  54  260  102  31  88   8 107   0   593   2   0   0  19 -183
chalmers,mario    mia PG 80 2368  267  663  73 248 206  266  24  206  307 122 173  10 251   2   813   2   0   0  37 -143
chandler,tyson    dal  C 75 2286  293  440   0   0 185  257 295  865   84  42 105  91 169   0   771  11   0   0  75  228
chandler,wilson   den SF 78 2474  418  975 139 406 110  142  96  475  134  58 110  29 231   2  1085   0   0   0  75 -217
cherry,will       cle PG  8   70    5   19   2   9   3    6   1    5    8   6   4   1  10   0    15   0   0   0   0   -7
christopher,patr  uta SG  4   29    3   12   0   4   0    0   2    6    0   1   1   0   6   0     6   0   0   0   1  -18
clark,earl        bro PF  9   83    8   25   3  11   1    4   1   22    2   2   6   4  10   0    20   0   0   0   0  -27
clark,ian         den SG 30  193   19   55  10  30   9    9   4   16   12  10   9   3  20   0    57   0   0   0   0  -41
clarkson,jordan   lal PG 59 1474  267  595  38 121 131  158  56  191  206  51  96  12 109   1   703   0   0   0  38 -241
claver,victor     por PF 10   75    9   20   6  11   0    0   3   20    1   1   4   1  12   0    24   0   0   0   0   21
cole,norris       nor PG 75 1830  230  558  55 176  58   81  13  159  255  57  99  15 124   1   573   1   0   0  25 -184
collison,darren   sac PG 45 1562  260  550  60 161 145  184  19  143  251  67 112  14  95   0   725   0   0   0  45   34
collison,nick     okl PF 66 1105  106  253  16  60  45   65  90  250   90  35  45  25 156   0   273   3   0   0   2   84
conley,mike       mem PG 70 2225  393  882 107 277 214  249  29  209  375  89 156  14 139   0  1107   1   0   0  70  214
cooley,jack       uta SF 16   86    9   22   0   0   9   21  10   25    1   6   3   3  23   0    27   0   0   0   0   -5
copeland,chris    ind SF 50  829  112  310  52 167  33   45  23  111   51  11  59  11  78   0   309   0   0   0  12  -27
cotton,bryce      uta PG 16  162   29   69   7  20  15   18   3   18   15   4  12   0   6   0    80   0   0   0   0   -1
cousins,demarcus  sac  C 59 2013  498 1066   2   8 423  541 185  747  210  90 254 104 241  10  1421  15   0   0  59   56
covington,robert  phi SF 69 1930  293  743 163 438 178  216  65  314  105  97 128  31 185   1   927   0   0   0  48 -138
crabbe,allen      por SG 51  684   63  153  30  85  12   16   7   73   39  19  15  15  74   0   168   0   0   0   9  -25
crawford,jamal    lac SG 64 1706  332  839 119 364 227  252  18  124  158  59  92  14 108   0  1010   5   0   0   4   78
crowder,jae       bos SF 82 1654  229  547  61 208 109  141  72  293   94  72  49  25 137   0   628   1   0   0  17   72
cunningham,dante  nor PF 66 1650  155  339   1  10  29   47  70  256   50  46  35  37 101   0   340   0   0   0  27  -22
cunningham,jared  lac SG 19   91   12   33   4  13   7   13   1    9   10   3   7   0  12   0    35   0   0   0   0   -5
curry,seth        pho PG  2    8    0    3   0   1   0    0   0    2    1   0   0   0   2   0     0   0   0   0   0   -4
curry,stephen     gsw PG 80 2613  653 1341 286 646 308  337  56  342  619 163 249  16 158   0  1900   2   0   0  80  919
dalembert,samuel  nyk  C 32  544   57  130   0   0  14   20  53  168   29  14  39  41  70   0   128   0   0   0  21 -176
daniels,troy      cha SG 47  401   61  165  43 118  11   13   8   33   22   6  20   1  40   0   176   0   0   0   0  -94
datome,luigi      bos SF 21  211   43   89  18  40   1    1   3   29    9   2   9   7  15   0   105   0   0   0   1   68
davies,brandon    bro PF 27  424   55  137   8  34  24   37  38   83   30  18  29   7  59   1   142   0   0   0   6 -161
davis,anthony     nor PF 68 2460  642 1199   1  12 371  461 172  694  148 100  95 200 141   0  1656   2   0   0  68  266
davis,ed          lal PF 79 1842  282  469   0   0  92  189 230  600   94  49  57  98 202   4   656   1   0   0  24 -265
davis,glen        lac PF 74  909  117  255   0   4  60   95  43  168   39  41  39  21 132   1   294   0   0   0   0  -84
dawkins,andre     mia SG  4   22    1    6   1   6   0    0   0    2    1   0   1   0   3   0     3   0   0   0   0   -4
daye,austin       atl SF 35  348   50  140  24  70   5    6  10   75   17  12  23   5  39   0   129   0   0   0   4  -44
dedmon,dewayne    orl  C 59  849   91  162   0   1  34   64 118  295    9  16  51  50 141   2   216   2   0   0  15  -23
dellavedova,matt  cle SG 67 1378  107  302  64 164  27   36  38  128  202  22  59   2 152   0   305   0   0   0  13   23
deng,luol         mia SF 72 2420  369  788  78 221 191  251 102  375  139  66 108  22 109   0  1007   2   0   0  72   -8
derozan,demar     tor SG 60 2102  409  990  25  88 361  434  41  277  210  73 137  11 122   0  1204   6   0   0  60  131
diaw,boris        san PF 81 1987  291  633  54 170  72   93  78  348  233  36 126  23 148   0   708   1   0   0  15  291
dieng,gorgui      min  C 73 2193  259  512   1   6 191  244 224  610  146  70 126 125 188   1   710   0   0   0  49 -391
dinwiddie,spence  det PG 34  458   51  169  12  65  31   34   4   48  104  19  33   6  53   1   145   0   0   0   1  -74
dorsey,joey       hou PF 69  856   80  145   0   1  24   83 103  279   25  40  41  25 157   1   184   3   0   0  17   14
douglas,toney     nor PG 12  177   19   51   5  18   8   13   2   22   24  11  10   4  20   0    51   0   0   0   0    7
douglas-roberts,  lac SG 12  103    5   21   1   7   8    8   1   12    4   1   0   0  14   0    19   0   0   0   0  -14
dragic,goran      mia SG 78 2641  502 1002  90 259 181  234  81  274  350  78 173  16 195   2  1275   4   0   0  77   22
dragic,zoran      mia SG 16   76   11   30   3  14   3    5   5    8    5   2   5   0   6   0    28   0   0   0   1  -15
drew,larry        phi PG 12  220   20   58   4  26   2    3   1   15   45   6  25   0  13   0    46   0   0   0   1  -73
drummond,andre    det  C 82 2497  494  960   0   2 142  365 437 1104   55  73 120 153 285   7  1130   4   0   0  82  -59
dudley,jared      mil SG 72 1716  198  423  74 192  48   67  45  220  130  72  62  11 113   0   518   2   0   0  22  108
duncan,tim        san PF 77 2224  419  819   2   7 230  311 170  705  230  63 132 150 165   0  1070   1   0   0  77  305
dunleavy,mike     chi SF 63 1837  209  481 107 263  70   87  28  248  115  39  60  21 123   0   595   1   0   0  63  209
durant,kevin      okl SF 27  914  238  467  64 159 146  171  16  178  110  24  74  25  40   0   686   4   0   0  27  168
early,cleanthony  nyk SF 39  651   76  214  22  84  36   48  22   97   36  24  40  12  57   0   210   1   0   0   7 -160
ellington,wayne   lal SG 65 1676  254  617  90 243  52   64  31  210  105  33  50   2  77   0   650   1   0   0  36 -121
ellis,monta       dal SG 80 2698  602 1354  81 284 228  303  34  190  329 147 198  25 197   0  1513   3   0   0  80  213
ennis,james       mia SF 62 1052  101  247  31  95  79   94  51  176   47  25  39  17  89   0   312   0   0   0   3   -8
ennis,tyler       mil PG 33  413   52  144  12  43   5    7   7   35   73  18  42   5  36   0   121   0   0   0   1  -61
evans,jeremy      uta SF 38  266   32   58   2   5  24   29  26   71   13  11   5  12  29   0    90   0   0   0   0   32
evans,reggie      sac PF 47  767   58  137   0   2  60   97  97  299   32  22  45   5  91   0   176   1   0   0   7  -45
evans,tyreke      nor SG 79 2695  521 1165  69 227 202  291  82  418  520 100 246  38 198   3  1313   3   0   0  76  163
exum,dante        uta SG 82 1821  145  416  83 264  20   32  27  131  198  41 118  14 147   0   393   0   0   0  41   93
ezeli,festus      gsw  C 46  504   76  139   0   0  49   78  60  156    9   7  32  42  77   1   201   2   0   0   7   16
faried,kenneth    den PF 75 2085  373  736   1   8 199  288 242  668   89  62 118  57 211   2   946   8   0   0  71  -38
farmar,jordan     lac PG 36  528   61  158  35  97  10   11   8   43   67  20  32   5  52   1   167   0   0   0   0  -43
favors,derrick    uta PF 74 2281  482  918   1   6 222  332 196  607  112  60 121 123 210   0  1187   0   0   0  74   62
felton,raymond    dal PG 29  281   43  106  10  34  12   15   2   26   42  11  18   4  17   0   108   0   0   0   3  -20
fields,landry     tor SG 26  217   20   41   1   2   5    6  10   26   15  11   8   0   9   0    46   0   0   0   9  -79
fournier,evan     orl SG 58 1659  253  575  85 225 107  147  28  153  120  40  82   2 117   0   698   1   0   0  32 -146
foye,randy        den SG 51 1089  148  402  94 263  45   55   9   84  119  34  60  11  97   0   435   0   0   0  21 -105
franklin,jamaal   den SG  3   14    1    2   1   2   0    0   1    2    3   0   3   1   4   0     3   0   0   0   0   -9
frazier,tim       por PG 11  241   21   61   5  17  10   21   6   28   60   8  25   0  26   0    57   0   0   0   3   -6
fredette,jimmer   nor PG 50  514   63  166   9  48  43   45   8   40   58  15  33   2  43   0   178   0   0   0   0   44
freeland,joel     por  C 48  618   74  151   0   0  21   25  62  191   16   9  23  23  93   1   169   5   0   0   8   63
frye,channing     orl PF 75 1867  191  487 136 346  31   35  27  293   94  47  78  40 191   2   549   2   0   0  51 -247
gallinari,danilo  den SF 59 1421  228  568 107 301 171  191  31  218   83  47  57  20  94   0   734   0   0   0  27   18
galloway,langsto  nyk PG 45 1459  204  511  62 176  63   78  37  190  150  51  61  12 129   1   533   0   0   0  41 -271
garcia,francisco  hou SG 14  201   17   63  10  45   1    4   3   17   15   9  10   5  20   0    45   0   0   0   0  -10
garnett,kevin     min PF 47  948  143  306   1   7  36   45  48  311   77  46  46  17 109   0   323   8   0   0  47  -25
gasol,marc        mem  C 81 2690  530 1072   3  17 350  440 115  630  307  71 175 131 208   2  1413   6   0   0  81  226
gasol,pau         chi PF 78 2682  570 1154  12  26 294  366 220  919  210  25 158 147 147   0  1446   0   0   0  78  192
gay,rudy          sac SF 68 2412  508 1116  79 220 337  393  98  399  250  71 183  41 157   1  1432   8   0   0  67 -108
gee,alonzo        por SF 54  664   87  186  13  35  54   77  37   94   25  35  33   7  58   0   241   0   0   0   2 -100
george,paul       ind SF  6   92   18   49   9  22   8   11   4   22    6   5  12   1  11   0    53   0   0   0   0   15
gibson,taj        chi PF 62 1694  255  507   0   0 132  184 163  397   71  36  77  76 162   1   642   3   0   0  17   36
ginobili,manu     san SG 70 1591  251  589  89 258 147  204  28  211  293  67 154  20 138   0   738   0   0   0   0  315
gobert,rudy       uta  C 82 2163  258  427   0   2 170  273 266  776  107  64 111 188 175   1   686   3   0   0  37    6
gooden,drew       was PF 51  866  110  277  23  61  34   44  72  223   49  21  28   9  91   0   277   0   0   0   7   -2
goodwin,archie    pho SG 41  535   79  201  12  41  61   83  27   74   44  18  48   9  55   0   231   1   0   0   2 -161
gordon,aaron      orl PF 47  797   93  208  13  48  44   61  46  169   33  21  38  22  83   0   243   0   0   0   8 -163
gordon,ben        orl SG 56  789  129  295  35  97  56   67   6   63   50  14  55   1  60   0   349   1   0   0   0 -137
gordon,drew       phi PF  9   72    8   19   0   3   1    2   7   18    2   1   8   0   7   0    17   0   0   0   0  -34
gordon,eric       nor SG 61 2020  285  693 141 315 107  133  28  159  230  50 122  14 145   0   818   0   0   0  60   66
gortat,marcin     was  C 82 2455  439  773   0   3 123  175 181  717   97  50 102 110 192   1  1001   4   0   0  82  257
granger,danny     mia SF 31  611   65  162  30  84  28   37  20   80   17  13  24   6  67   0   188   0   0   0   6 -107
grant,jerami      phi SF 65 1380  124  352  49 156 114  193  49  198   79  40  85  68 144   2   411   0   0   0  11 -175
green,danny       san SG 81 2311  322  738 191 457 111  127  54  343  158 101  93  87 163   0   946   1   0   0  80  430
green,draymond    gsw SF 79 2487  339  765 111 329 132  200 114  647  291 123 133 100 253   1   921  11   0   0  79  840
green,erick       den PG 43  414   61  162  14  47  10   12   7   31   39  12  14   0  26   0   146   0   0   0   1  -81
green,gerald      pho SG 74 1447  324  778 137 387  99  120  33  186   91  42 104  12 145   1   884   3   0   0   4   -4
green,jamychal    mem PF 24  165   27   47   0   6   8   10  19   45    4   5  14   5  25   0    62   0   0   0   1  -25
green,jeff        mem SF 78 2459  416  967  97 292 239  287  63  326  135  53 108  34 147   1  1168   1   0   0  70 -135
green,willie      orl SG 52  953  118  306  42 121  28   34  14   79   68  26  48   5  81   0   306   0   0   0   2  -85
griffin,blake     lac PF 67 2354  574 1144  10  25 311  427 126  508  353  63 152  35 196   3  1469  12   0   0  67  582
gutierrez,jorge   mil PG 20  176   22   41   0   3   9   13   5   25   22   6  12   0  25   0    53   0   0   0   1  -27
hairston,p.j.     cha SG 45  690   87  269  49 163  31   36  22   92   21  21  22  13  61   0   254   1   0   0   2 -105
hamilton,jordan   lac SG 14  123   14   35  10  21   0    0   2   16    7   2   4   0  14   0    38   0   0   0   2  -29
hamilton,justin   min  C 41  709   85  178  10  31  39   47  57  134   36  27  26  30  70   0   219   0   0   0  14 -175
hansbrough,tyler  tor PF 74 1057   86  165   1   7  97  139 106  264   21  30  20  15 141   1   270   2   0   0   8  193
hardaway,tim      nyk SG 70 1683  279  717 121 354 125  156  12  156  127  20  82  14 119   1   804   2   0   0  30 -351
harden,james      hou SG 81 2979  647 1470 208 555 715  824  75  460  565 154 321  60 208   2  2217   6   0   0  81  346
harkless,maurice  orl SF 45  674   63  158  10  56  22   41  38  106   25  32  27   9  66   0   158   0   0   0   4  -88
harris,devin      dal PG 76 1686  219  524  95 266 132  162  13  135  236  78  85  14 147   2   665   1   0   0   3   95
harris,gary       den SG 55  724   66  217  21 103  35   47  21   64   29  39  38   7  71   0   188   0   0   0   6 -190
harris,joe        cle SG 50  491   48  119  31  83   9   15   7   40   25   7  27   2  62   1   136   0   0   0   1 -108
harris,tobias     orl SF 68 2367  442  949  87 239 193  245  73  430  123  69 115  36 134   1  1164   3   0   0  63 -294
haslem,udonis     mia PF 62 1000  107  239   2  10  45   64  71  258   46  21  41  13 113   0   261   2   0   0  25 -155
hawes,spencer     lac PF 73 1276  163  414  55 175  44   68  30  258   88  24  61  53 173   0   425   6   0   0  15  -88
hayes,chuck       tor  C 29  255   22   46   0   0   6   11  18   51   20  10   8   4  37   0    50   1   0   0   0   37
hayward,gordon    uta SF 76 2618  484 1087 120 330 375  462  53  372  314 108 206  30 131   0  1463   0   0   0  76  106
haywood,brendan   cle  C 22  120   14   30   0   0   7   13   6   29    2   2  10  10  17   0    35   0   0   0   1  -50
henderson,gerald  cha SG 80 2323  370  847  45 136 184  217  36  273  206  51 110  22 135   2   969  10   0   0  72  -32
henry,xavier      lal SF  9   83    3   13   0   0  14   24   2    4    3   3   3   0   6   0    20   0   0   0   0   14
henson,john       mil  C 67 1233  196  346   1   1  78  137 124  312   59  28  87 135 152   0   471   4   0   0  11  -75
hibbert,roy       ind  C 76 1930  317  710   0   2 168  204 156  540   84  18 107 125 216   2   802   7   0   0  76  -61
hickson,j.j.      den  C 73 1415  218  459   0   2 116  201 150  452   57  36  96  35 136   0   552   0   0   0   8 -232
hilario,nene      was PF 68 1696  307  601   1   5 122  202  84  345  122  67 124  22 180   2   737   4   0   0  58  164
hill,george       ind PG 43 1266  255  535  69 193 113  143  25  179  220  44  69  14 111   1   692   4   1   0  36  161
hill,jordan       lal PF 70 1877  357  777   3  11 124  168 174  556  103  34 106  53 164   2   841   1   0   0  57 -398
hill,solomon      ind SF 82 2380  251  634  68 208 159  193  70  314  184  66 114  18 177   0   729   1   0   0  78 -180
hinrich,kirk      chi SG 66 1611  142  380  58 168  35   50  20  121  148  46  73  14 144   0   377   3   0   0  22   41
holiday,jrue      nor PG 40 1301  238  534  51 135  65   76  32  136  273  63  91  22 110   1   592   0   0   0  37   98
holiday,justin    gsw SG 59  658   91  235  35 109  37   45  12   73   48  40  29  12  54   0   254   0   0   0   4  -14
hollins,ryan      sac  C 46  444   53   82   0   0  31   54  36  103   14   6  25  19  65   0   137   2   0   0   9  -53
hood,rodney       uta SG 50 1070  155  374  62 170  61   80   9  117   83  30  45  12 119   0   433   1   0   0  21   59
horford,al        atl PF 76 2318  519  965  11  36 107  141 131  547  244  68 100  97 123   0  1156   2   0   0  76  287
howard,dwight     hou  C 41 1224  251  423   1   2 143  271 110  431   50  28 115  53 137   1   646   6   0   0  41  216
hudson,lester     lac SG  5   56    6   14   3   6   3    4   1    8    5   6   3   1   4   0    18   0   0   0   0   -6
hummel,robbie     min SF 45  744   79  172  16  51  24   29  31  134   27  15  18   9  86   0   198   0   0   0   4 -149
humphries,kris    was PF 64 1346  211  446   0   7  87  117 119  416   58  34  49  25 133   0   509   1   0   0  17  -86
ibaka,serge       okl PF 64 2119  374  786  77 205  92  110 135  498   56  30  97 154 194   4   917   2   0   0  64  162
iguodala,andre    gsw SG 77 2066  231  496  74 212  68  114  44  257  227  89  88  25 100   0   604   2   0   0   0  439
ilyasova,ersan    mil PF 58 1319  263  557  74 190  69  107  80  277   56  36  45  19 149   1   669   0   0   0  36   25
ingles,joe        uta SF 79 1673  147  354  72 202  30   40  22  175  182  72  98  10 124   1   396   3   0   0  32  -51
irving,kyrie      cle PG 75 2735  577 1236 155 373 313  364  55  241  389 111 187  20 145   0  1622   1   0   0  75  410
jack,jarrett      bro PG 80 2243  359  817  39 146 200  227  19  246  373  75 191  13 143   1   957   1   0   0  27 -314
jackson,reggie    det PG 77 2269  432  996  72 241 181  218  56  327  460  62 186   9 167   1  1117   1   0   0  40  116
james,bernard     dal  C 16  156   12   27   0   0  20   23  18   39    4   2   6  15  17   0    44   0   0   0   2   -9
james,lebron      cle SF 69 2497  623 1288 120 342 374  529  54  422  509 108 274  47 132   0  1740   5   0   0  69  523
jefferson,al      cha  C 65 1991  485 1009   2   5 108  165 100  549  113  47  68  85 139   0  1080   3   0   0  61 -116
jefferson,cory    bro PF 50  535   75  167   2  15  31   54  47  145   16  10  20  21  61   0   183   0   0   0   1   73
jefferson,richar  dal SF 74 1248  144  324  66 155  78  114  25  183   61  32  52  11 115   0   432   0   0   0  18   13
jenkins,john      atl SG 24  297   49   99  21  52  16   19   2   39   13  10   8   0  15   0   135   0   0   0   3  -25
jennings,brandon  det PG 41 1172  218  543  76 211 120  143  21  104  272  44  90   4  64   0   632   3   0   0  41   32
jerebko,jonas     bos PF 75 1231  169  379  54 140  56   66  93  282   71  46  44  18 135   0   448   1   0   0   0  140
jerrett,grant     uta PF  8   53    7   26   1  15   1    1   2    9    3   2   3   2  11   0    16   0   0   0   0  -20
johnson,amir      tor PF 75 1979  298  519  19  46  79  129 158  455  117  44 110  59 225   1   694   1   0   0  72   59
johnson,chris     uta SF 29  526   62  154  28  95  14   16   8   55   15  26  15   7  44   0   166   0   0   0   2  -31
johnson,james     tor PF 70 1368  238  404  11  51  67  102  61  257   95  53  79  70 155   1   554   4   0   0  17  149
johnson,joe       bro SG 80 2787  446 1025 121 337 141  176  53  384  292  59 137  14 120   0  1154   0   0   0  80 -133
johnson,nick      hou SG 28  262   26   75   5  21  17   25  13   39   11   7  19   3  34   0    74   0   0   0   0  -47
johnson,tyler     mia SG 32  600   70  167  18  48  32   47  14   81   42  33  30   9  42   0   190   0   0   0   2  -63
johnson,wesley    lal SF 76 2244  286  691  91 259  90  112  67  319  123  59  87  45 162   4   753   0   0   0  59 -309
jones,dahntay     lac PG 33  130    6   21   0   4   9   11   1   11    2   3   1   0  23   0    21   0   0   0   0  -79
jones,james       cle SF 57  652   73  197  62 172  36   43   9   62   24  13  13   8  63   0   244   0   0   0   1 -113
jones,perry       okl SF 43  633   74  185  15  61  24   37   6   76   18  17  24   8  50   0   187   0   0   0  13 -130
jones,terrence    hou PF 33  887  158  299  13  37  57   94  78  220   36  18  37  59  78   0   386   2   0   0  24   79
jordan,deandre    lac  C 82 2819  379  534   1   4 187  471 397 1226   61  82 109 182 245   1   946   9   0   0  82  624
jordan,jerome     bro  C 44  381   50   94   0   0  38   44  52  105   13   8  22  15  58   0   138   0   0   0   0  -76
joseph,cory       san PG 79 1445  207  411  16  44 105  143  44  192  188  46  67  17 105   0   535   1   0   0  14  173
kaman,chris       por  C 74 1400  283  549   0   0  72  102 149  484   65  18 108  54 140   1   638   5   0   0  13   -8
kanter,enes       okl  C 75 2139  482  928  16  45 183  234 277  671   56  36 145  29 189   2  1163   5   0   0  74  -35
karasev,sergey    bro SG 33  558   54  134  16  54  29   38  22   66   46  23  24   1  45   0   153   0   0   0  16   18
kelly,ryan        lal PF 52 1232  104  309  45 134  79   95  13  146   92  29  37  24 118   1   332   0   0   0  34 -149
kidd-gilchrist,m  cha SF 55 1588  224  482   0   0 150  214 109  416   77  30  63  38 115   1   598   1   0   0  52   73
kilpatrick,sean   min SG  4   71    7   20   4  13   4    4   1    6    4   3   2   0   3   0    22   0   0   0   0   17
kirilenko,andrei  bro SF  7   37    0    5   0   0   3    4   2    8    1   1   1   0   1   0     3   0   0   0   0  -29
kirk,alex         cle  C  5   15    1    4   0   0   2    2   1    1    1   0   0   0   1   0     4   0   0   0   0  -14
knight,brandon    pho PG 63 2040  375  888 125 321 195  223  28  244  331  90 189  10 114   1  1070   1   0   0  61  -77
korver,kyle       atl SG 75 2418  292  599 221 448 106  118  15  303  196  54 109  42 140   1   911   0   0   0  75  629
koufos,kosta      mem  C 81 1350  182  358   0   0  55   85 120  425   37  29  69  63 148   0   419   4   0   0   3   98
kuzmic,ognjen     gsw  C 16   72    8   12   0   0   4    4   7   17    6   2   5   1  13   0    20   0   0   0   0  -39
lamb,jeremy       okl SG 47  635  104  250  38 111  49   55   8  107   44  21  27   6  52   1   295   0   0   0   8  -72
landry,carl       sac PF 70 1195  190  369   0   0 123  150  99  268   26  15  54  17 132   1   503   2   0   0  15 -220
larkin,shane      nyk PG 76 1864  187  432  35 116  61   78  29  176  226  93  83   9 150   1   470   0   0   0  22 -398
lauvergne,joffre  den PF 24  267   36   89   3  16  18   28  27   77   13   8  23  11  44   1    93   1   0   0   1 -112
lavine,zach       min PG 77 1906  286  677  57 167 149  177  27  214  276  54 193  10 158   0   778   0   0   0  40 -539
lawson,ty         den PG 75 2668  404  926  70 205 265  363  42  234  720  92 185   9 128   0  1143   0   0   0  75  -33
ledo,ricky        nyk SG 17  245   32   96  10  27  16   22  16   36   19   6  26   1  21   0    90   0   0   0   0  -53
lee,courtney      mem SG 77 2355  288  644  90 225 111  129  21  178  151  75  78  12 129   1   777   0   0   0  74  120
lee,david         gsw PF 49  904  160  313   0   2  68  104  81  257   86  31  49  26  83   0   388   0   0   0   4   23
lee,malcolm       phi SG  1    2    0    1   0   0   0    0   0    0    0   0   0   0   0   0     0   0   0   0   0    3
len,alex          pho  C 69 1518  179  353   1   3  73  104 142  454   32  34  74 105 213   4   432   1   0   0  44  -25
leonard,kawhi     san SF 64 2031  394  822  67 192 202  252  85  461  161 148  97  48 128   0  1057   0   0   0  64  440
leonard,meyers    por  C 55  850  125  245  47 112  30   32  46  250   32  10  39  14 113   0   327   0   0   0   7   18
leuer,jon         mem PF 63  826  121  273   7  29  37   59  50  208   46  17  35   9  86   1   286   0   0   0   6  -28
lillard,damian    por PG 82 2928  590 1360 196 572 344  398  49  378  506  97 222  21 164   0  1720   1   0   0  82  305
lin,jeremy        lal PG 74 1910  277  655  65 176 213  268  26  196  340  83 167  31 189   1   832   0   0   0  30 -253
livingston,shaun  gsw PG 78 1469  198  396   0   2  65   91  43  182  258  50 102  20 110   0   461   2   0   0   2   51
lopez,brook       bro  C 72 2104  506  987   1  10 223  274 214  534   50  43 104 126 206   0  1236   1   0   0  44 -104
lopez,robin       por  C 59 1638  234  437   0   1  98  127 190  394   56  16  73  84 122   0   566   3   0   0  59  147
love,kevin        cle PF 76 2562  417  962 146 397 258  322 145  739  169  53 124  41 141   1  1238   1   0   0  76  409
lowry,kyle        tor PG 70 2422  430 1043 132 391 252  312  54  328  473 109 173  13 212   1  1244   8   0   0  70  201
lucas,john        det PG 21  273   42  104   9  29   5    5   4   16   60   8  16   0  18   0    98   0   0   0   0  -47
lucas,kalin       mem PG  1    6    0    1   0   0   0    0   0    0    0   1   0   0   1   0     0   0   0   0   0   -7
mack,shelvin      atl PG 55  832  117  292  40 127  25   31   8   79  155  29  49   2  32   0   299   1   0   0   0   40
mahinmi,ian       ind  C 61 1146  116  211   0   0  31  101 104  355   33  30  59  46 172   1   263   4   0   0   6   -6
marble,devyn      orl SG 16  212   14   44   4  22   5   16   5   31   17   9   9   2  14   0    37   0   0   0   7  -15
marion,shawn      cle SF 58 1108  120  268  12  46  26   34  66  205   52  27  35  27  59   0   278   1   0   0  24   50
marshall,kendall  mil PG 28  416   46  101  18  46   8    9   2   28   85  21  35   0  26   0   118   0   0   0   3   55
martin,cartier    det SF 23  200   15   53   6  33   0    0   0   20   11   3   5   1  20   0    36   0   0   0   0   21
martin,kenyon     mil PF 11  106    9   22   0   0   2    2   6   19    5   5   3   6  13   0    20   0   0   0   0   -9
martin,kevin      min SG 39 1303  268  625  75 192 170  193  20  143   89  33  76   1  76   0   781   0   0   0  36 -253
matthews,wesley   por SG 60 2027  337  753 173 446 109  145  38  222  139  77  81  10 132   1   956   5   0   0  60  266
maxiell,jason     cha PF 61  880   81  192   0   0  41   71  86  203   19  18  29  44  96   1   203   0   0   0   0 -153
mayo,o.j.         mil SG 71 1696  296  700  99 276 115  139  30  187  197  57 128  18 165   2   806   9   0   0  15  -64
mbah_a_moute,luc  phi SF 67 1916  251  636  62 202  96  163  82  328  106  81  99  21 104   0   660   0   0   0  61 -362
mcadoo,james      gsw SG 15  140   24   44   0   0  14   25  15   37    2   5   6   9  21   0    62   0   0   0   0    9
mccallum,ray      sac PG 68 1434  206  470  34 111  57   84  52  180  188  45  85  11  92   0   503   0   0   0  30 -239
mccollum,c.j.     por SG 62  973  159  365  55 139  51   73  14   91   64  43  48   8  81   0   424   1   0   0   3  118
mcdaniels,k.j.    hou SG 62 1353  172  434  43 150 100  133  65  200   72  44 105  70 126   0   487   3   0   0  15 -259
mcdermott,doug    chi SF 36  320   43  107  13  41  10   15   6   43    6   4  17   1  29   0   109   0   0   0   0  -82
mcgary,mitch      okl PF 32  485   88  165   0   2  25   40  53  165   14  16  31  16  72   1   201   0   0   0   2   47
mcgee,javale      phi  C 23  256   42   79   0   0  22   33  18   61    3   2  18  20  30   0   106   0   0   0   0  -70
mclemore,ben      sac SG 82 2674  363  831 140 391 130  160  31  241  141  77 138  19 219   3   996   1   0   0  82  -35
mcneal,jerel      pho SG  6   36    3   11   1   2   2    2   0    3    2   3   5   1   5   0     9   0   0   0   0   -6
mcroberts,josh    mia PF 17  297   28   53   8  19   8   13   7   45   33  12  22   3  41   0    72   0   0   0   4   32
meeks,jodie       det SG 60 1463  222  534  74 212 145  160  12  104   79  59  57   6  76   0   663   1   0   0   0  -95
mekel,gal         nor PG  4   44    3   20   0   3   0    0   0    1   13   2   2   0   1   0     6   0   0   0   0    2
middleton,khris   mil SF 79 2378  406  869 109 268 134  156  48  347  182 122 113  11 183   1  1055   3   0   0  58  319
miles,c.j.        ind SG 70 1843  329  827 154 446 130  161  18  214   75  60  73  26 132   0   942   0   0   0  40  161
miller,andre      sac PG 81 1252  145  290   7  34  58   77  37  153  283  32 104   6 103   0   355   2   0   0   0 -126
miller,darius     nor SF  5   44    1    7   0   1   0    0   0    1    2   1   1   0   8   0     2   0   0   0   1  -12
miller,mike       cle SF 52  698   37  114  32  98   3    4   3   89   45  14  23   4  74   0   109   0   0   0  15  -75
miller,quincy     det PF 10  120    9   38   3  18   8   11   4   20    8   7   5   5   9   0    29   0   0   0   0   44
mills,patty       san PG 51  799  128  336  62 182  33   40  21   75   87  28  35   2  58   0   351   0   0   0   0  155
millsap,elijah    uta SG 47  924   81  238  28  90  58   86  28  150   58  55  67  16 124   0   248   1   0   0   5   57
millsap,paul      atl PF 73 2390  443  930  77 216 255  337 140  570  223 128 167  69 199   0  1218   3   0   0  73  408
mirotic,nikola    chi PF 82 1658  253  624  99 313 228  284  63  404   97  54  89  53 172   1   833   0   0   0   3  170
mohammed,nazr     chi  C 23  131   12   29   0   0   1    3  10   37    3   4   7   5  16   0    25   0   0   0   0   10
monroe,greg       det PF 69 2138  423  853   0   0 252  336 228  703  142  78 149  34 148   0  1098   4   0   0  57  -24
moore,e'twaun     chi SG 56  507   62  139  13  38  12   20  12   46   33  20  14   6  45   0   149   0   0   0   0  -27
moreland,eric     sac PF  3    3    1    1   0   0   0    0   0    1    0   0   0   0   1   0     2   0   0   0   0    1
morris,darius     bro PG 37  295   35  104   7  33   4    8   7   27   47   9  20   0  20   0    81   0   0   0   0  -61
morris,marcus     pho PF 81 2046  331  763 112 313  71  113  73  385  133  63  73  16 188   2   845  10   0   0  35  -63
morris,markieff   pho PF 82 2581  512 1100  57 179 177  232 110  506  191 101 170  39 245   4  1258  15   0   0  82  103
morrow,anthony    okl SG 74 1808  285  615 141 325  79   89  41  196   61  54  39  11 135   1   790   3   0   0   0  226
motiejunas,donat  hou PF 71 2040  353  699  49 132 100  166 136  420  129  56 123  34 203   1   855   2   0   0  62  105
mozgov,timofey    cle  C 81 2058  318  571   2   6 154  214 206  593   56  33 117  96 228   2   792   6   0   0  80  241
muhammad,shabazz  min SF 38  867  194  397  20  51 104  145  63  154   43  18  35   7  49   0   512   1   0   0  13 -160
murry,toure'      was SF  5   19    2    5   0   0   2    2   1    1    1   1   4   0   2   0     6   0   0   0   0   -2
muscala,mike      atl PF 40  503   83  151   9  22  22   25  52  119   25  16  21  19  52   0   197   0   0   0   8   54
napier,shabazz    mia PG 51 1014   87  228  43 118  44   56  17  113  130  40  81   4  76   0   261   0   0   0  10  -32
neal,gary         min PG 54 1193  188  503  50 164 117  135  14  129  100  23  65   1  88   0   543   1   0   0   1 -100
nelson,jameer     den PG 63 1403  205  504  89 258  24   36  33  146  253  47 109   6 136   1   523   1   0   0  29  -13
nicholson,andrew  orl PF 40  491   83  190  13  41  15   25  17   82   22   6  24  12  51   0   194   0   0   0   3  -83
noah,joakim       chi  C 67 2047  190  427   0   2 105  174 219  646  311  48 123  74 203   3   485   5   0   0  67   78
noel,nerlens      phi PF 75 2311  302  653   0   0 140  230 185  611  128 133 146 142 208   2   744   1   0   0  71 -432
nogueira,lucas    tor  C  4   13    1    3   0   0   2    2   1    5    1   1   0   0   3   0     4   0   0   0   0    0
novak,steve       okl SF 35  204   22   56  19  48   0    2   2   22   11   0   5   2  23   0    63   0   0   0   0  -53
nowitzki,dirk     dal PF 77 2285  487 1062 104 274 255  289  44  457  143  39  82  33 160   1  1333   5   0   0  77  235
nurkic,jusuf      den  C 62 1105  171  383   0   2  84  132 125  382   50  52  85  68 207   6   426   3   0   0  27   -6
o'bryant,johnny   mil PF 34  365   44  120   0   0  12   27  26   64   17   5  25   4  44   0   100   0   0   0  15  -99
o'quinn,kyle      orl PF 51  825  119  242  12  43  44   57  46  199   59  31  55  38 110   0   294   1   0   0  17 -121
oladipo,victor    orl SG 72 2572  473 1086  84 248 262  320  51  302  295 120 204  19 187   1  1292   1   0   0  71 -306
olynyk,kelly      bos  C 64 1424  251  528  61 175  93  136  93  304  108  64  98  39 213   1   656   0   0   0  13  224
onuaku,arinze     min PF  6   70   12   14   0   0   3    8   7   21    4   1   2   3   6   0    27   0   0   0   1  -18
pachulia,zaza     mil  C 73 1730  240  529   0   3 126  160 197  500  178  80 133  21 170   0   606   3   0   0  45  261
papanikolaou,kos  hou SF 43  796   69  197  31 106  13   18  39  118   85  29  55  13  71   0   182   1   0   0   1  -49
pargo,jannero     cha PG  9   74   15   35   9  22   2    2   0    3    8   0   3   0   8   0    41   0   0   0   0   -2
parker,jabari     mil SF 25  738  129  263   4  16  46   66  50  138   42  31  47   5  42   0   308   0   0   0  25 -114
parker,tony       san PG 68 1957  404  832  38  89 130  166  15  129  335  44 146   2 108   0   976   2   0   0  68  200
parsons,chandler  dal SF 66 2186  383  829 132 347 139  193  64  323  162  69  96  19 140   2  1037   2   0   0  66  200
patterson,patric  tor PF 81 2160  240  535 105 283  63   80 127  434  155  60  54  44 149   0   648   1   0   0   4  253
paul,chris        lac PG 82 2860  568 1171 139 350 289  321  52  376  838 156 190  15 203   2  1564   6   0   0  82  733
payne,adreian     min PF 32  741   91  220   1   9  30   46  48  162   30  19  44   9  88   0   213   0   0   0  22 -244
payton,elfrid     orl PG 82 2490  301  708  11  42 118  214 107  349  533 142 203  20 193   0   731   1   0   0  63 -205
pekovic,nikola    min  C 31  817  139  328   0   0 108  129  89  234   27  19  42  12  59   0   386   1   0   0  29  -57
perkins,kendrick  dal  C 68 1147  100  225   0   1  42   82  91  318   51  16  95  42 162   1   242   7   0   0   3   16
pierce,paul       was SF 73 1913  293  658 118 303 164  210  45  294  144  46  91  24 159   1   868   3   0   0  73  166
plumlee,mason     bro PF 82 1739  280  489   0   3 157  317 175  512   74  65 106  63 207   0   717   1   0   0  45 -175
plumlee,miles     mil  C 73 1195  136  254   0   0  22   46 112  320   34  41  51  66 111   0   294   0   0   0  28    0
pondexter,quincy  nor SF 75 1792  188  447  91 244  71   96  54  196   93  19  51  24 150   0   538   3   0   0  30    8
porter,otto       was SF 74 1438  176  391  35 104  58   79  70  222   65  44  53  30  97   0   445   0   0   0  13  -36
powell,dwight     dal SF 29  237   31   67   3  11  25   33  18   50    9   9  11   6  40   1    90   0   0   0   0   -1
pressey,phil      bos PG 50  601   64  174  16  65  33   49  13   80  116  30  41   6  54   0   177   0   0   0   0    1
price,a.j.        pho PG 25  312   50  132  15  54  16   24   6   31   45   7  14   0  13   0   131   0   0   0   0  -52
price,ronnie      lal PG 43  983   77  223  31 109  36   45  19   69  165  67  52   4 118   2   221   0   0   0  20  -74
prigioni,pablo    hou PG 67 1197   91  228  57 166  35   41  30  119  171  79  62   1  88   0   274   3   0   0   3  -66
prince,tayshaun   det SF 58 1397  177  402  31  67  49   65  52  209   93  29  35  16  55   0   434   0   0   0  16 -131
raduljica,miros   min  C  5   24    3    8   0   0   2    2   2    5    0   1   2   0   8   0     8   0   0   0   0   -3
randle,julius     lal PF  1   14    1    3   0   0   0    2   0    0    0   0   1   0   1   0     2   0   0   0   0  -18
randolph,shavlik  bos PF 21  126    9   35   0   5   6   12  16   38    4   5   3   3  16   0    24   0   0   0   1  -24
randolph,zach     mem PF 71 2303  454  932   7  20 228  298 225  747  153  69 157  14 175   1  1143   6   0   0  71  345
redick,j.j.       lac SG 78 2407  447  938 200 458 183  203  22  167  138  39  95   8 134   0  1277   4   0   0  78  624
rice,glen         was SG  5   42    3   15   1   7   4    6   2    4    2   0   2   0  11   0    11   0   0   0   0  -22
richardson,jason  phi SG 19  417   62  178  31  96  17   22  13   66   38  13  16   3  28   0   172   1   0   0  15  -71
ridnour,luke      orl PG 47  683   75  176  20  63  18   21   8   68   96  20  38   4  66   0   188   0   0   0   0 -131
rivers,austin     lac SG 76 1561  203  496  39 131  85  126  27  152  155  48  65  14 146   0   530   5   0   0   5 -124
roberson,andre    okl SG 68 1283   92  201  21  85  23   48  60  255   70  53  46  29 141   0   228   1   0   0  65  102
roberts,brian     cha PG 72 1332  176  452  62 193  66   74  13  109  162  32  57   6  75   0   480   0   0   0  10  -87
robinson,glenn    phi SF 35  264   26   67   5  19  16   24  15   39   11   6  11   1  15   0    73   0   0   0   1   25
robinson,nate     lac PG 42  591   88  255  31 112  31   46  17   50   97  20  30   3  76   0   238   2   0   0   1 -125
robinson,thomas   phi PF 54  798  126  260   0   2  56  106  95  303   33  33  59  20 104   0   308   1   0   0   4   13
rondo,rajon       dal PG 68 2019  275  645  27  86  31   78  73  373  538  91 210   7 153   1   608   2   0   0  68  -58
rose,derrick      chi PG 51 1531  338  835  76 271 152  187  35  161  251  36 161  16  63   0   904   3   0   0  51  123
ross,terrence     tor SF 82 2095  309  753 145 390  44   56  33  227   86  53  69  25 136   1   807   2   0   0  61   36
rubio,ricky       min PG 22  692   78  219  13  51  57   71  19  125  193  40  64   1  59   1   226   0   0   0  22  -10
rudez,damjan      ind SF 68 1050  119  263  69 170  16   23   8   47   53  16  48   5  79   0   323   0   0   0   2   33
rush,brandon      gsw SG 33  273   11   54   3  27   5   11   4   41   12   5  11  12  27   0    30   0   0   0   0 -126
sacre,robert      lal  C 67 1128  126  306   0   1  55   82  89  233   55  28  36  43 121   1   307   0   0   0  18  -67
salmons,john      nor SF 21  270   16   48   8  26   2    4   4   21   13   9   5   4  25   0    42   0   0   0   0  -63
sampson,jakarr    phi PF 74 1131  146  346  31 127  63   94  35  163   77  38  76  26 135   0   386   1   0   0  32 -335
sanders,larry     mil  C 27  586   86  172   0   0  24   48  67  166   23  26  28  39 104   0   196   4   0   0  26  -90
schroder,dennis   atl PG 77 1514  284  664  52 147 148  179  29  164  317  49 149   4 127   0   768   4   0   0  10    8
scola,luis        ind PF 81 1659  299  641   5  20 158  226 139  527  106  47  94  18 192   0   761   0   0   0  16   39
scott,mike        atl PF 68 1125  201  453  66 192  61   77  45  199   75  25  39   3  83   0   529   1   0   0   0   24
sefolosha,thabo   atl SG 52  977  104  248  25  78  45   58  53  223   75  53  39  20  67   0   278   0   0   0   7  178
seraphin,kevin    was  C 79 1235  231  450   0   2  58   82  87  288   59  10  98  59 197   1   520   1   0   0   0 -160
sessions,ramon    was PG 64 1187  125  334  19  60 133  173  23  144  182  29  86   0  73   0   402   0   0   0  10 -164
shumpert,iman     cle SG 62 1526  188  466  66 192  46   68  53  222  134  80  89  16 136   2   488   0   0   0  25   40
shved,alexey      nyk PG 42  767  133  335  47 139 121  150  23   99  106  30  48   6  48   0   434   0   0   0   9 -132
sims,henry        phi  C 73 1401  238  502   4  22 106  137 121  359   79  39  99  30 135   0   586   2   0   0  32 -331
singler,kyle      okl SF 80 1742  172  446  96 241  40   52  33  194   85  47  55  21 153   0   480   1   0   0  58  -94
sloan,donald      ind PG 53 1113  146  356  41 131  60   77  12  143  190  23  65   0  47   0   393   0   0   0  21  -83
smart,marcus      bos PG 67 1810  175  477  91 272  82  127  61  222  208  99  90  18 176   2   523   2   0   0  38   58
smith,greg        dal PF 42  362   30   49   0   0  20   39  26   79    9   7  11  11  53   0    80   0   0   0   2  -25
smith,ish         phi PG 55  835  143  367  18  60  34   57  15  100  180  36  78   6  50   0   338   0   0   0  14 -100
smith,j.r.        cle SG 70 2086  314  751 163 423  53   70  31  218  193  82  97  20 161   1   844   5   0   0  51  141
smith,jason       nyk  C 82 1786  257  592  15  42 127  153  98  324  140  32 104  44 205   2   656   3   0   0  31 -424
smith,josh        hou PF 83 2307  414  987  72 228 127  255 151  529  276  87 206 116 228   2  1027   9   0   0  35    8
smith,russ        mem PG 12   66    8   25   2  11  12   13   1    6    8   3  12   0  13   0    30   0   0   0   0   22
snell,tony        chi SF 72 1415  159  371  73 197  44   55  31  176   62  32  48  11  86   0   435   0   0   0  22   58
speights,marrees  gsw PF 76 1204  318  646   5  18 150  178 109  325   73  20  82  35 189   4   791   3   0   0   9  176
splitter,tiago    san PF 52 1030  169  303   0   0  90  120  91  252   78  35  60  37 103   0   428   0   0   0  35  231
stauskas,nik      sac SG 73 1130  108  296  48 149  55   64  11   88   67  20  40  17  92   0   319   0   0   0   1 -128
stephenson,lance  cha SG 61 1574  207  550  18 105  69  110  38  276  240  38 128   8 134   0   501   5   0   0  25 -217
stiemsma,greg     tor  C 17   67    6    8   0   0   2    4   9   15    3   2   7   0  15   0    14   0   0   0   0  -27
stockton,david    sac PG  3   33    2    6   1   2   3    6   0    2    9   2   4   0   1   0     8   0   0   0   0   23
stokes,jarnell    mem PF 19  126   21   37   0   0  15   28  16   34    4   5   7   5  25   1    57   0   0   0   2   16
stoudemire,amare  dal PF 59 1245  273  490   0   4 134  186 110  329   45  29  78  38 161   3   680   6   0   0  15  -53
stuckey,rodney    ind PG 71 1878  332  754  55 141 177  216  36  248  219  56 118  10 131   0   896   1   0   0  36  -17
sullinger,jared   bos PF 58 1568  311  707  52 184  96  129 147  441  134  44  78  42 153   0   770   2   0   0  49  -21
taylor,jeff       cha SF 29  431   45  114  11  36  26   41  14   53   22  12  19   1  36   0   127   0   0   0  13 -127
teague,jeff       atl PG 73 2231  408  886  71 207 275  319  29  182  513 124 206  31 140   0  1162   1   0   0  72  386
teletovic,mirza   bro PF 40  894  122  319  62 193  33   46  27  194   45  14  53  16  74   0   339   0   0   0   4  -10
telfair,sebastia  okl PG 16  327   45  124  17  59  24   34   2   30   45  10  18   0  29   0   131   3   0   0   1  -64
temple,garrett    was SG 52  742   68  170  33  88  35   48  23   89   56  42  33   9  76   0   204   0   0   0  18  -48
terry,jason       hou SG 77 1641  188  446 126 323  39   48  15  121  147  66  74  19 116   0   541   3   0   0  18  128
thomas,isaiah     bos PG 67 1726  335  797 129 346 302  348  33  153  284  57 143   5 150   0  1101   6   0   0   1  177
thomas,lance      nyk SF 62 1491  182  442   7  22  72   99  65  195   69  37  74   8 101   1   443   0   0   0  37 -342
thomas,malcolm    phi PF 17  194   18   40   0   7   9   13  16   56    7   3  13   1  17   0    45   0   0   0   0 -109
thomas,tyrus      mem PF  2    6    1    1   0   0   2    2   0    0    1   0   0   0   0   0     4   0   0   0   0    1
thompson,hollis   phi SG 71 1776  224  543 115 287  63   89  53  198   85  57  65  26 141   1   626   0   0   0  23 -340
thompson,jason    sac PF 81 1991  201  428   0   1  89  143 139  530   85  33  84  57 239   4   491   6   0   0  63 -183
thompson,klay     gsw SG 77 2457  602 1299 239 545 225  256  27  246  221  87 149  60 122   0  1668   1   0   0  77  776
thompson,tristan  cle PF 82 2188  266  489   0   0 159  246 273  650   39  33  82  59 189   1   691   2   0   0  15  202
thornton,marcus   pho SG 48  721  140  345  54 143  46   56  23   86   36  27  27   7  38   0   380   1   0   0   0   -4
tolliver,anthony  det PF 76 1434  161  393 106 290  54   69  51  236   59  24  51  16 137   2   482   0   0   0  11  105
tucker,p.j.       pho SF 78 2382  261  596  87 252 104  143 114  502  121 107  96  23 179   0   713   8   0   0  63  -50
turiaf,ronny      min  C  2   20    0    0   0   0   0    0   0    1    2   0   0   0   0   0     0   0   0   0   0   -8
turkoglu,hedo     lac SF 62  705   83  188  60 139   6   11   5   99   37  19  29   7  66   0   232   2   0   0   2   10
turner,evan       bos SG 82 2259  320  746  33 119 106  141  40  417  450  83 198  19 180   1   779   3   0   0  57 -101
udoh,ekpe         lac PF 33  131   11   24   0   0   7    9   7   26    8   8   7   7  20   0    29   0   0   0   0  -11
udrih,beno        mem PG 79 1494  246  505  26  97  87  102  20  143  220  46  89   8  88   0   605   1   0   0  12   -2
valanciunas,jona  tor  C 80 2098  373  652   0   1 217  276 214  692   39  34 109  95 222   3   963   3   0   0  80  -27
varejao,anderson  cle  C 26  637  111  200   0   2  33   45  57  170   36  19  35  16  58   0   255   1   0   0  26    5
vasquez,greivis   tor PG 82 1990  296  725 133 351  50   66  23  217  302  46 119  10 177   1   775   3   0   0  29   71
villanueva,charl  dal PF 64  678  150  362  83 221  20   35  30  149   19  15  28  22  64   0   403   1   0   0   1  -54
vonleh,noah       cha PF 25  257   30   76   5  13  18   26  28   86    4   4  11   9  20   0    83   1   0   0   0  -67
vucevic,nikola    orl  C 74 2528  631 1206   2   6 164  218 238  810  148  54 148  54 220   3  1428   3   0   0  74 -302
wade,dwyane       mia SG 62 1974  509 1084  29 102 284  370  58  219  299  73 209  21 105   0  1331   2   0   0  62  -61
waiters,dion      okl SG 80 2205  375  946  73 246 117  172  40  191  163  91 113  21 155   0   940   7   0   0  23   57
walker,henry      mia SG 24  627   58  167  45 131  14   18   7   82   29  24  24   9  76   2   175   4   0   0  13    0
walker,kemba      cha PG 62 2118  378  981  85 280 234  283  35  220  318  89 100  31  92   0  1075   5   0   0  58 -186
wall,john         was PG 79 2841  518 1165  65 217 284  362  36  364  791 138 303  46 179   0  1385   6   0   0  79  280
wallace,gerald    bos SF 32  291   14   34   1   3   6   15  17   57   11  15  18   4  19   0    35   0   0   0   0   27
warren,t.j.       pho SF 40  616  113  214   5  21  14   19  41   85   25  18  27   9  51   1   245   0   0   0   1  -92
watson,c.j.       ind PG 57 1419  181  417  70 175 138  167  18  163  208  57 100   9 107   0   570   1   0   0  21    6
wear,david        sac PF  2    7    0    2   0   1   0    0   2    2    1   0   0   0   1   0     0   0   0   0   0   -9
wear,travis       nyk SF 51  669   84  209  11  30  20   26  31  106   40  15  35  11  55   0   199   0   0   0   1  -80
webster,martell   was SF 32  350   24   90  10  42  48   64  10   46   17   7  22   1  24   0   106   0   0   0   0 -135
west,david        ind PF 66 1896  323  686   4  20 119  161 108  449  223  48 120  48 160   0   769   7   0   0  66  -19
westbrook,russel  okl PG 67 2302  627 1471  86 288 546  654 125  490  575 140 294  14 184   2  1886  15   0   0  67  249
whiteside,hassan  mia  C 48 1144  243  387   0   0  78  156 145  481    6  28  58 122 129   1   564   7   0   0  32  -71
whittington,shay  ind PF 20  107   19   42   1   6  18   23  10   29    6   5   5   2  18   0    57   0   0   0   0   14
wiggins,andrew    min SG 82 2971  497 1140  39 126 354  466 134  374  171  85 176  50 190   0  1387   1   0   0  82 -553
wilcox,c.j.       lac SG 21  101   16   38   7  19   2    2   1    7    8   3  10   1   7   0    41   0   0   0   0  -19
williams,deron    bro PG 68 2113  299  772  87 237 201  241  29  237  448  64 154  17 157   0   886   3   0   0  55  -14
williams,derrick  sac PF 74 1462  217  485  49 156 134  196  41  202   50  34  56   4  67   0   617   1   0   0   6 -261
williams,elliot   nor SG 13  119   14   37   8  18   1    4   0    8   12   4   4   0  12   0    37   0   0   0   0    8
williams,louis    tor SG 80 2016  375  928 152 447 340  395  24  151  164  88 101  10 103   0  1242   3   0   0   0  298
williams,marvin   cha PF 78 2036  211  496  95 265  62   87  58  386  100  69  60  36 146   0   579   3   0   0  37 -157
williams,mo       cha PG 68 1977  341  860 119 348 163  187  23  175  424  46 173  15 162   0   964   1   0   0  33  -94
williams,reggie   san SF 20  104   15   39   3  19   4    4   5   17   10   1   2   0  12   0    37   0   0   0   0  -36
williams,shawne   det SF 63 1085  121  300  64 178  35   40  36  166   44  25  30  21 135   0   341   2   0   0  22 -106
withey,jeff       nor  C 37  259   32   64   0   0  34   50  23   64   11   4  12  18  26   0    98   0   0   0   0  -42
wolters,nate      nor PG 21  247   20   57   0   7   2    6   8   34   21   8  13   2  18   0    42   0   0   0   0  -11
wright,brandan    pho PF 75 1448  233  363   0   3  78  112 128  321   41  50  34  94 102   0   544   0   0   0   7  -15
wright,dorell     por SF 48  594   72  190  41 108  34   42  14  111   41  20  18  10  55   1   219   0   0   0   2   77
wroten,tony       phi SG 30  894  175  434  37 142 120  180  22   86  156  48 114   8  72   1   507   3   0   0  15 -234
young,james       bos SG 31  334   36  102  17  66  16   29   9   42   13   8   5   2  22   0   105   0   0   0   0    5
young,nick        lal SF 42  997  174  476  83 225 132  148  17   96   41  23  44  11  83   0   563   5   0   0   0  -67
young,thaddeus    bro SF 76 2434  450  966  38 115 131  200 126  410  173 123 117  25 171   1  1069   0   0   0  68 -209
zeller,cody       cha  C 62 1487  172  373   1   1 127  164  97  362  100  35  62  49 156   0   472   1   0   0  45   16
zeller,tyler      bos  C 82 1729  340  617   0   0 153  186 147  466  114  18  77  52 205   1   833   0   0   0  59 -119
