Player           Team PS GP  Min  FGM  FGA  3M  3A FTM  FTA  OR   TR   AS  ST  TO  BK  PF  DQ   PTS  TC  EJ  FF Sta +/-
abrines,alex      okl SG 18  219   25   72  13  49  10   11   2   17    8   5  13   1  17   0    73   0   0   0   0  -38
acy,quincy        dal SF  6   48    5   17   1   8   2    3   2    8    0   0   2   0   9   0    13   0   0   0   0  -26
adams,steven      okl  C 25  750  115  197   0   1  61   82  69  189   17  32  50  21  56   0   291   2   0   0  25   78
afflalo,arron     sac SG 22  532   59  143  14  43  33   36   5   50   23   7   5   1  34   0   165   0   0   0  18  -83
ajinca,alexis     nor  C 14  188   27   58   0   2   5    7  14   53    2   4  10   9  24   0    59   0   0   0   4  -60
aldrich,cole      min  C 24  315   30   54   0   0  11   16  31   94   13  17   6  15  46   1    71   0   0   0   0  -17
aldridge,lamarcu  san PF 22  711  142  302  10  21  68   84  42  146   38  17  33  24  49   0   362   0   0   0  22   47
allen,lavoy       ind PF 22  313   18   54   0   1   4    6  28   61   25   7   7   8  29   0    40   0   0   0   0 -112
allen,tony        mem SG 19  499   76  162   3  13  27   39  37   96   18  33  28  10  50   0   182   0   0   0  17    5
aminu,al-farouq   por SF 12  289   25   84  11  47  10   21  11   75   21  14  18   8  16   0    71   0   0   0   9    7
andersen,chris    cle PF 11   95    8   19   0   3  10   14   9   27    5   4   5   6  16   0    26   0   0   0   0    4
anderson,alan     lac SG  5   58    5   16   3   9   0    0   2    6    3   1   3   0   7   0    13   0   0   0   0   -4
anderson,justin   dal SG 23  451   64  168  17  66  40   52  26   90   20  16  28  11  39   0   185   0   0   0   2 -143
anderson,kyle     san SF 19  283   19   46   5  11  10   12  10   58   18  13   8   6  15   0    53   0   0   0   7   15
anderson,ryan     hou PF 25  769  108  270  61 155  43   48  45  139   28  10  25   3  46   0   320   0   0   0  25  124
antetokounmpo,gi  mil SF 23  794  189  361  13  55 121  158  41  207  135  46  79  46  88   0   512   0   0   0  23   63
anthony,carmelo   nyk SF 25  853  197  469  48 147 109  126  20  151   71  26  46   9  71   0   551   4   0   0  25  -14
ariza,trevor      hou SF 25  836  110  249  65 174  23   31  20  127   51  49  22   8  40   0   308   1   0   0  25   91
artest,ron        lal PF 11   68    5   20   2  11   4    6   3    7    4   3   2   2  10   0    16   0   0   0   1  -58
arthur,darrell    den PF 12  175   23   51  12  25   2    2   5   24   15   3  14   3  23   0    60   0   0   0   3  -14
asik,omer         nor  C 25  437   30   60   0   0  21   37  41  148   14   4  12  11  39   0    81   0   0   0  18  -34
augustin,d.j.     orl PG 26  522   80  194  40 106  41   49   2   32   77  11  29   0  39   0   241   0   0   0  10 -101
babbitt,luke      mia SF 19  303   28   83  19  58   5    7   5   34    9   7   8   1  22   0    80   0   0   0  11  -17
baker,ron         nyk SG  7   60    6   23   3  12   2    4   2    4    5   4   4   1   3   0    17   0   0   0   0  -12
baldwin,wade      mem PG 19  288   26   81   2  17  23   28   7   31   44  12  27   6  28   0    77   0   0   0   1  -90
barbosa,leandro   pho SG 24  346   69  141  16  37   6    7   4   37   28  10   8   2  24   0   160   0   0   0   0  -19
barea,j.j.        dal PG  9  297   51  123  18  47  27   28   4   31   49   6  18   1   8   0   147   1   0   0   5   -8
barnes,harrison   dal SF 24  882  195  421  24  70  77   89  38  135   29  18  35   4  42   0   491   0   0   0  24  -51
barnes,matt       sac SF 22  550   55  155  25  87  19   25  21  104   59  17  38   9  57   0   154   2   0   0   4  -42
barton,will       den SF 13  410   64  156  15  45  35   50  18   64   31  11  26   6  27   0   178   0   0   0  13  -58
bass,brandon      lac PF 13  116   18   36   1   1   6    6   7   20    7   1   4   3  12   0    43   0   0   0   0  -51
batum,nicolas     cha SG 24  826  106  276  44 130  65   84  17  186  130  22  57   9  41   0   321   0   0   0  24   65
bayless,jerryd    phi PG  3   71   11   32   2   5   9   10   3   12   13   0   9   0   4   0    33   1   0   0   1  -21
baynes,aron       det  C 26  424   40   93   0   0  34   39  29  112   10  10  26  10  54   0   114   0   0   0   1   65
bazemore,kent     atl SF 23  607   89  252  26  92  36   46  13   74   57  35  41  13  51   0   240   4   0   0  22  -97
beal,bradley      was SG 20  699  153  340  56 137  76   95  14   57   62  21  36   7  44   0   438   1   0   0  20   36
beasley,malik     den SG  9   53    9   29   4  13   4    6   0    4    3   2   0   0   4   0    26   0   0   0   0   27
beasley,michael   mil SF 23  361   79  151   7  15  25   36  19   83   19  10  28   8  38   1   190   1   0   0   0   21
belinelli,marco   cha SG 25  636   95  211  42  95  40   45   4   70   45  18  19   4  36   0   272   0   0   0   0   -1
bembry,deandre    atl SF  9   43    4   14   0   3   1    2   2    5    2   1   4   0   0   0     9   0   0   0   0    3
bender,dragan     pho PF 20  228   22   59  12  39   0    3   5   29    6   4  12   7  25   0    56   0   0   0   0   -5
bennett,anthony   bro PF 16  183   27   65  10  36  15   22  18   56    8   4   8   0  11   0    79   0   0   0   1  -47
bertans,davis     san SF 18  216   22   50  15  38   7    9   5   26    7   3   6  11  20   0    66   1   0   0   1   28
beverley,patrick  hou PG 14  412   42  100  21  52   6   10  24   76   63  20  19   8  44   0   111   3   0   0  14  124
biyombo,bismack   orl  C 25  652   53  109   0   0  42   87  58  202   31   6  37  35  65   0   148   2   0   0  10  -54
bjelica,nemanja   min PF 23  378   54  131  27  76  18   24  14   78   25  15  23   7  46   0   153   0   0   0   1   17
black,tarik       lal  C 23  356   51  102   0   1  33   42  53  120   14   9  16  13  55   0   135   1   0   0   0   11
bledsoe,eric      pho PG 25  812  175  388  34 110 123  148  24  140  136  40  78   9  74   1   507   2   0   0  25  -95
bogdanovic,bojan  bro SG 23  637  118  258  37 109  69   82  11   75   35   9  31   1  39   0   342   0   0   0  23 -122
bogut,andrew      dal  C 16  400   29   61   0   1   3   11  40  165   35  10  28  14  57   2    61   2   0   0  16  -22
bolomboy,joel     uta PF  7   15    2    3   0   1   1    2   0    8    1   1   1   2   1   0     5   0   0   0   0   -8
booker,devin      pho SG 24  793  163  397  38 121  78   97  11   63   66  20  60   7  72   2   442   4   0   0  24  -79
booker,trevor     bro PF 22  622  100  182   5  22  30   42  45  193   52  44  41  12  49   0   235   4   0   0  22 -128
bradley,avery     bos PG 24  852  174  366  53 124  29   39  30  181   60  27  43   6  63   0   430   1   0   0  24  -30
brewer,corey      hou SF 25  362   39   93   8  40  14   22   9   49   26  14  14   4  46   0   100   0   0   0   3   71
brogdon,malcolm   mil SG 23  483   65  158  23  50  25   27   9   48   65  22  27   2  38   0   178   0   0   0   0   20
brooks,aaron      ind PG 22  325   48  118  18  52  15   17   8   27   47  14  28   4  35   0   129   3   0   0   0   18
brown,anthony     nor SF  9  143   14   41   6  24   0    0   6   26    6   5   5   2  13   0    34   0   0   0   0  -11
brown,bobby       hou PG  5   22    1   11   0   4   0    0   0    2    0   0   1   0   2   0     2   0   0   0   0  -18
brown,jaylen      bos SF 24  349   51  111  12  32  20   33  16   48   16  11  17   8  38   0   134   1   0   0   3    4
brussino,nicolas  dal SF 17  145   10   29   6  19   6    7   4   23   18   6   7   3  12   0    32   0   0   0   0  -25
bullock,reggie    det SF  4   41    7   16   2   7   0    0   3    5    1   1   1   2   0   0    16   0   0   0   0    6
burke,trey        was PG 19  220   38   89   6  15   5    8   3   10   26   4  10   2  13   0    87   0   0   0   0  -77
butler,jimmy      chi SG 24  876  188  405  28  79 212  238  40  163  101  42  51   9  42   0   616   2   0   0  24  125
caboclo,bruno     tor SF  3   12    1    3   1   2   0    0   1    4    3   2   2   0   2   0     3   0   0   0   0   12
calderon,jose     lal PG 14  195   26   54  10  24   4    4   6   31   36   5  22   1  15   0    66   0   0   0   9 -109
caldwell-pope,ke  det SG 25  828  129  315  50 134  50   61  25   88   80  30  29   3  43   0   358   0   0   0  25  116
canaan,isaiah     chi PG 23  483   56  144  21  79  22   25   5   41   26  18  17   1  32   0   155   0   0   0   0  -51
capela,clint      hou  C 25  633  135  215   0   0  29   62  62  208   24  10  33  40  67   0   299   0   0   0  25   42
carroll,demarre   tor SF 19  506   70  160  35  94  20   28  14   69   21  21   8   9  41   0   195   0   0   0  19   40
carter,vince      mem SG 19  494   59  153  25  90  27   35  11   72   37  15  15   7  46   0   170   0   0   0   0   31
carter-williams,  chi PG  3   45    4   15   1   2   3    4   3    9    8   2   6   2   6   0    12   0   0   0   0   10
casspi,omri       sac SF 15  297   43   87   9  23   8   13  13   58   21   8  14   1  16   0   103   0   0   0   1   14
cauley-stein,wil  sac  C 20  251   44   80   0   1  12   22  19   40    6  10  13   7  46   0   100   0   0   0   0  -79
chandler,tyson    pho  C 17  476   54   78   0   0  24   33  55  207   10  12  27  10  52   1   132   3   0   0  16   -7
chandler,wilson   den SF 22  675  148  326  36  99  47   62  36  160   36  17  35   4  48   0   379   0   0   0   2  -24
chriss,marquese   pho PF 25  404   63  147  13  46  28   43  22   83   12  13  30  12  76   1   167   5   0   0  18  -85
christmas,rakeem  ind PF  3   15    1    4   0   0   1    1   1    3    1   0   0   1   1   0     3   0   0   0   0   -1
christon,semaj    okl PG 23  335   27   88   4  18   8   16   6   26   59  11  16   2  28   0    66   0   0   0   0  -71
clark,ian         gsw SG 23  320   59  120  22  55  11   16   4   34   24   9   9   4  21   0   151   0   0   0   0   14
clarkson,jordan   lal PG 27  781  154  361  29  98  54   65  20   76   62  39  54   3  49   0   391   0   0   0   3  -72
collison,darren   sac PG 16  493   79  160  20  47  47   57   9   33   70  21  33   1  26   0   225   1   0   0  11   54
collison,nick     okl PF  6   30    0    2   0   0   0    0   0    5    6   0   1   0   4   0     0   1   0   0   0   11
conley,mike       mem PG 17  549  103  234  42  90  78   87   7   62   97  24  39  10  28   0   326   0   0   0  16   74
connaughton,pat   por SG 10   48    6    9   1   2   3    5   0    6    4   0   0   1   1   0    16   0   0   0   0   40
cousins,demarcus  sac  C 24  830  234  515  41 111 171  228  57  261   87  30  71  35  88   2   680   8   0   0  24   68
covington,robert  phi SF 21  588   60  183  39 127  25   33  22  110   23  39  36  16  54   0   184   0   0   0  21  -99
crabbe,allen      por SG 27  747   92  209  41  99  38   45   9   81   32  14  23   6  56   0   263   0   0   0   1  -97
crawford,jamal    lac SG 25  643  114  267  35 101  57   64   4   36   53  18  29   2  32   0   320   1   0   0   0   72
crowder,jae       bos SF 16  474   78  159  33  83  22   24   8   79   40  15  20   6  42   1   211   2   0   0  16   62
cunningham,dante  nor PF 15  353   33   84  16  39   2    5  13   59    8  10  10  10  27   0    84   1   0   0  10  -32
curry,seth        dal SG 20  543   78  184  26  83  14   19   8   46   57  21  27   3  37   1   196   0   0   0   6  -61
curry,stephen     gsw PG 26  866  216  449  99 247 134  144  19  108  152  43  74   6  67   1   665   2   0   0  26  284
daniels,troy      mem SG 15  314   47  133  27  80  15   19   5   21   15   5   8   2  20   0   136   0   0   0   2   15
davis,anthony     nor PF 24  920  258  520  14  54 204  246  45  273   55  41  60  69  51   0   734   2   0   0  24  -56
davis,deyonta     mem PF 19  164   20   34   0   0   6   11  15   42    2   2   8  12  28   0    46   0   0   0   0   -5
davis,ed          por PF 27  508   43   88   0   0  30   45  60  148   17  11  24  21  85   0   116   0   0   0  11  -71
dedmon,dewayne    san  C 18  253   30   56   0   0  14   21  29  103    5   9   9  22  42   0    74   1   0   0   1   90
dekker,sam        hou SF 25  464   69  136  21  55  10   18  30   94   28  15  19   7  32   0   169   0   0   0   0   42
delaney,malcolm   atl PG 25  410   51  136   7  34  35   39   4   45   74   9  39   1  38   0   144   0   0   0   0   47
dellavedova,matt  mil PG 23  655   73  186  26  73  20   24   9   60  131  19  46   1  48   0   192   1   0   0  23  -17
deng,luol         lal SF 27  680   78  208  24  72  23   33  29  138   36  29  22   4  31   0   203   1   0   0  27 -153
derozan,demar     tor SG 24  859  235  496  12  41 188  220  22  126  101  29  64   1  43   0   670   4   0   0  24  109
diallo,cheick     nor PF  4   45    9   20   0   0   5    8   6   15    1   2   1   1   5   0    23   0   0   0   0   -7
diaw,boris        uta  C 16  342   34   75   7  28   6    7  11   39   34   3  22   0  27   0    81   0   0   0  13   30
dieng,gorgui      min  C 25  790  109  210   4  13  42   58  64  198   57  24  48  29  85   0   264   1   0   0  25  -43
dinwiddie,spence  bro PG  2   13    3    5   0   0   0    0   0    1    4   2   2   1   1   0     6   0   0   0   0   11
douglas,toney     mem PG  5   79    8   26   1   8   4    4   2   10   11   4   4   1   6   0    21   0   0   0   0   -7
dragic,goran      mia PG 20  669  138  300  29  72  71   88  19   79  131  20  62   5  57   0   376   2   0   0  20  -71
drummond,andre    det  C 25  746  163  302   1   1  46  101  93  341   31  42  47  29  66   0   373   0   0   0  25  -12
dudley,jared      pho SF 24  591   72  152  39  87  20   33  16   94   46  20  34   5  68   0   203   0   0   0   7  -32
dunleavy,mike     cle SG 17  263   22   65  13  44  10   12   1   28   17   4   7   2  19   0    67   0   0   0   1   21
dunn,kris         min PG 25  437   40  101   6  20  21   33  10   56   65  27  33   7  55   1   107   0   0   0   5  -62
durant,kevin      gsw SF 26  896  235  439  49 121 154  178  17  213  119  34  56  43  56   0   673   5   0   0  26  254
ellenson,henry    det PF  6   17    2    6   1   3   0    0   1    6    1   0   2   0   0   0     5   0   0   0   0  -10
ellington,wayne   mia SG  9  297   45  104  23  68   8   10   1   18   21   8   3   1  13   0   121   0   0   0   6  -18
ellis,monta       ind SG 24  750   88  203  15  50  42   50   3   79   89  27  56  12  56   0   233   0   0   0  23  -22
embiid,joel       phi  C 15  352   92  201  19  43  70   90  31  114   25   9  55  37  50   0   273   2   0   0  15   12
ennis,james       mem SF 14  409   42   95  14  41  29   36  23   74   19  13  15   2  44   0   127   0   0   0  13   18
ennis,tyler       hou PG 16  123   17   42   4  11   1    2   4   11   19   5  14   0  20   0    39   0   0   0   0  -35
exum,dante        uta PG 24  507   58  148  17  62  22   26  15   55   39   6  25   8  57   0   155   0   0   0  12  -86
faried,kenneth    den PF 24  539   81  159   0   3  55   77  81  198   20  22  28  22  50   0   217   2   0   0  14  -81
farmar,jordan     sac PG  2   36    4   12   4   9   0    0   1    3    9   2   3   0   1   0    12   0   0   0   0   -1
favors,derrick    uta PF 11  263   46   98   1   2  22   36  16   73    6  11  14  11  25   0   115   0   0   0   9   27
felder,kay        cle PG 10   84   12   31   0   2   8   10   1   12   17   0   7   1  10   0    32   0   0   0   0   10
felicio,cristian  chi PF 16  183   20   46   0   0   9   13  33   64    7   3   6   3  21   0    49   0   0   0   0  -23
felton,raymond    lac PG 23  398   50  111  18  40   4    6   6   38   32  17  18   8  37   0   122   0   0   0   1  -46
ferrell,yogi      bro PG 10  152   18   49   8  27  10   16   4   12   17   2  14   2  11   0    54   0   0   0   0  -44
finney-smith,dor  dal SF 22  485   43  106  20  61  14   19  16   61   22  12  12   9  40   0   120   0   0   0  16  -33
forbes,bryn       san SG 10   54    4   13   1   6   1    1   0    4    1   1   0   0   6   0    10   0   0   0   0  -33
fournier,evan     orl SG 26  863  156  350  48 133  86  103  11   74   87  30  55   1  68   1   446   3   0   0  26  -95
foye,randy        bro SG 16  279   28   82  17  53   9   11   1   40   33   6  23   3  23   0    82   1   0   0   1 -101
frazier,tim       nor PG 26  807  101  236  22  62  61   74  16   92  197  29  66   5  74   1   285   1   0   0  23  -48
frye,channing     cle PF 16  281   55  124  38  81  16   17   8   48   11   5  11   9  30   0   164   0   0   0   0   26
gallinari,danilo  den SF 22  767  100  252  38 104 118  136  13  103   45  15  33   7  30   0   356   1   0   0  22  -56
galloway,langsto  nor SG 26  569   96  243  51 132  18   24  11   63   39  29  21   1  37   0   261   0   0   0   0  -46
gasol,marc        mem  C 24  806  177  385  38  87  85  106  22  147  100  21  49  38  50   1   477   3   0   0  24  114
gasol,pau         san  C 23  603  112  228  14  30  29   49  31  171   59   9  29  25  38   0   267   0   0   0  23    4
gay,rudy          sac SF 23  771  153  336  29  83  92  109  20  141   68  36  51  15  58   0   427   1   0   0  23   55
gbinije,michael   det SG  6   21    1    8   0   4   2    2   1    2    1   0   0   0   2   0     4   0   0   0   0    0
gee,alonzo        den SG 11   83    3   12   0   3   5    9   4   13    6   5   2   1  12   0    11   0   0   0   0  -12
george,paul       ind SF 18  635  138  308  44 112  72   78  18  130   57  36  53   6  48   0   392   1   0   0  18   25
gibson,jonathan   dal PG 13  222   34   92  14  43  19   27   1   21   26   8  21   0  19   0   101   0   0   0   0  -94
gibson,taj        chi PF 24  691  128  236   0   1  32   49  52  184   36  15  41  24  59   1   288   2   0   0  24   65
ginobili,manu     san SG 20  391   47  131  23  64  28   32   9   52   50  26  31   4  31   0   145   0   0   0   0   85
gobert,rudy       uta  C 25  806  100  149   0   0  96  142  82  291   23  13  41  69  78   2   296   2   0   0  25  169
goodwin,archie    nor SG  3   29    2    5   1   2  10   10   0    0    1   0   0   1   1   0    15   0   0   0   0   -2
gordon,aaron      orl PF 26  666  100  240  22  72  26   46  26  113   47  22  26  16  52   0   248   1   0   0  18  -67
gordon,eric       hou SG 25  771  148  335  90 205  47   59  10   66   63  17  50  10  51   0   433   0   0   0   8   71
gortat,marcin     was  C 23  812  107  192   0   1  35   58  77  272   37  12  36  27  78   1   249   1   0   0  23    6
graham,treveon    cha SG  6   52    5    8   3   5   2    2   0    7    2   0   1   0  11   0    15   0   0   0   1  -11
grant,jerami      okl SF 24  472   54  115  11  32  29   57   8   62    9  14  15  25  49   0   148   0   0   0   1  -67
grant,jerian      chi PG 17  221   24   75   7  23  12   12   2   26   19  13   6   2  22   0    67   0   0   0   4    8
green,danny       san SG 16  404   40   90  27  67   9   12   3   46   34  12  14  11  26   0   116   0   0   0  16   62
green,draymond    gsw PF 25  828   98  224  31  87  48   72  45  211  177  59  49  35  74   1   275   5   0   0  25  231
green,gerald      bos SF 12  118   15   51   7  26   6    8   4   21   16   3   7   1  12   0    43   0   0   0   0  -11
green,jamychal    mem PF 26  787   87  193  15  46  52   65  58  203   33  21  37  17  97   1   241   2   0   0  26   22
green,jeff        orl SF 25  592   80  207  23  78  48   57  15   85   37   8  30   7  32   0   231   0   0   0   8  -67
griffin,blake     lac PF 23  766  178  379   5  22 121  162  49  209  108  25  51  15  61   0   482   1   0   0  23  252
hamilton,justin   bro PF 21  449   53  125  25  75  11   16  22   86   18  14  16  10  34   0   142   1   0   0   2 -106
hammons,a.j.      dal  C 11   43    5   13   2   2   2    6   4   15    2   0   0   4   3   0    14   0   0   0   0   -3
hardaway,tim      atl SG 25  546  107  239  36 119  35   54   8   46   41  11  23   5  26   0   285   0   0   0   3   51
harden,james      hou SG 25  926  206  470  73 210 218  261  34  194  291  39 139   7  66   0   703   1   0   0  25  145
harkless,maurice  por SF 26  801  131  266  35  97  29   36  50  136   23  31  33  17  70   1   326   1   0   0  26    0
harrell,montrezl  hou PF 16  209   47   75   1   1   7   13  24   51    9   5  16   9  24   0   102   2   0   0   0   39
harris,devin      dal PG  8  111    7   23   4  16   3    4   2   12   13   5   7   0   9   0    21   0   0   0   0  -28
harris,gary       den SG  5  114   21   46   4  13   8   12   3   16   12   2   6   1  10   0    54   0   0   0   4  -27
harris,joe        bro SG 23  563   82  181  39 106  23   32   6   69   29  17  30   2  61   0   226   0   0   0   0 -114
harris,tobias     det SF 26  865  168  346  32  91  61   68  13  126   45  20  38  15  49   0   429   1   0   0  26   47
harrison,aaron    cha SG  4   14    0    4   0   2   1    2   0    2    2   0   0   0   2   0     1   0   0   0   0   -8
harrison,andrew   mem PG 25  694   51  177  18  78  62   81  10   62   93  32  42  14  84   0   182   1   0   0  11  -39
haslem,udonis     mia PF  7   41    2    8   0   1   2    4   2   10    1   1   0   0   7   0     6   0   0   0   0  -23
hawes,spencer     cha  C 20  352   60  128   8  30  13   16  21   85   36  10  25  15  27   0   141   0   0   0   0  -33
hayward,gordon    uta SF 18  642  135  303  32  90 117  132  10  115   69  20  35   3  31   0   419   0   0   0  18  148
henderson,gerald  phi SG 23  563   84  186  18  49  28   36  11   63   35  18  20   4  48   0   214   2   0   0  23  -61
henson,john       mil PF 21  420   61  115   0   0  34   48  32  117   24   9  23  35  53   0   156   2   0   0  14  -28
hernangomez,juan  den PF 20  239   22   51  11  26  17   27  12   53   11   7   7   6  21   0    72   0   0   0   1  -20
hernangomez,will  nyk  C 20  268   47   82   1   2  15   20  30   93   16   8  29  10  33   0   110   0   0   0   0  -14
hezonja,mario     orl SG 17  175   24   76   6  31   6    9   3   23   10   5  13   2  11   0    60   0   0   0   0  -67
hibbert,roy       cha  C 20  322   40   84   0   0  34   46  28   75   14   3  15  20  43   0   114   0   0   0   5   -9
hield,buddy       nor SG 26  461   77  208  31 106  13   15   7   61   30   7  19   4  29   0   198   0   0   0   6 -127
hilario,nene      hou  C 20  350   60  105   2   4  32   53  26   76   17   9  26  11  54   0   154   1   0   0   0   57
hill,george       uta PG 11  360   78  146  26  57  38   43   4   39   47  12  15   2  26   0   220   0   0   0  11   91
hill,jordan       min PF  3   15    2    3   0   0   2    2   3    6    0   0   2   0   4   0     6   0   0   0   0    7
hill,solomon      nor SF 26  719   49  132  21  64  34   42  11  100   52  24  27  12  65   0   153   0   0   0  18 -102
hilliard,darrun   det SG 16  190   24   61   7  22  12   16   1   13   14   5  15   1  24   0    67   0   0   0   1  -11
holiday,jrue      nor PG 11  325   65  149  17  50  25   38   7   39   64  16  29   5  33   0   172   0   0   0   5  -18
holiday,justin    nyk SG 25  467   58  143  23  63  19   22  12   78   27  20  18  10  42   0   158   0   0   0   2  -52
hollis-jefferson  bro SG 20  460   41  121   6  25  46   59  12   94   49  21  27  11  49   1   134   0   0   0  14 -113
holmes,richaun    phi PF 20  327   57  112   7  20  18   29  30   90   17  12  18  19  44   0   139   0   0   0   2  -79
hood,rodney       uta SG 21  636  119  279  45 122  46   58   6   89   45  16  25   5  51   0   329   0   0   0  21  113
horford,al        bos  C 14  454   86  178  22  60  24   29  16   88   75   9  22  33  32   0   218   0   0   0  14   69
house,danuel      was PF  1    1    0    0   0   0   0    0   0    1    0   0   0   0   0   0     0   0   0   0   0    0
howard,dwight     atl  C 24  689  132  212   0   0  68  133 108  301   29  23  62  37  76   0   332   4   0   0  24  -30
huertas,marcelo   lal PG 13  149   15   38   2  12   5   10   1   14   37   8  15   1  12   0    37   0   0   0   1  -33
humphries,kris    atl PF 19  206   26   67   6  18  18   21  19   56    9   3  14   9  19   0    76   0   0   0   0  -49
hunter,r.j.       chi SG  3   10    0    1   0   1   0    0   0    1    0   0   0   0   0   0     0   0   0   0   0  -10
ibaka,serge       orl PF 26  792  154  319  37  89  46   53  43  167   25  14  30  49  63   0   391   1   0   0  26  -86
iguodala,andre    gsw SF 25  627   57  128  19  62  12   21  14   90   89  21  15   8  33   0   145   0   0   0   0  188
ilyasova,ersan    phi PF 24  637  114  252  44 120  41   51  25  150   37  13  31   6  53   2   313   1   0   0  14  -40
ingles,joe        uta SF 25  453   54  106  30  62  17   23   2   55   45  20  20   2  42   0   155   0   0   0   2   14
ingram,brandon    lal SF 27  724   74  209  18  60  46   63  16  107   49  15  39  14  50   1   212   0   0   0   7  -94
irving,kyrie      cle PG 22  747  197  409  55 128  77   89  16   66  103  13  55   5  44   0   526   0   0   0  22  115
jackson,demetriu  bos PG  3   17    3    4   1   1   3    6   2    4    3   0   0   0   0   0    10   0   0   0   0    1
jackson,reggie    det PG  5  124   23   65   7  18   8    9   0    9   20   4  10   1  13   0    61   0   0   0   5   11
james,lebron      cle SF 22  806  203  392  35 100 108  155  26  168  198  30  90   9  39   0   549   1   0   0  22  206
jefferson,al      ind  C 25  382   85  178   0   1  20   29  30  107   23   5  13   8  49   0   190   0   0   0   1  -38
jefferson,richar  cle SF 23  419   38   87  16  47  10   14   6   56   22   7  12   3  33   0   102   0   0   0   2   79
jenkins,john      pho SG  3   10    1    4   0   1   2    2   0    1    1   0   0   0   0   0     4   0   0   0   0    7
jennings,brandon  nyk PG 25  579   68  175  25  81  38   47  10   68  128  23  48   0  35   0   199   4   0   0   2  -57
jerebko,jonas     bos PF 24  410   44   90  18  40   7    9  21   86   17  13  14   7  39   0   113   1   0   0   1  -13
johnson,amir      bos PF 24  475   62  115   7  19  21   25  38   98   44  14  21  15  62   1   152   0   0   0  23    6
johnson,james     mia PF 21  516   78  162  21  63  35   46  20   98   40  15  36  20  49   0   212   2   0   0   0  -19
johnson,joe       uta SF 25  612   86  193  32  80  23   29  10   82   51  13  23   4  30   0   227   0   0   0   8   61
johnson,stanley   det SF 22  295   28   72   8  26  12   19   9   48   20  13  11   8  30   0    76   0   0   0   0  -43
johnson,tyler     mia SG 24  740  109  265  30  78  63   82  14  109   75  28  28  13  50   0   311   1   0   0   0  -69
johnson,wesley    lac SF 19  239   23   62  12  38   5    5  10   58    6   6   8  11  35   0    63   0   0   0   0   22
jokic,nikola      den  C 22  521   94  173   6  25  47   57  55  160   64  13  31  13  66   0   241   1   0   0   8   35
jones,damian      gsw  C  1    9    0    0   0   0   0    0   0    0    0   0   2   0   2   0     0   0   0   0   0    0
jones,derrick     pho SF  1    3    0    0   0   0   0    0   0    0    0   0   0   0   0   0     0   0   0   0   0    1
jones,james       cle SG 13   64   12   18  11  14   2    2   1    3    2   2   3   3   5   0    37   0   0   0   0   -8
jones,terrence    nor PF 25  613  100  212  11  47  44   68  25  146   28  17  28  25  34   0   255   0   0   0   4    1
jones,tyus        min PG 16  208   20   47  10  23  14   15   5   24   43  12  13   0  13   0    64   0   0   0   0   39
jordan,deandre    lac  C 25  784  110  171   0   1  61  117  88  316   15  16  39  42  69   0   281   6   0   0  25  240
joseph,cory       tor PG 24  512   78  174  12  33  32   41  12   60   59  19  24   3  40   0   200   0   0   0   0   37
kaminsky,frank    cha PF 23  597   89  236  27  96  32   47  21  112   61  11  24   8  30   0   237   0   0   0   6   17
kanter,enes       okl  C 25  484  124  225   3  21  61   78  52  147   17  10  35  22  53   0   312   1   0   0   0  -15
kelly,ryan        atl PF  8   39    2    7   1   3   2    2   0    9    4   3   1   2   2   0     7   0   0   0   0    7
kidd-gilchrist,m  cha SF 24  701   80  179   0   4  63   84  46  169   30  18  18  21  51   0   223   0   0   0  24   52
kilpatrick,sean   bro SG 23  637  122  281  37 105  90  108  10  104   61  16  63   4  44   0   371   0   0   0  13  -68
knight,brandon    pho PG 25  605  111  294  27  83  73   87  16   71   73  15  50   0  38   0   322   0   0   0   4 -214
korver,kyle       atl SG 23  649   73  163  42 103  16   18   2   55   48  20  33   7  39   0   204   0   0   0  19  -82
koufos,kosta      sac  C 24  466   60  113   0   1   9   17  44  137   12  11  22  12  50   0   129   1   0   0  20   26
kuzminskas,minda  nyk SF 21  232   32   83  15  42  11   14  13   31   17   8  11   2  19   0    90   0   0   0   0   -7
labissiere,skal   sac PF  1   15    3    5   0   0   2    3   3    3    0   0   0   0   0   0     8   0   0   0   0    5
lamb,jeremy       cha SG 14  227   48  103   8  32  27   32  11   76   15   4  13   5  15   0   131   0   0   0   1   19
laprovittola,nic  san PG 13  164   19   44  10  26   7    7   1    9   26   3  16   1  19   0    55   0   0   0   3  -36
lauvergne,joffre  okl  C 22  326   51  112  16  42  10   21  25   88   20  11  14   5  36   0   128   0   0   0   0  -52
lavine,zach       min SG 24  902  183  387  60 160  67   77  11   76   74  19  42   5  53   0   493   1   0   0  24  -87
lawson,ty         sac PG 24  604   60  158  13  45  31   40  21   70  108  29  42   3  38   0   164   0   0   0  15  -51
layman,jake       por SF 14  104   15   41   8  29   6    7   1   11    6   6   4   1  12   0    44   0   0   0   0   36
lee,courtney      nyk SG 23  694   90  194  35  72  18   20  12   66   43  22  19   5  46   0   233   1   0   0  23   -5
lee,david         san PF 24  403   63  111   0   0  30   40  37  116   35  10  18  11  38   0   156   0   0   0   1   79
len,alex          pho  C 24  554   76  158   0   2  63   87  52  184   19  11  34  38  89   2   215   4   0   0   9 -135
leonard,kawhi     san SF 24  811  198  423  47 118 149  163  29  144   71  46  42  12  37   0   592   0   0   0  24   79
leonard,meyers    por PF 25  395   50  134  26  80  10   10   9   85   21   2  16   9  60   1   136   1   0   0   4   -3
leuer,jon         det PF 26  686  104  217  21  70  38   44  38  168   39  11  23  12  51   0   267   0   0   0   0   78
levert,caris      bro SG  3   39    3   13   2   8   1    2   2    7    2   4   2   0   2   0     9   0   0   0   0  -18
liggins,deandre   cle SG 13  196   13   30   4   6   9   15   7   27   17   8  12   6  21   0    39   0   0   0   3   71
lillard,damian    por PG 27  960  236  517  72 197 192  215  17  126  157  26  72   7  70   1   736   0   0   0  27  -34
lin,jeremy        bro PG  6  155   30   66   7  22  18   26   2   22   37   8  13   3   5   0    85   0   0   0   5   19
livingston,shaun  gsw PG 25  433   53   91   0   1  11   22  12   53   41  10  19   3  37   0   117   0   0   0   0   64
looney,kevon      gsw SF 22  183   29   42   1   3   9   15  19   53   10   4   6  11  32   0    68   0   0   0   2   34
lopez,brook       bro  C 21  596  144  315  42 114  92  110  39  108   51  11  43  35  44   0   422   0   0   0  21  -61
lopez,robin       chi  C 24  686  108  228   0   1  20   31  93  186   18   3  22  48  43   0   236   0   0   0  24   91
love,kevin        cle PF 23  741  160  345  60 146 127  147  58  239   39  24  47  12  44   1   507   0   0   0  23  193
lowry,kyle        tor PG 24  895  163  360  75 169 108  126  24  117  176  37  70   7  69   0   509   3   0   0  24  214
lucas,john        min PG  5   10    1    4   0   1   0    0   0    0    1   2   0   0   0   0     2   0   0   0   0   12
luwawu-cabarrot,  phi SG 17  115   12   35   3  12  12   18   1   16    5   4   5   3  15   0    39   0   0   0   0  -15
lyles,trey        uta PF 25  565   89  221  30  99  25   29  25  110   35  12  31  10  40   0   233   0   0   0   3    8
mack,shelvin      uta PG 25  546   78  183  17  58  20   27   8   50   78  24  44   0  49   0   193   0   0   0   3   68
mahinmi,ian       was  C  1   14    0    1   0   0   1    2   0    1    0   1   2   1   3   0     1   0   0   0   0  -11
maker,thon        mil PF  7   25    5   10   2   4   4    6   3   11    0   1   1   1   4   0    16   0   0   0   0  -12
marjanovic,boban  det  C 10   48    7   24   0   0   6    7   6   17    0   1   1   3   8   0    20   0   0   0   0    8
martin,jarell     mem PF 25  376   42  112   8  20  28   37  25  109    5   9  21   7  57   0   120   0   0   0   2  -71
matthews,wesley   dal SG 23  824  124  313  77 192  55   67   8   76   48  27  36   4  49   1   380   3   0   0  23  -88
mbah_a_moute,luc  lac SF 25  571   54  110  17  40  26   41  19   58    8  32  18  13  33   0   151   0   0   0  25  180
mcadoo,james      gsw PF 11   69    8   18   0   2   1    5   1   11    3   1   3   3   4   0    17   0   0   0   0  -11
mccaw,patrick     gsw PG 21  267   26   61  14  36   3    6   6   24   23   9  12   7  22   0    69   0   0   0   0  -16
mcclellan,sheldo  was SG  7   76   12   27   2  10   6    7   2    5    3   4   1   0   5   0    32   0   0   0   2    1
mccollum,c.j.     por SG 27  925  224  468  74 158  83   92  22   99  100  28  60  16  77   1   605   3   0   0  27   -9
mcconnell,t.j.    phi PG 24  459   39   91   2  13   9   13  11   60  106  33  34   3  40   0    89   0   0   0   1  -92
mccullough,chris  bro PF  9   49   11   24   1   4   1    1   8   14    1   0   2   2   4   0    24   0   0   0   0   21
mcdaniels,k.j.    hou SG 15  164   23   50   7  21   5    6   3   19    2   5   5   8  14   0    58   0   0   0   0  -11
mcdermott,doug    chi SF 12  293   46   95   9  29  18   20   3   32   15   4  10   1  17   0   119   0   0   0   0   28
mcgee,javale      gsw  C 22  171   45   72   0   1  16   33  20   51    6   4  16  14  29   0   106   0   0   0   1   46
mcgruder,rodney   mia SG 24  610   56  140  21  65  17   25  37   84   32  19  21   8  49   0   150   0   0   0  12  -20
mclemore,ben      sac SG 19  306   45  108  12  38  14   20   5   27   13   6  14   3  20   0   116   0   0   0   4  -11
mcrae,jordan      cle SG 14  127   18   59   5  15   4    5   3   15    9   4   4   2  11   0    45   0   0   0   0  -27
mcroberts,josh    mia PF 16  283   30   91   6  20   5    7  21   66   40   9  18   3  24   0    71   1   0   0   8  -52
meeks,jodie       orl SG  7  123   21   50  12  26  17   19   2   14    8   7   3   0   8   0    71   0   0   0   0    6
mejri,salah       dal  C 20  245   24   39   0   2   6   11  24   80    6  13  12  17  42   0    54   2   0   0   6  -34
mickey,jordan     bos PF  9   68   10   20   0   0   2    5   8   17    3   1   4   0   8   0    22   0   0   0   0  -34
miles,c.j.        ind SF 19  407   78  165  42  95  23   25   7   54   15  16   9  13  34   0   221   0   0   0   3   61
miller,mike       den SG  3   17    3    4   3   4   0    0   0    4    4   0   0   0   1   0     9   0   0   0   0    5
mills,patty       san PG 24  560   98  200  50 114  32   34  10   49   87  19  31   0  34   0   278   0   0   0   4  153
millsap,paul      atl PF 22  729  139  302  22  71  74   99  35  184   79  38  51  21  58   0   374   3   0   0  22   82
mirotic,nikola    chi PF 24  537   69  181  31 109  39   53  13  136   24  18  28  17  33   0   208   0   0   0   2   22
monroe,greg       mil  C 22  420   78  153   0   1  49   57  41  143   49  29  33   9  40   0   205   1   0   0   0   52
moore,e'twaun     nor SG 22  575   98  218  21  64  19   25  10   50   65  16  28   7  45   0   236   0   0   0  18    3
morris,marcus     det PF 26  838  151  336  44 118  32   39  21  109   49  19  27  10  50   0   378   1   0   0  26   70
morris,markieff   was PF 23  738  106  260  15  48  70   87  33  132   41  28  47  14  68   0   297   5   0   0  23    7
morrow,anthony    okl SG 18  303   49  115  18  57   8   10   6   16   13   7   5   2  15   0   124   1   0   0   0    4
mozgov,timofey    lal  C 26  549   92  165   0   1  33   41  56  122   25   6  35  13  64   1   217   1   0   0  26 -172
mudiay,emmanuel   den PG 24  719  106  300  25  89  72   93  15  100   90  20  70   8  46   0   309   0   0   0  24 -162
muhammad,shabazz  min SF 22  359   49  119   6  26  36   47  21   53    9   4  13   1  19   0   140   0   0   0   0  -20
murray,dejounte   san PG  9   46    4   14   2   4   4    8   0    6    8   0   8   0   7   0    14   0   0   0   1  -32
murray,jamal      den SG 25  557   87  225  40 109  32   39  15   74   53  12  39   7  43   0   246   0   0   0   2   60
muscala,mike      atl PF 25  550   85  155  20  44  27   34  32  103   38  13  27  18  43   0   217   0   0   0   3  -50
nance,larry       lal PF 24  518   78  136   1  11  18   25  35  130   29  29  17  11  53   0   175   0   0   0   0   -1
napier,shabazz    por PG 13   87   11   30   7  23   9   14   0    9   14   8   5   0   9   0    38   0   0   0   0   40
ndour,maurice     nyk SF 11   93    9   21   0   2   5    6   4   17    1   4   2   2  11   0    23   1   0   0   0  -19
nelson,jameer     den PG 25  665   94  215  32  87  14   20  11   70  110  17  51   2  79   0   234   0   0   0   7   34
neto,raul         uta PG 11   51   10   19   5   7   1    1   1    8    6   1   6   0   4   0    26   0   0   0   0   15
niang,georges     ind SF 13   72    4   27   1  10   2    2   2   13    5   1   4   0   5   0    11   0   0   0   0  -15
nicholson,andrew  was PF 16  156   23   56   1  10   5    9   6   22    4   6   7   4  25   0    52   0   0   0   0  -44
noah,joakim       nyk  C 21  461   41   83   0   1  11   36  61  162   59  15  25  18  55   1    93   3   0   0  21  -32
noel,nerlens      phi PF  1   10    3    5   0   0   2    2   0    0    0   1   0   0   1   0     8   0   0   0   0   11
nogueira,lucas    tor  C 18  340   36   46   0   0  16   23  31   83   13  19  14  32  45   0    88   0   0   0   0  160
novak,steve       mil SF  2    6    0    2   0   2   0    0   0    1    0   0   0   0   0   0     0   0   0   0   0   -2
nowitzki,dirk     dal PF  5  130   24   67   6  22   7    7   2   32    7   3   5   3   9   0    61   0   0   0   5  -74
nurkic,jusuf      den  C 25  531  106  201   0   0  33   66  66  182   35  16  61  25  56   0   245   1   0   0  25 -112
o'quinn,kyle      nyk PF 24  372   69  120   0   4  18   26  53  130   32   7  22  28  56   0   156   0   0   0   4  -32
ochefu,daniel     was PF  3    8    1    3   0   0   0    0   0    3    0   0   1   0   2   0     2   0   0   0   0    8
okafor,jahlil     phi  C 20  447  100  190   0   0  27   51  27   92   19   8  30  24  52   1   227   1   0   0   7 -113
oladipo,victor    okl SG 24  822  152  333  51 134  31   50  12  107   66  22  42   7  44   0   386   0   0   0  24   81
olynyk,kelly      bos  C 18  384   55  122  19  58  20   25  14   81   32  12  23   4  48   1   149   0   0   0   5   24
onuaku,arinze     orl PF  4   13    1    1   0   0   0    0   0    1    0   0   0   1   2   0     2   0   0   0   0  -14
oubre,kelly       was SF 22  375   46  105  15  46  21   27  16   73   14  15  12   1  44   0   128   3   0   0   0  -60
pachulia,zaza     gsw  C 23  403   39   78   0   0  22   28  45  127   55  19  33  11  46   0   100   2   0   0  23  129
papagiannis,geor  sac  C  1    6    1    1   0   0   0    0   0    1    0   0   1   0   3   0     2   0   0   0   0   -4
parker,jabari     mil PF 23  750  172  366  26  74  76  100  37  128   49  25  36   5  40   0   446   0   0   0  23  -41
parker,tony       san PG 16  404   60  136   6  16  26   30   4   28   73   8  26   1  30   0   152   0   0   0  16   29
parsons,chandler  mem SF  6  126   18   46   5  21   5    6   2   18    5   2   8   3   5   0    46   0   0   0   6   21
patterson,patric  tor PF 24  691   61  167  39 110  21   29  27  142   44  22  17   9  61   0   182   0   0   0   0  204
paul,chris        lac PG 25  791  146  316  54 133 102  114  19  130  240  62  56   5  61   0   448   2   0   0  25  252
payne,adreian     min PF  9   83   17   37   2  10  12   15   6   17    3   4   7   4  19   0    48   1   0   0   0  -28
payton,elfrid     orl PG 26  753  118  262  14  57  36   63  20   97  146  30  52  17  51   0   286   1   0   0  16  -35
pierce,paul       lac SF  7   83    7   19   5  14   6    6   0    8    2   2   3   2  17   0    25   0   0   0   1   -9
plumlee,marshall  nyk  C  2   24    1    1   0   0   2    3   1    6    1   1   0   0   3   0     4   0   0   0   0    6
plumlee,mason     por PF 27  750  118  219   0   2  44   84  52  195  117  23  47  32  75   1   280   3   0   0  27   29
plumlee,miles     mil  C 18  200   17   36   0   0  14   20  17   38   15   9  15   5  35   0    48   0   0   0   9  -17
poeltl,jakob      tor  C 12  148   14   30   0   0   8   13  21   42    4   5   4   5  30   2    36   0   0   0   2    2
porter,otto       was SF 23  794  129  242  34  83  23   30  42  167   32  43  20  11  66   1   315   0   0   0  23   31
portis,bobby      chi PF 18  209   30   61   4   9   9   15  25   57   13   2   9   4  28   0    73   0   0   0   0  -35
porzingis,krista  nyk PF 25  861  187  406  55 137  85  108  47  193   33  17  37  48  96   1   514   2   0   0  25    8
powell,dwight     dal PF 24  499   69  137   1   7  33   43  35  115   21  30  13  14  50   1   172   0   0   0   1 -117
powell,norman     tor SG 20  291   45   87  18  37  24   31   3   37   22  13   9   2  33   0   132   0   0   0   5   77
prince,taurean    atl SF 17  179   23   56   7  24  11   12   4   37   12   4  12   5  19   0    64   0   0   0   0  -12
quarterman,tim    por SG  8   25    7    8   2   3   0    0   2    4    4   0   0   2   1   0    16   0   0   0   0   17
randle,julius     lal PF 24  679  121  246   3  18  59   85  50  213   78  17  69  10  81   1   304   3   0   0  24 -110
randolph,zach     mem PF 19  425  113  241   5  19  33   47  40  152   21   9  23   3  37   0   264   0   0   0   1  -48
redick,jj         lac SG 24  648  124  262  57 130  58   63   2   43   23  18  39   4  35   0   363   0   0   0  24  218
reed,willie       mia PF 18  221   31   53   0   0  16   32  35   68    6   2   4   5  26   0    78   0   0   0   0   19
richardson,josh   mia SG 15  419   63  156  27  78  10   15   9   46   30  13  19   7  39   0   163   1   0   0   9  -26
richardson,malac  sac SG  2    8    1    4   1   3   0    0   0    0    0   0   0   0   1   0     3   0   0   0   0   -8
rivers,austin     lac PG 24  542   75  176  24  65  28   42   5   43   48  15  23   4  48   0   202   2   0   0   1   -6
roberson,andre    okl SG 25  780   73  159  21  69   9   32  24  116   28  32  17  28  66   1   176   0   0   0  25   53
roberts,brian     cha PG  6   28    1    8   0   2   5    6   1    4    2   0   2   0   2   0     7   0   0   0   0  -11
robinson,glenn    ind SG 23  433   53  118  17  43  18   24  13   65   15  11  11   9  26   0   141   0   0   0   6  -54
robinson,thomas   lal PF 18  177   19   49   0   0  11   23  25   66    7   8   9   4  23   0    49   0   0   0   1  -53
rodriguez,sergio  phi PG 23  630   80  205  33  93   7    8  10   72  155  23  61   4  32   0   200   0   0   0  22  -82
rondo,rajon       chi PG 20  626   71  179  10  31  13   22  22  133  140  28  54   6  48   0   165   1   0   0  20   42
rose,derrick      nyk PG 23  715  151  331   8  34  67   80  28   91  102  16  56  10  36   0   377   0   0   0  23   -1
ross,terrence     tor SF 23  456   93  186  41  91  23   26   6   46   15  22  10   7  34   0   250   1   0   0   0  128
rozier,terry      bos PG 24  462   57  148  19  59  22   30  12   84   47  17  14   4  27   0   155   0   0   0   0    6
rubio,ricky       min PG 20  612   42  115  11  47  43   53  25   78  132  26  37   2  54   0   138   0   0   0  20  -69
rudez,damjan      orl SF 15  128   11   29   7  23   0    0   4   14    6   7   5   0  11   0    29   0   0   0   0   -2
rush,brandon      min SG 11  120    6   24   4  14   1    2   0   14    7   2   5   2   5   0    17   0   0   0   0   -8
russell,d'angelo  lal PG 15  387   81  197  36  93  31   40   8   46   72  18  46   4  30   0   229   1   0   0  15  -20
sabonis,domantas  okl PF 25  538   66  147  25  59   1    2  11   85   33  16  30  11  69   0   158   0   0   0  25   21
saric,dario       phi SF 24  590   88  223  33  85  29   39  24  141   42  11  49   6  45   0   238   0   0   0  10 -124
satoransky,tomas  was SG 18  300   28   70   2  17  11   17   8   32   44  10  17   0  30   0    69   0   0   0   2    6
schroder,dennis   atl PG 25  756  159  356  35  96  59   73  11   76  159  20  79   6  36   0   412   2   0   0  25  -67
scola,luis        bro PF 20  265   41   85   6  25  17   27  32   84   18   9  22   3  36   0   105   0   0   0   0  -74
scott,mike        atl PF  3   29    1    9   0   5   0    0   1    8    6   0   2   0   1   0     2   0   0   0   0  -36
sefolosha,thabo   atl SF 22  557   71  147  10  39  20   28  20  102   44  45  22   9  27   0   172   0   0   0   7   -3
seraphin,kevin    ind  C 12  122   24   49   0   0   2    4  18   45    8   3   7   5  13   0    50   0   0   0   0  -12
sessions,ramon    cha PG 25  412   48  123   9  31  47   67   4   32   73  13  22   3  24   0   152   0   0   0   0  -31
shumpert,iman     cle SG 22  488   53  108  29  62  22   25  12   60   39  22  31   7  49   0   157   1   0   0   1    8
siakam,pascal     tor SF 24  452   62  113   0   3  12   16  31   89   11  13  15  15  55   0   136   0   0   0  24   19
simmons,jonathon  san SG 24  452   52  121   7  27  31   42   7   50   48  20  21  10  41   0   142   0   0   0   1  106
singler,kyle      okl SF 11  132   10   31   3  17   5    6   1   17    2   1   5   2  12   0    28   0   0   0   0   31
smart,marcus      bos PG 21  645   76  207  29 100  30   48  20   86   88  24  38   8  49   0   211   4   0   0   8   46
smith,ish         det PG 26  736  110  263   9  32  29   38   7   76  158  24  37   9  47   0   258   1   0   0  21   25
smith,j.r.        cle SG 18  535   51  155  44 126   7    8   8   41   23  24  13   9  44   0   153   1   0   0  18  115
smith,jason       was PF 22  240   30   67   1   2   2    2  12   48    5   5  18   8  49   0    63   0   0   0   0  -75
snell,tony        mil SF 22  649   67  169  34 120  14   18  11   90   26   9  15   2  38   0   182   0   0   0  22    6
speights,marrees  lac  C 25  396   77  177  24  76  47   57  35  127   20   8  15  11  70   1   225   1   0   0   0   12
stauskas,nik      phi SG 24  633   79  171  40 102  37   50   6   63   47  10  39  11  39   0   235   0   0   0   3 -119
stephenson,lance  nor SG  6  162   26   55   1  10   5    8   4   20   29   2  11   1  18   0    58   0   0   0   0  -10
stokes,jarnell    den PF  2    7    1    1   0   0   1    2   1    2    2   1   0   0   3   0     3   0   0   0   0    0
stone,diamond     lac  C  3   14    2    7   0   0   2    2   1    3    0   0   1   1   4   0     6   1   0   0   0  -17
stuckey,rodney    ind PG 15  315   48  104   7  24  39   53   3   41   32   7  26   0  24   0   142   0   0   0   0  -38
tavares,walter    atl  C  1    4    1    1   0   0   0    2   0    1    0   0   0   0   0   0     2   0   0   0   0    6
teague,jeff       ind PG 25  793  122  288  24  74 104  125  11   92  173  48  67  14  59   1   372   0   0   0  25  -44
teletovic,mirza   mil PF 20  337   53  129  40 102  12   16   5   55   13   2  14   5  33   0   158   0   0   0   1   -9
temple,garrett    sac SG 24  534   54  119  25  61  14   17  10   56   40  25  18  12  39   0   147   0   0   0   0   14
terry,jason       mil SG 18  300   19   58  13  41   4    5   2   21   20   6   7   4  19   0    55   0   0   0   0   22
thomas,isaiah     bos PG 21  699  168  395  46 139 164  185  11   55  130  18  47   3  49   0   546   2   0   0  21   12
thomas,lance      nyk SF 15  252   27   69  11  24   6    7   5   32    5   9  10   1  20   0    71   0   0   0   0  -61
thompson,hollis   phi SG 24  454   57  134  23  61  12   18  14   67   21  13   8   6  45   0   149   0   0   0   1  -60
thompson,klay     gsw SG 26  883  212  453  76 204  62   70  17   94   54  16  49   9  54   0   562   0   0   0  26  258
thompson,tristan  cle  C 23  671   62  102   0   1  27   59  76  233   19  11  15  32  54   0   151   2   0   0  23  137
thornton,marcus   was SF 22  407   57  154  19  58  21   23  18   54   29  16  15   2  29   0   154   0   0   0   1 -100
tolliver,anthony  sac PF 12  143   11   29   5  21   5    5   8   25   11   2   6   0  16   0    32   0   0   0   0  -47
towns,karl-antho  min PF 25  877  204  435  34 100  92  119  85  269   56  19  58  36  76   0   534   0   0   0  25  -70
tucker,p.j.       pho SF 25  643   53  141  16  57  31   43  39  141   27  28  21   7  56   0   153   2   0   0   9  -57
turner,evan       por SG 27  682  100  230  14  49  41   47  15  111   82  20  33   7  49   0   255   1   0   0   1 -153
turner,myles      ind PF 24  692  133  249  14  37  81  101  38  172   24  21  36  54  73   1   361   0   0   0  24   48
udrih,beno        det PG 22  373   61  133   8  22  20   22   5   37   74   6  19   0  19   0   150   0   0   0   0   40
ulis,tyler        pho PG 13  145   18   45   1   5  10   12   2    9   24  15  11   1  13   0    47   0   0   0   0   13
valanciunas,jona  tor  C 22  607  107  203   0   0  53   64  70  211   18   8  34  16  58   0   267   1   0   0  22   44
valentine,denzel  chi SG 16  178   13   48   9  33   3    4   1   25    6   4   5   1  19   0    38   0   0   0   0  -27
vanvleet,fred     tor PG  5   15    3    6   1   2   0    0   0    1    3   2   1   0   1   0     7   0   0   0   0   19
varejao,anderson  gsw  C  7   49    2    7   0   0   7    8   8   16    7   2   5   1   8   0    11   0   0   0   1  -27
vasquez,greivis   bro PG  3   39    2    8   1   3   2    3   0    2    5   1   1   1   6   0     7   0   0   0   0  -13
vaughn,rashad     mil SG 12  145   21   54  12  34   0    0   0   12    3   6   3   4   8   0    54   0   0   0   0   -6
vonleh,noah       por PF 21  230   22   56   6  19  12   15  12   64    4   5  16   9  33   1    62   1   0   0   2  -27
vucevic,nikola    orl  C 24  656  130  299   6  20  26   42  59  262   61  18  31  20  50   0   292   0   0   0  16   -4
vujacic,sasha     nyk SG 15  121   11   31   5  18   3    4   2   23   14   4   9   0  15   0    30   0   0   0   0    7
wade,dwyane       chi SG 22  695  159  361  24  70  95  117  28   93   79  34  51  17  47   0   437   3   0   0  22   89
waiters,dion      mia SG 16  508   88  229  21  61  30   46   7   55   64  14  35  10  41   0   227   2   0   0  16  -16
walker,kemba      cha PG 25  828  204  439  65 157  98  125   9   90  124  39  54   7  35   0   571   0   0   0  25   79
wall,john         was PG 21  761  182  402  28  79 110  133  18   92  199  44  93  13  49   0   502   5   0   0  21    2
warren,t.j.       pho SF 13  422   93  203   8  26  36   44  26   56   13  25  13   4  37   0   230   1   0   0  13  -74
watson,c.j.       orl PG 19  220   11   40   7  16  13   16   2   21   19  11   4   0  13   0    42   0   0   0   0    3
west,david        gsw PF 26  286   43   84   2   3  16   24  17   68   46  14  30  15  42   0   104   2   0   0   0   72
westbrook,russel  okl PG 25  885  256  601  45 140 210  260  57  271  272  34 141   8  60   0   767   6   0   0  25  128
whitehead,isaiah  bro SG 19  435   50  128   9  36  17   22   5   44   58  14  44   9  48   0   126   0   0   0  13  -47
whiteside,hassan  mia  C 25  835  183  340   0   0  66  123 108  360   17  20  50  60  81   1   432   2   0   0  25  -63
wiggins,andrew    min SF 25  910  194  440  37  94 131  172  29  105   57  12  63   8  54   1   556   0   0   0  25  -48
wilcox,c.j.       orl SG 10   58    3   12   2  10   2    2   1    5    7   0   3   0   1   0    10   0   0   0   0  -12
williams,alan     pho PF  9   90   16   25   0   0   7   16  17   39    1   5   8   7  20   0    39   0   0   0   0   14
williams,deron    dal PG 16  474   72  186  24  78  29   32   2   37  105   8  33   2  39   0   197   0   0   0  16  -28
williams,derrick  mia PF 15  262   39   99   5  33  22   37  11   42    6   6   7   4  17   0   105   0   0   0   9  -16
williams,louis    lal SG 27  677  162  357  58 145 139  161   6   68   90  36  64   4  28   0   521   0   0   0   0   70
williams,marvin   cha PF 19  520   66  187  35 103  22   28  18  109   22   9  12   7  32   0   189   0   0   0  19   15
williams,reggie   nor SF  3   45    7   15   5   8   5    5   1    5    2   1   0   0   1   0    24   0   0   0   0   -6
williams,troy     mem SF 20  376   49  115   9  39  15   25   6   41   18  22  23   8  38   0   122   0   0   0  11  -63
wiltjer,kyle      hou ??  4   11    1    4   1   4   0    0   0    3    0   0   2   0   2   0     3   0   0   0   0   -4
winslow,justise   mia SF  9  324   42  127   6  28  14   19  11   42   35  15  14   3  29   0   104   0   0   0   9    1
withey,jeff       uta  C 21  199   21   38   0   1  16   21  18   53    2   8   8  18  26   0    58   0   0   0   0  -25
wood,christian    cha PF  1    3    0    1   0   1   0    0   0    2    0   0   0   0   0   0     0   0   0   0   0   -3
young,james       bos SG 11   64    6   14   2   7   0    0   2   11    3   3   1   0   2   0    14   0   0   0   0   34
young,joe         ind PG 15   96   19   50   3  14   8   11   1   13   10   4   2   0   4   0    49   0   0   0   0  -36
young,nick        lal SF 20  496   90  198  49 123  34   37   9   49   21   7  14   7  52   0   263   0   0   0  20  -76
young,thaddeus    ind PF 25  748  126  237  26  56  17   31  41  152   35  26  37  14  39   1   295   0   0   0  25  -20
zeller,cody       cha  C 22  551   90  151   0   0  53   83  41  134   27  12  22  25  71   0   233   0   0   0  20  120
zeller,tyler      bos  C 22  287   43   91   0   0  13   22  28   76   22   5  10  16  33   0    99   0   0   0   5    4
zimmerman,stephe  orl ??  4   19    2    5   0   0   0    1   3    6    1   0   0   0   0   0     4   0   0   0   0  -10
zipser,paul       chi SF  6   29    0    6   0   2   0    0   1    7    3   1   1   0   3   0     0   0   0   0   0    1
zubac,ivica       lal  C  5   35    3    8   0   0   3    4   1    5    0   1   2   0   6   0     9   0   0   0   1    0
