Player           Team PS GP  Min  FGM  FGA  3M  3A FTM  FTA  OR   TR   AS  ST  TO  BK  PF  DQ   PTS  TC  EJ  FF Sta
abdul-rauf,mahmo  sac PG 31  535  103  273   5  31  16   16   6   37   58  16  19   1  31   0   227   0   0   0   0
abdul-wahad,tari  sac SF 59  959  144  357   4  19  84  125  44  116   51  35  65  12  81   0   376   0   0   0  16
abdur-rahim,shar  van SF 82 2955  653 1347  21  51 502  640 227  581  213  89 257  76 201   0  1829   9   0   0  82
alexander,cory    den PG 60 1298  171  400  66 176  80  102  17  146  209  70 112  11  98   2   488   0   0   1  22
allen,ray         mil SG 82 3286  563 1316 134 367 342  391 127  404  355 110 262  12 244   2  1602   0   0   0  82
anderson,cadilla  atl  C 50  398   36   81   0   5  16   41  39  118   15  19  17  10  85   0    88   1   0   3   0
anderson,derek    cle SG 66 1839  239  586  17  84 275  315  55  187  227  86 128  13 136   0   770   0   0   0  13
anderson,kenny    bos PG 61 1858  268  674  57 160 153  194  39  173  345  87 143   1 135   1   746   6   0   0  57
anderson,nick     orl SG 58 1701  343  754  77 214 127  199  98  297  119  72  85  23  98   1   890   1   0   0  44
anderson,shandon  uta SG 82 1602  269  500   7  32 136  185  86  227   89  66  92  18 145   0   681   0   0   0   2
anstey,chris      dal  C 41  680   92  231   3  16  53   74  53  157   35  31  41  27  95   1   240   1   0   1   8
anthony,greg      sea PG 80 1021  150  348  66 159  53   80  18  111  205  64  91   3  97   0   419   2   0   0   0
armstrong,b.j.    cha PG 66  831  105  213   9  35  42   50  16   76  150  29  42   0  74   0   261   0   0   0   0
armstrong,darrel  orl PG 48 1236  156  380  25  68 105  123  65  159  236  58 112   5  96   1   442   0   0   1  17
askew,vincent     por SG 30  443   19   54   0   2  28   39  21   68   38  19  35   5  39   0    66   1   0   0   5
askins,keith      mia SF 46  681   39  122  21  74  12   19  28  101   29  27  26  12 107   3   111   1   1   1  12
augmon,stacey     por SG 71 1445  154  372   1   7  94  156 104  235   88  57  81  32 144   0   403   4   0   2  23
austin,isaac      lac  C 78 2266  406  871   0  11 243  363 198  557  172  61 206  56 231   5  1055   9   1   0  50
baker,vin         sea PF 82 2944  631 1164   1   7 311  526 286  656  151  91 174  87 279   7  1574   5   0   0  82
barkley,charles   hou PF 68 2243  361  744  18  84 296  397 241  794  217  71 147  28 187   2  1036  23   5   3  41
barros,dana       bos PG 80 1686  281  609 100 246 122  144  28  153  286  83 107   6 124   0   784   0   0   0  15
barry,brent       mia SG 58 1600  213  506  90 229 115  134  29  171  152  63 104  27 118   0   631   0   0   0  36
barry,drew        atl PG 27  256   18   38   9  21  11   13   5   35   49  10  30   1  28   0    56   0   0   0   0
barry,jon         lal SG 49  374   38  104  18  61  27   29   8   37   51  24  22   3  33   0   121   0   0   0   1
battie,tony       den PF 65 1506  234  525   3  14  73  104 138  351   60  54  98  69 199   6   544   4   0   2  49
beck,corey        cha PG 59  738   73  159   2   4  43   59  27   90   98  33  70   7 100   0   191   1   0   0  14
benjamin,benoit   phi  C 14  197   22   41   0   0  19   30  18   53    3   4  12   4  26   0    63   0   0   0   0
bennett,mario     lal PF 45  354   80  135   1   2  16   44  60  126   18  19  21  11  61   0   177   0   0   0   4
benoit,david      orl SF 77 1123  152  408  55 170  61   74  60  203   25  35  52  20 157   0   420   0   0   0   0
best,travis       ind PG 82 1547  201  480  21  70 112  131  28  122  281  85 111   5 193   3   535   2   0   0   0
billups,chauncey  tor PG 80 2216  280  749 107 325 226  266  62  190  314 107 174   4 172   2   893   0   0   0  70
blaylock,mookie   atl PG 70 2700  368  938  90 334  95  134  81  341  469 181 176  21 122   0   921   3   0   0  69
blount,corie      lal PF 70 1029  107  187   0   4  39   78 114  298   37  29  51  25 157   2   253   1   0   0   3
bogues,muggsy     gsw PG 61 1569  141  323   4  16  61   68  30  131  331  66 105   3  58   0   347   0   0   0  31
bohannon,etdrick  ind SF  5   11    0    4   0   0   0    0   2    6    1   0   3   2   3   0     0   0   0   0   0
booth,keith       chi SF  6   17    2    6   0   1   6    6   2    4    1   0   3   0   3   0    10   0   0   0   0
bowen,bruce       bos SF 61 1305  122  298  20  59  76  122  79  174   81  87  52  29 174   0   340   0   0   1   9
bowie,anthony     nyk SF 27  225   32   60   3   5   8    9   9   26   11   6   8   2  25   1    75   1   0   0   3
bradley,shawn     dal  C 64 1822  300  711   1   3 130  180 164  518   60  51  96 214 214   9   731   9   0   0  46
brandon,terrell   mil PG 50 1784  339  731  31  93 132  156  23  176  387 111 145  17 120   1   841   0   0   0  48
breaux,tim        mil SF  6   30    4   11   1   3   1    2   0    2    2   2   1   1   1   0    10   0   0   0   0
brooks,scott      cle PG 43  312   28   66   5  11  18   20   6   30   49  18  12   3  25   0    79   0   0   0   0
brown,chucky      atl SF 77 1202  161  372   2   8  63   87  57  183   55  23  51  13 100   0   387   4   0   0   8
brown,dee         tor SG 72 1719  246  562 108 271  58   71  24  152  154  82  73  21 123   1   658   0   0   0  12
brown,p.j.        mia PF 74 2362  278  590   0   0 151  197 230  630  103  66  97  98 264   9   707   4   0   2  74
brown,randy       chi PG 71 1147  116  302   0   5  56   78  34   94  151  71  63  12 118   0   288   7   0   0   6
brunson,rick      por PG 38  622   49  141  22  61  42   62  14   56  100  25  52   3  55   0   162   1   0   0  10
bryant,kobe       lal SG 79 2056  391  913  75 220 363  457  79  242  199  74 157  39 180   1  1220   0   0   0   1
bryant,mark       pho PF 70 1110  109  225   0   1  73   95  92  244   46  36  58  16 180   3   291   4   0   0  21
buechler,jud      chi SF 74  608   85  176  25  65   3    6  24   77   49  22  21  14  47   0   198   1   0   0   0
bullard,matt      hou PF 67 1190  175  389  96 231  20   27  25  146   60  31  39  24 104   0   466   1   0   0  24
burrell,scott     chi SF 80 1096  159  375  51 144  47   64  80  198   65  64  50  38 131   1   416   1   0   2   3
burton,willie     san SG 13   43    8   21   3   9   8   12   3    9    1   2   1   2   7   0    27   1   0   0   0
butler,mitchell   cle SG 18  206   15   47   1   6   6   10   6   22   18   8   8   0  26   0    37   0   0   0   0
caffey,jason      gsw PF 80 1423  226  466   0   2 131  200 159  344   67  25 104  20 181   4   583   1   0   1  14
cage,michael      njn  C 79 1201   43   84   0   1  20   36 115  308   32  45  23  44 105   1   106   1   0   0  17
caldwell,adrian   dal PF  1    3    0    0   0   0   0    0   0    0    0   0   0   0   0   0     0   0   0   0   0
camby,marcus      tor PF 63 2002  308  747   0   2 149  244 203  466  111  68 134 230 200   1   765   3   0   0  58
campbell,elden    lal PF 81 1784  289  624   1   2 237  342 143  455   78  35 115 102 209   1   816   4   0   0  28
carr,antoine      uta PF 66 1086  151  325   0   0  76   98  42  131   48  11  48  53 195   3   378   2   0   1   8
carr,chris        min SG 51 1165  190  452  40 127  84   99  43  155   85  17  69  11 129   1   504   2   0   0  40
cassell,sam       njn PG 75 2606  510 1156  15  80 436  507  73  228  603 121 269  20 262   5  1471   9   0   0  72
cato,kelvin       por  C 74 1007   98  229   0   3  86  125  91  252   23  29  44  94 164   3   282   1   0   1   8
causwell,duane    mia  C 37  363   37   89   0   0  15   26  29   99    5   7  18  27  73   0    89   0   0   0   2
ceballos,cedric   dal SF 47  990  204  417  21  70 107  145  75  221   60  33  72  16  88   0   536   2   0   0  25
chambers,tom      phi PF  1   10    2    2   0   0   2    2   0    2    0   2   1   0   2   0     6   0   0   0   0
chapman,rex       pho SG 68 2263  408  956 120 311 146  187  30  173  203  71 116  14 102   0  1082   4   0   0  67
cheaney,calbert   was SG 82 2841  448  981  15  53 139  215  82  324  173  96 104  36 264   4  1050   2   0   0  82
chilcutt,pete     van PF 82 1420  156  359  54 131  39   59  77  306  104  53  62  34 158   0   405   0   0   0   0
childs,chris      nyk PG 68 1599  149  354  27  87 104  126  29  162  268  56 103   6 179   2   429  11   2   3   0
christie,doug     tor SG 78 2939  458 1071 100 307 271  327  94  404  282 190 228  56 198   3  1287   2   0   0  78
closs,keith       lac  C 58  740   93  207   0   0  46   77  63  168   19  12  38  81  73   0   232   0   0   0   1
coleman,derrick   phi PF 59 2135  356  867  26  98 302  391 149  587  145  46 157  68 144   1  1040  11   3   2  58
coles,bimbo       gsw PG 53 1471  166  438  13  57  78   88  17  123  248  51  89  13 135   2   423   4   1   3  44
collins,james     lac SG 23  104   21   55   9  20   8   14   7   14    3   6   8   3  13   0    59   0   0   0   0
conlon,marty      mia  C 18  209   28   62   0   0  32   44  16   46   13   9  11   5  26   0    88   0   0   0   0
corbin,tyrone     atl SF 79 2699  328  747  49 141 101  126  80  362  173 105  86   7 197   1   806   4   1   0  79
cotton,james      sea SG  9   33    8   21   0   4   8    9   2    6    0   1   6   1   3   0    24   0   0   0   0
crawford,chris    atl PF 40  256   46  110   1   3  57   68  20   41    9  12  18   7  27   0   150   0   0   0   0
croshere,austin   ind PF 26  243   32   86   4  13   8   14  10   45    8   9  13   5  32   1    76   0   0   0   0
crotty,john       por PG 26  379   29   90   6  20  32   34   4   32   63  10  42   1  28   0    96   1   0   0   2
cummings,terry    nyk PF 74 1185  200  428   0   1  67   98  97  283   47  38  51   9 181   1   467   3   0   1   3
cunningham,willi  phi  C  7   39    4    9   0   0   0    0   4   10    1   2   0   0  10   0     8   0   0   0   2
curley,bill       min PF 11  146   16   33   0   1   2    3  11   28    4   3   3   1  28   1    34   0   0   0   1
curry,dell        cha SG 52  971  194  434  61 145  41   52  26  101   69  31  54   4  85   2   490   1   0   0   1
curry,michael     mil SG 82 1978  196  418   4  11 147  176  26  101  137  59  77  14 218   1   543   3   0   0  27
dampier,erick     gsw  C 82 2653  352  792   0   2 267  399 272  716   94  39 175 138 281   6   971   1   0   0  82
daniels,antonio   van PG 74 1956  228  548  11  52 112  170  22  143  334  55 164  10  88   0   579   0   0   0  50
daniels,lloyd     tor SG  6   82   12   29   2   9   8   10   4    7    4   3   4   2   4   0    34   0   0   0   0
dare,yinka        njn  C 10   60    4   18   0   0   4    8  10   17    1   0   2   2   9   0    12   0   0   0   0
davis,antonio     ind PF 82 2191  254  528   0   3 277  398 192  560   61  45 103  72 234   6   785   5   0   0  12
davis,ben         nyk PF  7   13    2   10   0   0   0    0   6    6    0   1   0   0   3   0     4   0   0   0   0
davis,dale        ind PF 78 2174  273  498   0   0  80  172 233  611   70  51  73  87 209   1   626   4   0   3  78
davis,emanual     hou PG 45  599   63  142  27  72  31   37  10   47   59  17  52   3  55   0   184   0   0   0   0
davis,hubert      dal SG 81 2371  350  767 101 230  97  116  34  169  157  43  88   5 117   0   898   0   0   0  30
davis,mark        phi SF 71  906  109  244   0   6  64  101  64  158   73  49  91  19  95   1   282   2   1   0  12
davis,terry       was PF 74 1705  127  256   0   1  69  119 207  475   30  41  56  24 193   4   323   8   0   2  66
day,todd          mia SG  5   69   11   31   2  12   6    9   4    6    7   7   3   0  10   0    30   0   0   0   0
declercq,andrew   bos PF 81 1523  169  340   0   1 101  168 180  392   59  85  84  49 277   3   439   1   0   0  49
dehere,terry      sac SG 77 1410  180  451  50 132  79   99  21  106  196  52  96   5 150   0   489   3   1   1  18
delk,tony         gsw PG 77 1681  314  798  42 158 111  151  38  172  172  74 110  12  96   0   781   1   0   0   9
delnegro,vinny    san SG 54 1721  211  479  17  39  74   93  13  152  183  39  53   6 113   0   513   1   0   0  38
divac,vlade       cha  C 64 1805  267  536   3  14 130  188 183  518  172  83 114  94 179   1   667   4   0   0  41
douglas,sherman   njn PG 80 1699  255  515  14  46 115  172  52  135  319  55 110   7 156   2   639   6   0   1  11
drexler,clyde     hou SG 70 2473  452 1059 106 334 277  346 105  346  382 126 189  42 193   0  1287   8   1   0  70
dudley,chris      nyk  C 51  858   58  143   0   0  41   92 108  275   21  13  44  51 139   4   157   4   0   0  22
dumars,joe        det SG 72 2326  329  791 158 426 127  154  14  104  253  44  84   2  99   0   943   0   0   0  72
dumas,tony        cle SG  7   47    6   12   2   4   0    3   1    5    5   0   5   0   5   0    14   0   0   0   0
duncan,tim        san PF 82 3204  706 1287   0  10 319  482 274  977  224  55 279 206 254   1  1731   1   0   0  82
eackles,ledell    was SG 42  547   75  175  16  46  52   59  25   75   16  17  29   0  43   0   218   1   0   0   0
edney,tyus        bos PG 52  623   93  216   3  10  88  111  20   55  136  51  66   1  69   0   277   0   0   0   7
edwards,blue      van SG 81 1968  326  742  40 120 180  215  61  217  201  86 134  28 183   0   872   5   1   0  20
edwards,kevin     orl SG 39  487   57  165   6  15  30   35  20   54   39  26  30   1  28   0   150   0   0   0   5
eisley,howard     uta PG 82 1726  229  519  48 118 127  149  25  166  346  54 160  13 182   3   633   1   0   0  18
elie,mario        hou SF 73 1988  206  456  55 189 145  174  39  156  221  81 100   8 115   0   612   6   0   0  59
elliott,sean      san SF 36 1012  122  303  34  90  56   78  16  124   62  24  57  14  92   1   334   0   0   0  36
ellis,dale        sea SF 79 1939  347  700 127 276 111  142  51  184   89  60  74   5 128   0   932   6   1   0   0
ellis,harold      den SF 27  344   62  111   0   4  40   63  27   50   18  19  19   4  53   0   164   0   0   0   3
ellis,laphonso    den PF 76 2575  410 1007  57 201 206  256 146  544  213  65 173  49 226   2  1083   2   0   0  71
ellison,pervis    bos  C 33  447   40   70   0   0  20   34  52  109   31  20  28  31  90   2   100   1   0   1   8
evans,brian       njn SF 72  893  123  312  29  87  46   57  49  137   55  29  38  13 101   0   321   0   0   0   1
ewing,patrick     nyk  C 26  848  203  403   0   2 134  186  59  265   28  16  77  58  74   0   540   0   0   0  26
farmer,tony       cha PF 27  169   17   53   2   9  31   39  16   32    5  10   9   4  23   0    67   0   0   0   2
feick,jamie       mil PF 45  449   39   90   4  13  20   41  45  124   16  25  21  17  67   0   102   0   0   0   2
ferrell,duane     gsw SF 50  461   41  111   0   6  12   22  25   47   26  21  18   6  50   0    94   0   0   0   5
ferry,danny       cle PF 69 1034  113  286  33  99  32   40  23  114   59  26  53  17 118   0   291   5   1   1   3
finley,michael    dal SF 82 3395  675 1505  87 244 326  416 149  438  405 132 219  30 163   0  1763   1   0   0  82
fisher,derek      lal PG 82 1760  164  378  31  81 115  152  38  193  333  75 119   6 126   1   474   2   1   0  36
fortson,danny     den PF 80 1811  276  611   1   3 263  339 182  448   81  44 157  30 309   7   816   7   2   2  23
foster,greg       uta  C 78 1446  186  418   2   9  67   87  85  273   51  15  68  28 187   2   441   4   0   0  49
fox,rick          lal SF 82 2709  363  771  86 267 171  230  78  358  276 100 201  48 309   4   983   6   0   1  82
foyle,adonal      gsw  C 55  656   69  170   0   1  27   62  73  184   14  13  50  52  94   0   165   0   0   0   1
fuller,todd       gsw  C 57  613   86  205   0   4  55   80  61  196   10   6  37  16  89   0   227   1   0   0   1
funderburke,lawr  sac PF 52 1094  191  390   1   7 110  162  80  234   63  19  62  15  56   0   493   0   0   1   1
garner,chris      tor PG 38  293   23   70   4  14   3    7   7   24   45  21  25   5  50   0    53   0   0   0   0
garnett,kevin     min SF 82 3222  635 1293   3  16 245  332 222  786  348 139 192 150 224   1  1518   3   0   2  82
garrett,dean      den  C 82 2632  242  565   0   0 114  176 227  644   90  57  84 133 197   0   598   1   0   0  82
garris,kiwane     den SG 28  225   22   65   5  14  19   25   3   19   28   7  15   2  22   0    68   0   0   0   0
gatling,chris     njn PF 57 1359  248  545   1   4 159  265 118  334   53  52  99  29 152   2   656  10   0   1  16
geary,reggie      san PG 62  685   56  169  12  40  28   56  19   67   74  37  42  12  95   0   152   0   0   0   2
geiger,matt       cha  C 78 1839  358  709   1  11 168  236 196  521   81  69 111  87 193   1   885   5   0   0  42
gill,kendall      njn SG 81 2733  418  974  26 101 225  327 112  391  200 156 124  64 268   4  1087   4   1   1  81
gilliam,armon     mil PF 82 2114  327  676   0   4 267  333 146  440  102  65 149  38 178   1   921   2   0   0  25
goldwire,anthony  den PG 82 2212  269  636  63 164 150  186  40  147  277  86  85   7 149   0   751   0   0   0  32
graham,greg       cle ??  6   56    7   12   0   3   2    2   0    1    6   1  10   0   7   0    16   0   0   0   0
grant,brian       por PF 61 1921  283  557   0   1 171  228 197  555   86  44 110  45 184   3   737   5   1   0  49
grant,gary        por PG 22  359   43   93   7  19  12   14   8   48   84  17  24   2  30   0   105   0   0   0   2
grant,harvey      was SF 65  895   75  196   1   6  19   30  60  168   39  23  26  15  94   1   170   1   0   0   8
grant,horace      orl PF 76 2803  393  857   0   7 135  199 228  618  172  81  88  79 180   0   921   1   0   0  76
gray,ed           atl SG 30  472   77  202  18  46  55   65   9   45   34  15  30  11  73   0   227   1   0   0   3
grayer,jeff       gsw SG  5   34    4   11   2   6   0    0   0    4    2   2   4   0   7   0    10   0   0   0   0
green,a.c.        dal PF 82 2652  242  534   0   4 116  162 219  668  123  78  68  27 157   0   600   4   0   0  68
green,litterial   mil PG 21  124    5   23   0   2  15   20   1    7   16   4   8   0  11   0    25   0   0   0   0
grimm,derek       sac PF  9   46    4   14   4  12   2    2   0    4    0   3   3   1   6   0    14   0   0   0   0
gugliotta,tom     min PF 41 1582  319  635   2  17 183  223 106  356  167  61 109  22 102   0   823   3   0   1  41
haley,jack        njn PF 16   51    5   18   0   1  12   21   5   15    0   0   4   1   9   0    22   0   0   0   0
ham,darvin        was PF 71  635   55  104   0   0  35   74  72  131   16  21  37  25 118   1   145   1   1   3   3
hammonds,tom      min PF 57 1140  127  246   0   1  92  132 100  271   36  15  48  17 127   1   346   5   0   1   2
hanson,reggie     bos SF  8   26    3    6   0   0   0    0   3    6    1   2   3   1   8   0     6   0   0   0   0
hardaway,anferne  orl SG 19  625  103  273  15  50  90  118   8   76   68  28  46  15  45   0   311   1   0   0  15
hardaway,tim      mia PG 81 3031  558 1296 155 442 257  329  48  299  672 136 224  16 200   2  1528   8   2   0  81
harper,derek      orl PG 66 1758  222  537  58 161  55   79  23  104  227  73 105  10 140   0   557   7   1   1  45
harper,ron        chi SG 82 2284  293  665  16  84 162  216 107  290  241 108  91  48 181   0   764   0   0   0  82
harrington,othel  hou PF 58  903  129  266   0   1  92  122  73  207   24  10  47  27 112   1   350   2   0   0   3
harris,lucious    njn SG 50  671   69  177  12  39  41   55  21   52   42  42  21   5  77   0   191   1   0   0   0
hawkins,hersey    sea SG 82 2597  280  636 125 301 177  204  71  334  221 148 102  17 153   0   862   0   0   0  82
henderson,alan    atl PF 69 2000  365  753   3   6 253  388 199  442   73  40 110  36 175   1   986   7   0   0  33
henderson,cedric  cle SF 82 2527  348  725   0   4 136  190  71  325  168  96 165  45 238   3   832   2   0   0  71
hendrickson,mark  sac SG 48  737   58  149   0   5  47   57  33  143   41  26  31   9  60   0   163   0   0   0   1
henson,steve      det PG 23   65   13   26   3   8   7    7   0    2    4   1   6   0   9   0    36   0   0   0   0
herrera,carl      san PF 58  516   76  175   0   1  18   45  24   91   22  19  37  12  71   1   170   0   0   0   1
higgins,sean      por SF  2   12    0    5   0   2   0    0   0    0    0   2   1   0   3   0     0   0   0   0   0
hill,grant        det SF 81 3294  615 1361   3  21 479  647  94  623  551 143 285  53 196   1  1712   4   1   0  81
hill,tyrone       mil PF 57 2064  208  418   0   1 155  255 212  608   88  67 106  30 230   8   571   3   0   2  56
hoiberg,fred      ind SG 65  874   85  222  32  85  59   69  14  123   45  40  22   3 101   0   261   0   0   0   1
honeycutt,jerald  mil PF 38  531   90  221  29  77  36   58  27   92   32  20  49   6  83   0   245   2   0   2   0
hornacek,jeff     uta SG 80 2460  399  828  56 127 285  322  65  270  349 109 132  15 175   1  1139   8   0   0  80
horry,robert      lal PF 72 2192  200  420  19  93 117  167 186  542  163 112  99  94 238   5   536   4   0   1  71
houston,allan     nyk SG 82 2848  571 1277  82 213 285  335  43  274  212  63 200  24 207   2  1509   0   0   0  82
howard,juwan      was SF 64 2559  463  991   0   2 258  358 161  449  208  82 185  23 225   3  1184   6   1   0  64
howard,stephen    sea SF 13   53    8   21   0   0   9   18   6   12    3   3   6   1  13   0    25   0   0   0   0
hudson,troy       uta PG  8   23    6   14   0   3   0    0   1    2    4   2   1   0   1   0    12   0   0   0   0
hunter,lindsey    det PG 71 2505  316  826  85 265 145  196  61  247  224 123 110  10 174   3   862   0   0   0  67
hurley,bobby      van PG 61  875   93  238   5  22  59   76  12   66  177  23  86   0  79   0   250   1   0   1   3
ilgauskas,zydrun  cle  C 82 2379  454  876   1   4 230  302 278  722   71  52 146 135 288   4  1139   5   0   1  81
iverson,allen     phi PG 80 3150  649 1407  70 235 390  535  86  296  494 176 244  25 200   2  1758  13   1   0  80
jackson,bobby     den PG 68 2042  310  791  21  81 149  183  78  302  317 105 184  11 160   0   790   1   0   0  53
jackson,jaren     san SG 82 2226  258  654 112 297  94  118  55  210  156  60 104   8 222   3   722   0   0   0  45
jackson,jimmy     gsw SG 79 3046  476 1107  61 190 229  282 130  400  379  79 264   8 186   0  1242   2   0   0  78
jackson,mark      ind PG 82 2413  249  598  43 137 137  180  67  322  702  84 173   2 132   0   678   2   0   0  82
james,henry       cle SF 28  166   24   59  11  25  21   22   2   15    5   1  12   1  24   0    80   0   0   0   0
johnson,anthony   sac SG 77 2266  226  610  42 128  80  109  50  171  329  64 120   6 188   1   574   0   0   0  62
johnson,avery     san PG 75 2674  321  671   2  13 122  168  30  150  591  85 165  18 140   0   766   0   0   0  73
johnson,eddie     hou SF 75 1490  227  544  66 198 113  136  50  153   88  32  62   3  89   0   633   0   0   0   1
johnson,ervin     mil  C 81 2260  253  472   0   0 143  238 242  684   59  79 117 155 320   7   649   3   0   0  81
johnson,kevin     pho PG 50 1290  155  347   4  26 162  186  35  164  245  27 101   7  57   0   476   0   0   0  12
johnson,larry     nyk SF 70 2412  429  884  15  63 214  284 175  401  150  40 127  13 193   2  1087   7   1   1  70
jones,charles     hou  C 24  127    7   10   0   0   1    2  12   24    5   1   4   6  22   0    15   0   0   0   0
jones,dontae      bos SF 15   91   19   57   6  23   0    0   3    9    5   2  11   3  12   0    44   0   0   0   0
jones,eddie       lal SG 80 2910  486 1005 143 368 234  306  85  302  246 160 146  55 164   0  1349   1   0   0  80
jones,popeye      tor PF 14  352   52  127   2   3  14   19  50  102   18  10  16   3  39   0   120   0   0   2   4
jordan,michael    chi SG 82 3181  881 1893  30 126 565  721 130  475  283 141 185  45 151   0  2357   3   0   0  82
jordan,reggie     min SG 57  487   54  113   0   1  41   72  57   97   50  35  30   9  63   0   149   0   0   0   1
keefe,adam        uta PF 80 2047  229  424   0   0 162  200 179  438   89  52  71  24 172   0   620   3   0   0  75
kemp,shawn        cle PF 80 2769  518 1164   2   8 404  556 219  745  197 108 271  90 310  15  1442   8   1   0  80
kempton,tim       tor  C  8   47    2    9   0   0   0    0   4    6    3   1   4   2  10   0     4   0   0   0   0
kerr,steve        chi PG 50 1119  137  302  57 130  45   49  14   77   96  26  27   5  71   0   376   1   0   0   0
kersey,jerome     sea SF 37  717   97  233   1  10  39   65  56  135   44  52  36  14 103   1   234   5   2   1   2
kidd,jason        pho PG 82 3118  357  859  73 233 167  209 108  510  745 162 261  26 142   0   954   0   0   0  82
kittles,kerry     njn SG 77 2814  508 1154 110 263 202  250 132  362  176 132 106  37 152   0  1328   1   0   0  76
kleine,joe        chi  C 46  397   39  106   0   0  15   18  27   77   30   4  28   5  63   0    93   0   0   0   1
knight,brevin     cle PG 80 2483  261  592   0   7 201  251  67  253  656 196 194  18 267   5   723   3   0   0  76
knight,travis     bos  C 74 1503  193  438  15  55  81  103 146  365  104  54  87  82 253   3   482   3   0   0  21
kukoc,toni        chi SF 74 2236  383  841  63 174 155  219 121  327  314  76 154  37 149   0   984   2   0   0  52
laettner,christi  atl PF 74 2282  354  730   6  27 306  354 142  487  190  71 183  71 246   6  1020   7   0   0  49
lang,andrew       mil  C 57  693   55  144   0   1  44   57  57  154   16  18  33  27 101   0   154   2   0   1   0
lang,antonio      mia PF  6   29    3    5   0   0   6    8   2    5    1   2   4   0   3   0    12   0   0   0   0
larue,rusty       chi PG 14  140   20   49   4  16   5    8   1    8    5   3   6   1  12   0    49   0   0   1   0
lauderdale,pries  den  C 39  345   53  127   0   0  38   69  27  100   21   7  46  17  63   0   144   3   0   0   0
lawson,jason      orl  C 17   80    9   15   0   0   8   10   8   27    5   4   2   4  14   1    26   0   0   0   0
legler,tim        was SG  8   76    3   19   0   6   3    4   2    4    3   1   4   0  11   0     9   0   0   0   0
lenard,voshon     mia SG 81 2621  363  854 153 378 141  179  72  292  180  58  99  16 219   0  1020   3   0   0  81
lister,alton      por  C  7   44    3    8   0   0   0    0   2   11    1   1   2   1  12   0     6   0   0   0   0
livingston,randy  atl PG 12   82    3   12   0   0   4    5   1    6    5   7   6   2   6   0    10   0   0   0   0
llamas,horacio    pho  C  8   42    8   21   1   3   7   10   4   18    1   1   9   3  14   0    24   0   0   0   0
lohaus,brad       san PF  9  102    7   21   4  14   1    3   3   12    5   1   3   2  10   0    19   0   0   0   0
long,grant        det PF 40  739   50  117   0   4  41   57  57  150   25  29  22  12  91   2   141   1   0   0  17
longley,luc       chi  C 58 1703  277  609   0   0 109  148 113  341  161  34 130  62 206   7   663   1   0   0  58
lynch,george      van SF 82 1487  248  516   9  30 111  158 146  361  122  65 104  42 161   0   616   1   0   0   0
mack,sam          van SF 57 1414  222  559 110 269  62   77  30  133  101  41  69  12 117   0   616   2   0   0  54
maclean,don       njn SF  9   42    1   10   1   2   0    0   3    5    0   0   2   0   7   0     3   0   0   0   0
madkins,gerald    gsw SG 19  245   13   34   6  15   5    7   2   15   45  13  13   1  18   0    37   0   0   0   0
mahorn,rick       det  C 59  707   59  129   0   0  23   34  65  195   15  14  37   7 123   0   141   3   0   0   0
majerle,dan       mia SG 72 1928  184  439 111 295  40   51  48  268  157  68  65  15 139   2   519   4   0   0  22
malone,karl       uta PF 81 3030  780 1472   2   6 628  825 189  834  316  96 247  70 237   0  2190  26   1   1  81
maloney,matt      hou PG 78 2217  239  586 126 346  65   78  16  142  219  62 107   5  99   0   669   5   0   2  78
manning,danny     pho PF 70 1794  390  756   0   7 167  226 110  392  139  71 100  46 201   2   947   1   0   1  12
marbury,stephon   min PG 82 3112  513 1237  95 304 329  450  58  230  704 104 256   7 222   0  1450   5   0   0  81
marshall,donyell  gsw SF 73 2611  451 1091  63 201 158  216 211  630  159  94 148  73 226   1  1123   0   0   1  73
martin,darrick    lac PG 82 2299  275  730 107 293 184  217  19  164  328  82 154  10 198   2   841   4   0   0  63
mashburn,jamal    mia SF 48 1729  251  577  37 122 184  231  72  236  132  43 108  14 137   1   723   0   0   1  48
mason,anthony     cha PF 81 3148  389  764   0   4 261  402 177  826  342  68 146  18 182   1  1039  17   0   0  80
massenburg,tony   van PF 61  889  148  310   0   0 100  137  82  234   21  25  60  24 123   0   396   2   1   0  13
maxwell,vernon    cha SG 42  636  103  258  37 112  48   60  14   57   52  16  40   3  71   1   291   4   1   0   0
mayberry,lee      van PG 79 1835  131  349  63 180  38   51  19  114  349  65 113   9 164   1   363   1   0   0  32
mccann,bob        tor PF  1    5    0    1   0   0   0    0   0    1    0   0   0   0   1   0     0   0   0   0   0
mccarty,walter    bos SF 82 2340  295  730  54 175 144  194 141  364  177 110 141  44 274   6   788   0   0   0  64
mccloud,george    pho SF 63 1213  173  427  71 208  39   51  45  218   84  54  63  16 132   1   456   1   0   1  12
mcdaniel,xavier   njn SF 20  180   10   30   0   0   5    8  12   31    9   3   8   2  23   0    25   0   0   0   0
mcdonald,michael  cha PF  1    4    0    0   0   0   0    0   1    1    0   0   2   0   1   0     0   0   0   0   0
mcdyess,antonio   pho PF 81 2441  497  927   0   2 231  329 206  613  106 100 142 132 292   6  1225   4   1   0  81
mcgrady,tracy     tor SF 64 1179  179  398  14  41  79  111 105  269   98  49  66  61  86   0   451   2   0   0  17
mcilvaine,jim     sea  C 78 1211  101  224   0   3  45   81  96  259   19  24  54 135 240   3   247   0   0   0  72
mckey,derrick     ind SF 57 1316  150  327   4  17  55   77  74  211   88  57  79  30 156   1   359   0   0   0   4
mckie,aaron       phi SG 81 1813  139  381  12  63  42   55  58  231  175 101  76  13 164   0   332   0   0   0  32
mcmillan,nate     sea SG 18  279   23   67  15  34   1    1  13   40   55  14  12   4  41   0    62   0   0   0   1
mercer,ron        bos SF 80 2662  515 1145   3  28 188  224 109  280  176 125 132  17 213   2  1221   0   0   0  62
milic,marko       pho SG 33  163   39   64   3   6  11   17  10   25   12  10  21   0  17   0    92   0   0   0   0
miller,anthony    atl PF 37  228   29   52   0   0  21   39  30   70    3  15  14   3  41   0    79   0   0   0   0
miller,oliver     tor  C 64 1628  170  369   0   4  61  101 146  400  196  58 131  72 184   1   401   4   1   0  53
miller,reggie     ind SG 81 2795  516 1081 164 382 382  440  46  232  171  78 128  11 148   2  1578  10   3   1  81
mills,chris       nyk SF 80 2183  292  675  40 137 152  189 120  408  133  45 106  30 218   3   776   6   1   1  29
mills,terry       mia PF 50  782   81  206  25  81  25   33  34  152   39  19  45   9 129   1   212   0   0   1   0
minor,greg        bos SG 69 1126  140  321   6  31  59   86  55  150   86  53  43  11 100   0   345   0   0   0  16
mitchell,sam      min SF 81 2239  371  800  15  43 243  292 118  385  107  64  66  22 200   0  1000   3   0   2  33
montross,eric     det  C 48  691   61  144   0   0  16   40  69  199   11  13  29  27 127   1   138   2   0   0  30
morris,chris      uta SF 54  538   85  207  19  62  44   61  35  114   24  25  33  16  61   0   233   1   0   0   1
moten,lawrence    was SG  8   27    3   13   0   1   3    4   1    1    3   0   1   0   6   0     9   0   0   0   0
mourning,alonzo   mia  C 58 1939  403  732   0   0 309  465 194  559   52  40 179 130 208   4  1115  10   0   3  56
mullin,chris      ind SF 82 2177  333  692 107 243 154  164  38  249  186  95 117  39 186   0   927   0   0   0  82
murdock,eric      mia PG 82 1395  177  419  28  91 125  156  39  156  219 103 104  13 173   1   507   1   0   0   1
murray,lamond     lac SF 79 2579  473  984  54 153 220  294 172  484  140 118 171  54 193   3  1220   3   1   1  65
murray,tracy      was SF 82 2227  449 1007 158 403 182  209  75  277   84  67 102  25 167   0  1238   2   0   0  12
mutombo,dikembe   atl  C 82 2917  399  743   0   0 303  452 276  932   82  34 168 277 254   1  1101  12   0   1  82
muursepp,martin   dal SF 41  600   83  191  16  38  51   67  46  114   30  29  29  14  96   1   233   0   0   0   7
myers,pete        nyk SG  9   40    5   10   0   0   4    6   5   10    3   4   4   0   7   0    14   0   0   0   0
nash,steve        pho PG 76 1664  268  584  81 195  74   86  32  160  262  63  98   4 145   1   691   0   0   0   9
newbill,ivano     van PF 28  249   20   56   1   1  17   30  23   68    9  10  17   3  38   0    58   0   0   0   2
newman,johnny     den SF 74 2176  344  799  36 105 365  445  50  141  138  77 147  24 208   2  1089   1   0   1  15
nordgaard,jeff    mil SF 13   48    5   18   0   0   8    9   4   14    3   2   3   0   7   0    18   0   0   0   0
o'bannon,charles  det SG 30  234   26   69   0   3  12   15  14   33   17   9   9   1  15   0    64   0   0   0   0
o'neal,jermaine   por PF 60  808  112  231   0   2  45   89  80  200   17  15  55  58 101   0   269   1   0   0   9
o'neal,shaquille  lal  C 60 2175  670 1147   0   1 359  681 208  681  142  39 175 144 193   1  1699   6   0   2  57
oakley,charles    nyk PF 79 2734  307  698   0   6  97  114 218  724  201 123 126  22 280   4   711   7   2   4  79
olajuwon,hakeem   hou  C 47 1633  306  633   0   3 160  212 116  460  143  84 126  96 152   0   772   5   1   0  45
oliver,brian      atl SG  5   61    7   19   0   0   1    4   3    9    2   1   1   0   4   0    15   0   0   0   0
oliver,jimmy      was SG  1   10    2    4   1   2   0    0   0    2    1   0   0   0   1   0     5   0   0   0   0
ollie,kevin       orl PG 35  430   37   98   0   1  49   70   9   39   65  13  44   0  31   0   123   0   0   0   0
ostertag,greg     uta  C 63 1288  115  239   0   0  67  140 134  374   25  28  74 132 166   1   297   2   0   0  23
outlaw,charles    orl SF 82 2953  300  542   1   4 180  313 255  637  216 107 175 180 260   1   781   6   0   0  76
overton,doug      phi PG 23  277   24   63   0   3  14   16   2   14   37   8  23   1  34   0    62   0   0   0   2
owens,billy       sac SF 78 2336  338  728  26  70 116  197 170  582  219  93 153  38 231   5   818   1   0   0  78
pack,robert       dal PG 12  292   33   98   3   6  25   36   8   34   42  20  38   1  17   0    94   0   0   0  10
parker,anthony    phi SG 37  196   25   63   9  28  13   20   8   26   19  11  11   3  17   0    72   0   0   0   0
parks,cherokee    min  C 79 1703  224  449   0   1 110  169 140  437   53  36  66  86 237   4   558   1   0   0  43
payton,gary       sea PG 82 3145  579 1278 134 397 279  375  77  376  677 185 229  18 195   0  1571  15   0   0  82
peeler,anthony    min SG 38 1194  190  420  53 125  36   47  37  123  137  61  50   6  97   0   469   2   0   0  32
perdue,will       san  C 79 1491  162  295   0   1  70  133 177  535   57  22  81  50 137   0   394   2   1   1  30
perkins,sam       sea PF 81 1675  196  471  87 222 101  128  53  255  113  62  62  29 158   0   580   0   0   2   0
perry,elliot      mil PG 81 1752  241  560  17  52  92  109  21  107  236  88 128   2 129   1   591   1   0   0  33
person,chuck      san PF 61 1455  143  398  95 276  28   37  17  204   86  29  67  10 121   1   409   1   0   0  11
person,wesley     cle SG 82 3198  440  957 192 447 132  170  65  363  188 129 110  49 108   0  1204   1   0   0  82
phills,bobby      cha SG 62 1887  246  552  44 114 106  140  59  216  187  81 108  18 181   2   642   1   0   0  61
piatkowski,eric   lac SG 67 1740  257  568 106 259 140  170  70  236   85  51  80  12 137   0   760   0   0   0  35
pierce,ricky      mil SG 39  443   52  142   4  13  43   52  19   45   33   9  21   0  35   0   151   0   0   0   0
pippen,scottie    chi SF 44 1652  315  704  61 192 150  193  53  227  254  79 109  43 116   0   841   7   0   0  44
pollard,scot      det  C 33  317   35   70   0   0  19   23  34   74    9   8  12  10  48   0    89   0   0   0   0
polynice,olden    sac  C 70 1459  249  542   0   1  52  115 173  439  107  37  98  46 158   0   550   0   0   0  25
pope,mark         ind PF 28  193   14   41   1   3  10   17   9   26    7   3  10   6  36   0    39   0   0   0   0
porter,terry      min PG 82 1786  259  577  92 233 167  195  37  168  271  63 104  14 103   0   777   1   0   0   8
potapenko,vitaly  cle  C 80 1412  234  488   0   1 102  144 110  313   57  27 132  28 198   2   570   9   1   1   0
price,brent       hou PG 72 1332  128  310  73 187  77   98  37  107  192  52 111   4 163   3   406   1   0   0   2
price,mark        orl PG 63 1430  229  531  52 155  87  103  24  129  297  53 162   5  92   0   597   2   0   1  33
ratliff,theo      phi  C 82 2447  306  597   0   0 197  281 222  548   57  50 116 258 292   8   809   2   1   0  67
recasner,eldridg  atl SG 59 1454  206  452  62 148  74   79  32  142  117  41  91   1  94   0   548   3   0   0  14
reeves,bryant     van  C 74 2527  493  942   0   4 223  316 196  585  155  39 156  80 278   6  1209   3   0   0  74
reeves,khalid     dal PG 82 1950  248  593  56 152 165  213  54  185  230  80 130  10 195   3   717   0   0   1  54
reid,don          det PF 68  994   94  176   0   0  50   71  77  175   26  25  28  55 183   2   238   1   0   0  44
reid,j.r.         cha PF 79 1109  146  318   3   8  89  122  72  210   51  35  65  19 172   1   384   9   1   2   1
respert,shawn     dal SG 57  918  130  293  31  93  48   61  37  100   61  34  48   1  75   0   339   0   0   0   4
rhodes,rodrick    hou SF 58 1070  112  305   2   8 111  180  28   70  110  62  97  10 125   0   337   0   0   0  13
rice,glen         cha SF 82 3295  634 1386 130 300 428  504  89  353  182  77 182  22 200   0  1826   1   0   1  82
richardson,pooh   lac PG 69 1252  124  333  11  57  30   43  17   96  226  44  54   3  71   0   289   0   0   0  17
richmond,mitch    sac SG 70 2575  543 1220 130 334 407  471  50  229  279  88 181  15 154   0  1623   4   1   0  70
rider,isaiah      por SG 74 2786  551 1302 135 420 221  267  99  346  231  55 187  19 188   1  1458  15   1   1  66
riley,eric        dal  C 39  544   56  135   0   1  27   36  43  133   22  15  37  46  80   0   139   0   0   0  14
roberts,stanley   min  C 74 1328  191  386   0   0  75  156 109  363   27  24  70  71 226   5   457   7   0   1  44
robinson,chris    sac SG 35  414   65  174  24  66   8   16   9   46   39  19  33   4  50   0   162   1   0   0   0
robinson,cliff    pho PF 80 2359  429  895  27  84 248  360 152  410  170  92 140  90 249   5  1133  11   2   1  64
robinson,david    san  C 73 2457  544 1065   1   4 485  660 239  775  199  64 202 192 204   2  1574   0   0   0  73
robinson,glenn    mil SF 56 2294  533 1135  25  65 215  266  81  306  158  69 200  34 164   2  1306   4   1   0  56
robinson,james    lac SG 70 1231  195  501  74 225  77  107  37  111  135  37  97  13 100   0   541   7   2   0  13
robinson,larry    van SG  6   41    6   19   3   6   2    2   2   12    1   4   2   1   0   0    17   0   0   0   0
rodman,dennis     chi PF 80 2856  155  360   4  23  61  111 421 1201  230  47 147  18 238   2   375  16   1   3  66
rogers,carlos     por PF 21  376   47   91   0   2  18   32  35   67   18  10  14   8  35   0   112   1   0   0   0
rogers,rodney     lac SF 76 2498  426  935  72 212 225  328 155  425  202  93 193  33 242   5  1149   4   0   0  70
rogers,roy        tor PF 15  106    9   25   0   0   2    6   8   17    2   3   5   8  18   0    20   0   0   0   0
rooks,sean        lal  C 41  425   46  101   0   0  47   79  46  118   24   2  19  23  68   0   139   1   1   0   1
rose,jalen        ind SG 82 1706  290  607  25  73 166  228  28  195  155  56 132  14 171   0   771   2   0   0   0
rose,malik        san SF 53  429   59  136   1   3  39   61  40   90   19  21  44   7  79   1   158   2   0   0   0
royal,donald      cha SF 31  323   25   69   0   0  29   33  18   41   17   7  10   1  35   0    79   0   0   0   5
rozier,clifford   min PF  6   30    3    6   0   0   0    1   3    6    0   0   4   2   7   0     6   1   1   0   0
russell,bryon     uta SF 82 2219  226  525  73 214 213  278  78  326  101  90  81  32 229   2   738   1   0   1   7
sabonis,arvydas   por  C 73 2333  407  826  30 115 323  405 149  729  218  65 190  80 267   7  1167   3   1   0  73
salvadori,kevin   sac  C 16   87    1   13   0   0   3    6   5   20    3   0   5  11  12   0     5   0   0   0   0
schayes,danny     orl  C 74 1272  155  371   0   0  96  119  97  242   44  34  61  32 182   0   406   0   0   0  33
schrempf,detlef   sea SF 78 2742  437  898  61 147 297  352 135  554  341  60 168  19 205   0  1232  10   0   0  78
scott,dennis      pho SG 81 2290  329  828 125 342 105  130  47  247  153  53 104  33 152   1   888   1   0   0  45
scott,shawnelle   cle  C 41  188   16   36   0   0  12   18  20   59    8   6  10   8  45   0    44   1   0   0   0
seals,shea        lal SG  4    9    1    8   0   3   2    4   3    4    0   1   0   0   1   0     4   0   0   0   0
sealy,malik       det SF 77 1641  216  505   9  41 150  182  48  219  100  65  79  20 156   2   591   1   0   0  10
seikaly,rony      njn  C 56 1636  250  579   0   2 246  332 146  393   77  28 146  43 164   2   746   0   0   0  49
shammgod,god      was PG 20  146   19   58   0   2  23   30   2    7   36   7  21   1  27   0    61   0   0   0   0
shaw,brian        phi PG 59 1530  154  446  28  95  36   52  37  215  261  49  99  17 148   4   372   0   0   0  34
simpkins,dickey   chi PF 40  433   48   89   0   2  36   70  27   77   33   9  32   5  54   0   132   0   0   0   0
slater,reggie     tor PF 78 1662  211  459   0   0 203  322 134  305   74  45 102  30 201   4   625   1   0   1  28
smith,charlesc    lac SG 34  292   49  125  15  47   6   11  13   27   21  12  27   7  24   0   119   0   0   0   0
smith,joe         phi PF 79 2344  464 1070   0   8 227  293 199  471   94  62 158  51 263   2  1155   0   0   0  55
smith,michael     van PF 48 1047   93  194   0   1  65  103 120  306   88  41  51  15  95   0   251   7   1   1  33
smith,steve       atl SG 73 2857  489 1101  97 276 389  455 133  309  292  74 176  29 219   4  1464   6   0   0  73
smith,tony        mil PG  7   80    8   24   0   4   3    4   4    7   10   5   9   2   7   0    19   0   0   0   0
smits,rik         ind  C 73 2085  514 1038   0   3 188  240 127  505  101  40 134  88 243   9  1216   2   0   0  69
snow,eric         phi PG 64  918   79  184   2  17  49   71  19   81  177  60  63   5 114   0   209   0   0   0   0
spencer,felton    gsw  C 68  815   59  129   0   0  44   79  93  226   17  23  49  37 175   3   162   0   0   0   0
sprewell,latrell  gsw SG 14  547  110  277   9  48  70   94   7   51   68  19  44   5  26   0   299   0   0   0  13
stackhouse,jerry  det SG 79 2545  424  975  47 195 354  450 105  266  241  89 224  59 175   2  1249   7   1   0  37
starks,john       nyk SG 82 2187  372  946 130 397 185  235  48  229  219  78 142   5 205   2  1059   3   0   1  10
stephens,joe      hou SF  7   37   10   28   3  10   4    6   3    6    1   2   2   0   2   0    27   0   0   0   0
stewart,kebu      phi SF 15  110   12   26   0   0  16   25   9   31    2   5   8   2  13   0    40   0   0   0   0
stewart,michael   sac  C 81 1761  155  323   0   0  65  142 197  536   61  29  85 195 251   6   375   1   0   0  37
stith,bryant      den SG 31  718   75  225  10  48  75   86  15   65   50  21  35   8  52   0   235   0   0   0  15
stockton,john     uta PG 64 1858  270  511  39  91 191  231  35  166  543  89 161  10 138   0   770   2   0   0  64
stokes,ed         tor  C  4   17    1    3   0   0   1    2   1    4    1   1   2   2   4   0     3   0   0   0   0
stoudamire,damon  por PG 71 2839  448 1091  91 304 238  287  87  298  580 113 223   7 150   0  1225   3   0   1  71
strickland,erick  dal SG 67 1505  199  558  48 163  65   84  35  161  167  56 106   8 140   1   511   1   0   0  18
strickland,mark   mia PF 51  847  145  269   0   1  59   82  79  212   26  18  47  33  87   0   349   2   0   0   8
strickland,rod    was PG 76 3020  490 1130  12  48 357  492 112  405  801 126 266  25 182   2  1349   8   2   0  76
strong,derek      orl PF 58 1638  260  618   0   4 218  279 152  427   51  31  74  24 122   0   738   4   0   0   8
sura,bob          cle SG 46  942   87  231  19  60  74  131  25   94  171  44  93   7 113   0   267   2   0   0   4
tabak,zan         bos  C 57  984  142  304   0   1  23   61  84  212   48  20  61  38 163   2   307   0   0   0  34
taylor,johnny     orl PF 12  108   13   37   1   2  11   16   4   13    1   3   8   2  22   0    38   0   0   0   0
taylor,maurice    lac PF 71 1513  321  675   0   1 173  244 118  296   53  34 108  40 222   7   815   4   1   0   3
thomas,carl       cle SG 43  426   56  140  20  59  16   25  10   47   19  21  18   7  39   0   148   1   0   0   0
thomas,john       tor PF 54  535   55  113   0   0  41   54  48  106   17  22  46  14  97   0   151   0   0   0   2
thomas,kurt       dal PF  5   73   17   44   0   0   3    3   8   24    3   1  10   0  19   1    37   1   0   2   0
thomas,tim        phi PF 77 1779  306  684  62 171 171  231 107  288   90  54 118  17 185   2   845   2   0   0  48
thompson,brooks   nyk PG 30  167   23   56   9  30   4    8   1   15   27  10  16   1  22   0    59   0   0   0   0
thorpe,otis       sac PF 74 2202  293  623   0   5 164  240 151  537  222  48 152  30 238   4   750   0   0   0  66
trent,gary        tor PF 54 1360  241  505   4  12 144  212 123  338   72  35  94  27 161   3   630   3   1   1  20
vanexel,nick      lal PG 64 2053  311  743 123 316 136  172  31  194  442  64 104   6 120   0   881   3   1   0  46
vanhorn,keith     njn PF 62 2325  446 1047  69 224 258  305 142  408  106  64 164  25 216   0  1219   1   0   0  62
vaughn,david      njn PF 40  489   66  148   0   1  30   47  53  152   20  15  40  10  83   1   162   1   0   0   2
vaughn,jacque     uta PG 45  419   44  122   3   8  48   68   4   38   84   9  56   1  63   1   139   0   0   0   0
vaught,loy        lac PF 10  265   36   84   0   2   3    8  16   65    7   4  13   2  33   0    75   0   0   0   6
vrankovic,stojko  lac  C 65  996   79  186   0   0  37   65  71  263   36  11  46  66 130   3   195   5   1   0  38
walker,antoine    bos PF 82 3268  722 1695  91 292 305  473 270  836  273 142 292  60 262   2  1840  18   2   1  82
walker,samaki     dal PF 41 1027  156  321   0   1  53   99  96  302   24  30  61  40 127   2   365   0   0   0  20
wallace,ben       was PF 67 1124   85  164   0   0  35   98 112  324   18  61  28  72 116   1   205   1   0   0  16
wallace,john      tor SF 82 2361  468  979   1   2 210  293 117  373  110  62 172 101 239   7  1147   4   0   0  36
wallace,rasheed   por PF 77 2896  466  875   8  39 184  278 132  478  195  75 167  88 268   6  1124  17   2   0  77
walters,rex       mia PG 38  235   24   53   6  22  26   28   5   24   36   8  27   1  28   0    80   1   0   0   0
ward,charlie      nyk PG 82 2317  235  516  81 215  91  113  32  274  466 144 175  37 195   3   642   1   0   1  82
washington,eric   den SG 66 1539  201  498  44 137  65   83  47  127   78  53  72  24 143   0   511   1   0   1  36
weatherspoon,cla  gsw SF 79 2324  268  608   0   0 200  277 198  594   89  84 118  74 194   2   736   0   0   0  49
webb,spud         orl PG  4   34    5   12   0   1   2    2   2    3    5   1   7   0   6   0    12   0   0   0   0
webber,chris      was PF 71 2809  647 1341  65 205 196  333 176  674  273 111 185 124 269   4  1555   6   0   1  71
wells,bubba       dal SG 39  394   48  116   1   6  31   43  22   68   34  15  31   4  40   1   128   0   0   0   2
wennington,bill   chi  C 48  467   75  172   0   0  17   21  32   80   19   4  16   5  77   1   167   1   0   0   8
wesley,david      cha PG 81 2845  383  864  59 170 229  288  49  213  529 140 226  30 229   3  1054   2   0   0  81
west,doug         min SG 38  688   64  171   0   2  29   40  23   82   45  11  21   5  97   1   157   0   0   0  10
west,mark         ind  C 15  105   10   21   0   0   3    6   6   15    2   2   8   4  15   0    23   0   0   0   1
wheat,dejuan      min PG 34  150   20   50   8  17   9   15   3   11   25   6   9   2  12   0    57   0   0   0   0
whiteside,donald  atl PG  3   16    1    2   0   1   0    2   0    1    1   0   1   0   0   0     2   0   0   0   0
whitney,chris     was PG 82 1073  126  355  52 169 118  129  16  115  196  34  65   6 106   0   422   0   0   0   6
wilkins,gerald    orl SG 72 1255  145  439  30 114  69   98  16   89   84  33  75   7  78   0   389   0   0   0  16
williams,aaron    sea PF 65  757  116  221   0   1  66   85  49  148   14  19  51  37 119   0   298   1   0   1   9
williams,alvin    tor SG 54 1071  125  282   9  28  65   90  24   81  103  38  58   3  79   0   324   1   0   0  12
williams,brandon  gsw SG  9  140   16   50   3   9   2    4   4   15    3   6   9   3  18   0    37   0   0   0   2
williams,brian    det  C 78 2619  531 1040   1   3 198  280 223  695   94  67 181  55 252   4  1261   3   0   2  78
williams,buck     nyk PF 41  738   75  149   0   0  52   71  78  184   21  17  38  15  93   1   202   5   1   1   6
williams,eric     den SF  4  145   24   61   0   0  31   45  10   21   12   4   9   0   9   0    79   0   0   0   4
williams,herb     nyk  C 27  178   18   43   0   0   1    8   6   29    4   6   5   9  34   0    37   0   0   0   0
williams,hotrod   pho  C 71 1333   95  202   0   0  65   93 107  312   48  34  28  60 135   2   255   1   0   0  31
williams,jayson   njn  C 65 2343  321  645   0   4 195  293 443  883   67  45  95  49 236   7   837   6   1   0  65
williams,jerome   det PF 77 1305  151  288   0   1 108  166 170  379   48  51  60  10 144   1   410   0   0   0   3
williams,lorenzo  was PF 14  111   13   17   0   0   0    2  16   26    3   2   2   3  17   0    26   0   0   0   6
williams,micheal  min PG 25  161   16   48   0   4  32   33   2   14   32   9  16   2  24   0    64   0   0   0   0
williams,monty    san SF 72 1314  165  368   1   2 122  182  67  179   89  34  83  24 133   1   453   2   1   0  16
williams,scott    phi  C 58  801   93  213   0   5  51   63  87  211   29  17  30  21 132   0   237   1   0   0   7
williams,travis   cha SF 39  365   56  119   0   1  24   46  53   92   20  18  30   5  55   0   136   0   0   0   0
williams,walt     por SF 59 1470  210  544  80 219 108  125  50  200  122  59  92  35 161   2   608   4   0   0  17
williamson,corli  sac SF 79 2813  561 1134   0   9 279  443 162  446  230  76 199  48 252   4  1401   2   1   0  75
willis,kevin      hou PF 81 2528  531 1041   1   7 242  305 232  679   78  55 170  38 235   1  1305   8   1   1  74
wingate,david     sea SG 58  546   66  140   3   7  15   29  19   79   37  21  37   3  58   0   150   1   0   0   2
wingfield,donton  por PF  3    9    0    3   0   0   1    2   2    4    0   0   1   0   2   0     1   0   0   0   0
wolf,joe          den PF 57  621   40  121   2  10   5   10  36  126   30  20  22   5  92   0    87   0   0   1   8
wright,lorenzen   lac  C 69 2067  241  542   0   2 141  214 180  605   55  55  81  87 237   2   623   1   0   1  38
wright,sharone    tor  C  7   44    7   14   0   0   2    4   1    9    4   0   2   0   7   0    16   0   0   0   0
zidek,george      sea  C 12   64    7   29   1   2  14   16   4   17    2   0   4   2  10   0    29   0   0   0   0
