Player           Team PS GP  Min  FGM  FGA  3M  3A FTM  FTA  OR   TR   AS  ST  TO  BK  PF  DQ   PTS  TC  EJ  FF Sta
abdul-wahad,tari  sac SG 49 1205  177  407   6  21  94  136  72  186   50  50  70  16 121   0   454   0   0   0  49
abdur-rahim,shar  van SF 50 2021  386  893  11  36 369  439 114  374  172  69 186  55 137   1  1152   5   0   0  50
alexander,cory    den PG 36  778   97  260  30 105  37   44   7   74  119  35  69   5  77   0   261   1   0   0   4
allen,ray         mil SG 50 1719  303  673  74 208 176  195  57  212  178  53 122   7 117   0   856   0   0   0  50
aluma,peter       sac  C  2    5    1    2   0   0   0    0   1    2    0   1   2   1   4   0     2   0   0   0   0
anderson,derek    cle SG 38  978  125  314  21  69 138  165  20  109  145  48  82   4  73   0   409   2   0   0  13
anderson,kenny    bos PG 34 1010  161  357   6  24  84  101  24  103  193  33  71   2  78   1   412   3   0   0  33
anderson,nick     orl SG 47 1581  253  640  96 277  99  162  51  277   91  64  83  15  72   0   701   0   0   0  39
anderson,shandon  uta SG 50 1072  162  363  14  41  89  125  49  132   56  39  66  10  89   0   427   0   0   0   2
anstey,chris      dal  C 41  470   50  139   0   7  34   48  35   97   27  18  26  13  98   1   134   2   0   1   4
anthony,greg      por PG 50  806  104  251  49 125  62   89  14   63  100  66  55   3  75   0   319   4   0   0   0
armstrong,b.j.    orl PG 32  358   40   88   7  15  18   21   2   39   61  12  25   0  31   0   105   0   0   0   1
armstrong,darrel  orl PG 50 1502  230  522  69 189 161  178  53  180  335 108 158   4  90   0   690   0   0   0  15
askins,keith      mia SF 33  415   20   62   8  29   5    8  10   44   10  17  13   3  58   0    53   1   1   1  13
augmon,stacey     por SG 48  874   78  174   0   2  52   76  47  125   58  57  30  18  81   0   208   3   1   1  21
austin,isaac      orl  C 49 1259  185  453   2   7 105  157  83  237   89  47 114  35 125   1   477   5   0   1  49
avent,anthony     uta PF  5   44    4   13   0   0   1    2   8   12    1   2   7   0   6   0     9   0   0   0   0
bailey,thurl      uta SF 43  543   78  175   0   2  25   34  36   94   26   9  27  28  78   0   181   0   0   0   0
bailey,toby       pho SG 27  249   34   86   1   5   9   13  24   54   13   9  11   2  24   0    78   0   0   0  10
baker,mark        tor PG  1    2    0    1   0   0   0    0   0    0    0   0   1   0   0   0     0   0   0   0   0
baker,vin         sea PF 34 1162  198  437   0   3  72  160  86  211   56  32  76  34 121   2   468   7   0   0  31
barkley,charles   hou PF 42 1526  240  502   4  25 192  267 167  516  192  43 100  13  89   0   676  10   1   1  40
barros,dana       bos PG 50 1156  168  371  64 160  64   73  16  105  208  52  88   5  64   1   464   1   0   0  16
barry,brent       chi SG 37 1181  141  356  52 172  78  101  39  144  116  42  72  11  98   2   412   0   0   0  30
barry,drew        sea SG 17  183   10   32   8  24   9   13   3   20   29   7  12   1  24   0    37   0   0   0   0
barry,jon         sac SF 43  736   59  138  24  79  71   84  25   96  112  53  47   5  61   1   213   1   0   0   0
battie,tony       bos PF 50 1121  147  283   0   3  41   61  96  300   53  29  45  71 159   1   335   2   0   0  15
beck,corey        cha PG 24  180   18   39   1   1   8   15   6   28   20   9  13   2  26   0    45   0   0   0   0
benjamin,benoit   phi  C  6   33    2    7   0   0   0    0   3    8    1   0   3   0   6   0     4   0   0   0   0
benjamin,corey    chi SG 31  320   44  117   3  14  27   40  15   40   10  11  21   8  46   0   118   0   0   0   1
bennett,mario     chi PF  3   19    2    6   0   0   3    4   2    5    0   1   1   0   4   0     7   0   0   0   0
best,travis       ind PG 49 1043  127  305  22  59  70   83  19   80  169  42  62   4 111   2   346   2   1   2   0
bibby,mike        van PG 50 1758  260  605  15  74 127  169  30  136  325  78 146   5 122   0   662   1   0   0  50
billups,chauncey  den PG 45 1488  191  495  85 235 157  172  24   96  173  58  98  14 115   0   624   0   0   0  41
blaylock,mookie   atl PG 48 1763  247  651  77 251  69   91  45  224  278  99 115   9  61   0   640   0   0   0  48
blount,corie      cle PF 34  530   36  100   0   1  28   54  58  151   12  19  21  16  74   0   100   0   0   0   3
bogues,muggsy     gsw PG 36  714   76  154   0   6  31   36  16   73  134  43  47   1  44   0   183   1   0   0   5
bohannon,etdrick  was SF  2    4    0    0   0   0   0    0   0    0    0   0   0   0   0   0     0   0   0   0   0
booth,keith       chi SF 39  432   49  151   1  10  21   42  25   93   38  22  39  11  60   0   120   2   0   0   4
bowen,bruce       bos SF 30  494   26   93   7  26  11   24  15   52   28  21  13   9  51   2    70   0   0   1   1
boykins,earl      cle PG 22  221   30   79   3  18   2    3   7   17   33   6  20   0  20   0    65   0   0   0   0
bradley,shawn     dal  C 49 1294  167  348   0   4  86  115 130  392   40  35  56 159 153   2   420   9   1   0  33
brandon,terrell   min PG 36 1217  212  507  12  47  65   78  27  134  309  63  74  10  82   0   501   0   0   0  34
brown,chucky      cha SF 48 1192  176  373  15  40  40   59  36  174   57  16  38  19 106   0   407   3   0   0  21
brown,dee         tor PG 49 1377  187  495 135 349  40   55  15  103  143  56  80   8  75   0   549   1   0   0   0
brown,gerald      pho SG 33  236   33   89   3  10  11   14   5   22   31   5  22   1  21   0    80   1   0   0   0
brown,p.j.        mia PF 50 1611  229  477   0   0 113  146 115  346   66  46  69  48 166   2   571   1   0   0  50
brown,randy       chi PG 39 1139  132  319   0  10  78  103  27  132  149  68  80   8  93   1   342   3   1   0  32
brunson,rick      nyk SG 17   95    6   21   0   5   5   18   3   10   19   9  12   0   8   0    17   0   0   0   0
bryant,kobe       lal SG 50 1896  362  779  27 101 245  292  53  264  190  72 157  50 153   3   996   0   0   0  50
bryant,mark       chi PF 45 1204  168  348   0   1  71  110  92  232   48  34  68  16 149   2   407   5   0   2  29
buechler,jud      det SF 50 1056  100  240  61 148  13   18  29  133   57  37  21  13  83   0   274   0   0   1   0
bullard,matt      hou PF 41  413   43  114  24  62   7   10   9   42   18  13  14   4  28   0   117   0   0   0   0
burrell,scott     njn SF 32  706   75  208  28  72  34   42  32  119   45  40  23  11  82   2   212   3   1   0  10
burton,willie     cha SF  3   18    1    7   0   1   2    4   4    6    0   0   1   0   2   0     4   0   0   0   0
butler,mitchell   cle SG 31  418   67  139  11  29  23   32  13   44   22  15  29   4  41   0   168   0   0   0   1
caffey,jason      gsw PF 35  876  123  277   0   1  62   98  79  205   18  24  75   9 113   1   308   0   0   0  32
camby,marcus      nyk PF 46  945  136  261   0   0  57  103 102  253   12  29  39  74 131   2   329   2   0   0   0
campbell,elden    cha PF 49 1459  222  465   0   1 172  269 126  397   69  39  80  73 159   3   616   3   1   1  33
carr,antoine      hou PF 18  152   21   52   0   1   5    7   9   31    9   1   9  10  31   0    47   0   0   0   0
carr,chris        njn SG 39  445   76  205  28  75  27   40  23   71   23   8  28   2  45   0   207   0   0   0   4
carr,cory         chi SG 42  624   71  216   5  30  24   32   8   49   66  21  46   7  66   0   171   0   0   0   7
carter,vince      tor SF 50 1760  345  766  19  66 204  268  94  283  149  55 110  77 140   2   913   2   0   0  49
cassell,sam       mil PG  8  199   39   93   2  10  47   50   5   15   36   9  20   0  22   1   127   1   0   0   3
cato,kelvin       por  C 43  546   58  129   1   1  34   67  49  150   19  23  27  56 100   3   151   2   0   0   0
causwell,duane    mia  C 19  137   20   35   0   0   4   12  14   35    2   0  18  11  32   1    44   0   0   0   1
ceballos,cedric   dal SF 13  352   59  140  11  28  34   49  23   85   12   7  28   5  23   1   163   0   0   0   5
chapman,rex       pho SG 38 1183  165  459  53 151  76   91  12  104  109  34  54   9  46   0   459   3   1   0  35
cheaney,calbert   was SG 50 1266  172  415   8  37  33   67  33  141   73  39  42  16 146   0   385   0   0   1  18
chilcutt,pete     van PF 46  697   63  172  26  68  14   17  29  117   30  22  28  12  52   0   166   0   0   1   0
childs,chris      nyk PG 48 1297  114  267  36  94  64   78  18  133  193  44  85   1 156   0   328   7   1   0   0
christie,doug     tor SG 50 1768  252  650  49 161 207  246  59  207  187 113 119  26 111   1   760   3   0   0  50
clark,keon        den  C 28  409   36   80   0   1  21   37  36   96   10  10  21  31  52   0    93   0   0   0   0
closs,keith       lac  C 15   87   12   23   0   1   8   10   5   25    0   3   6   9  14   1    32   0   0   0   0
coker,john        was  C 14   98   13   31   0   0   5    6   7   22    0   1   2   2  17   0    31   0   0   0   0
coleman,derrick   cha PF 37 1178  168  406   7  33 143  190  76  328   78  24  90  42  96   1   486   5   0   1  29
coles,bimbo       gsw PG 48 1272  183  414   6  25  83  101  21  117  222  45  82  11 113   2   455   5   0   2  32
conlon,marty      mia  C  7   35    3   13   0   0   2    2   1    5    1   0   3   1   6   0     8   0   0   0   0
corbin,tyrone     atl SF 47 1066  131  335  38 119  52   80  37  145   43  31  43   7  74   0   352   0   0   0   6
cotton,james      sea SG 10   59    6   18   0   3  13   18   2   10    0   3   3   0   6   0    25   0   0   0   0
crawford,chris    atl PF 42  784  110  255  11  33  57   70  37   90   24  10  48  13 106   1   288   1   0   1  30
croshere,austin   ind PF 27  249   32   75   8  29  20   23  16   45   10   7  23   8  32   0    92   0   0   0   0
crotty,john       sea PG 27  382   51  124  14  36  43   50   8   31   63  11  33   0  31   0   159   0   0   0   0
cummings,terry    gsw PF 50 1011  186  424   1   1  81  114  95  255   58  46  58  10 168   4   454   8   1   2   0
cunningham,willi  njn  C 16  162    3   18   0   0   0    2  13   28    1   1   5  11  30   0     6   1   0   0   6
curley,bill       min PF 35  372   29   72   1   5  19   22  20   51   14  17  10   9  83   1    78   0   0   0   7
curry,dell        mil SG 42  864  163  336  69 145  28   34  18   85   48  36  45   3  42   0   423   0   0   0   0
curry,michael     mil SG 50 1146   90  206   1  15  63   79  19  108   78  42  37   7 135   0   244   0   0   0   4
dampier,erick     gsw  C 50 1414  161  414   0   0 120  204 164  382   54  26  92  58 165   2   442   0   0   0  50
daniels,antonio   san PG 47  614   83  183   5  17  49   65  13   54  106  30  44   6  39   0   220   1   0   0   0
david,kornel      chi PF 50  902  109  243   0   1  90  111  70  173   40  23  48  17  88   0   308   0   0   0   6
davis,antonio     ind PF 49 1271  164  348   0   0 135  192 116  344   33  22  50  42 136   3   463   3   0   0   1
davis,ben         nyk PF  8   21    7   17   0   0   3    6   9   11    3   0   1   0   4   0    17   0   0   0   0
davis,dale        ind PF 50 1374  161  302   0   0  76  123 155  416   22  20  43  57 115   0   398   2   0   0  50
davis,hubert      dal SG 50 1378  174  397  65 144  44   50   3   86   89  21  57   3  76   0   457   0   0   0  21
davis,mark        mia SF  4   35    2    6   0   0   5    6   2    7    1   1   7   0  12   1     9   1   0   0   1
davis,ricky       cha SG 46  557   81  200   2  12  45   59  40   84   58  30  54   7  46   0   209   0   0   1   1
davis,terry       was  C 37  578   49   92   0   0  28   38  50  139   10  11  16   3  79   0   126   0   0   0  34
declercq,andrew   cle  C 47 1102  138  276   0   0  95  141 104  255   31  50  54  29 161   3   371   1   0   0  32
dehere,terry      van SG 26  291   31   85  16  39   5    7   7   24   27   7  16   3  30   0    83   1   0   0   0
dele,bison        det  C 49 1177  216  431   0   1  81  118  92  272   71  38 111  40 181   3   513   3   1   0  48
delk,tony         gsw PG 36  630   92  253  16  66  46   71  11   54   95  16  45   6  47   0   246   0   0   0  13
delnegro,vinnie   mil SG 48 1093  114  270  13  30  40   50  14  102  174  33  55   3  62   0   281   0   0   0   7
dickerson,michae  hou SG 50 1558  215  462  71 164  46   72  26   83   95  27  66  11  90   0   547   2   0   0  50
divac,vlade       sac  C 50 1761  262  557  11  43 179  255 140  501  215  44 131  51 166   2   714   9   1   0  50
doleac,michael    orl  C 49  780  125  267   0   0  54   80  66  148   20  19  26  17 117   1   304   0   0   0   0
douglas,sherman   lac PG 30  842   96  219   0  11  55   87  16   58  124  27  61   3  54   0   247   2   0   0  19
drew,bryce        hou PG 34  441   47  129  16  49   8    8   3   32   52  12  31   4  61   2   118   0   0   0   0
dudley,chris      nyk  C 46  685   48  109   0   0  19   40  79  193    7  13  24  38 116   1   115   3   1   0  16
dumars,joe        det SG 38 1116  144  350  89 221  51   61  12   68  134  23  53   2  51   0   428   0   0   0  38
duncan,tim        san PF 50 1963  418  845   1   7 247  358 159  571  121  45 146 126 147   2  1084   3   0   0  50
edwards,blue      mia SG 24  283   32   72   4  10   9   13   7   33   30  17  21   5  23   0    77   0   0   0   0
eisley,howard     uta PG 50 1038  140  314  21  50  67   80  12   94  185  30 109   2 122   0   368   1   1   1   0
elie,mario        san SG 47 1291  156  331  40 107 103  119  36  137   89  46  61  12  91   0   455   4   2   1  37
elliott,sean      san SF 50 1509  208  507  39 119 106  140  35  213  117  26  71  17 104   1   561   2   1   0  50
ellis,dale        sea SF 48 1232  174  395  94 217  53   70  25  115   38  25  45   3  77   1   495   1   0   0   5
ellis,laphonso    atl SF 20  539   80  190   1   5  43   61  25  109   18   8  34   7  48   1   204   1   0   0  20
evans,brian       mil SF 16  145   13   44   4  13   4    4   6   19   15   5   2   3   8   0    34   0   0   0   0
ewing,patrick     nyk  C 38 1300  247  568   0   2 163  231  74  377   43  30  99 100 105   1   657   4   0   0  38
feick,jamie       njn PF 28  852   67  134   0   0  43   60 112  288   24  25  34  18  73   0   177   2   1   0  16
ferrell,duane     gsw SF  8   46    1   14   0   0   3    4   5    6    0   1   1   1   4   0     5   0   0   0   0
ferry,danny       cle PF 50 1058  141  296  38  97  29   33  16  102   53  23  39  10 113   0   349   3   0   0  10
finley,michael    dal SG 50 2051  389  876  45 136 186  226  69  263  218  66 107  15  96   1  1009   1   0   0  50
fisher,derek      lal PG 50 1131   99  263  38  97  60   79  21   91  197  61  77   1  95   0   296   0   0   0  21
fortson,danny     den PF 50 1417  191  386   0   3 168  231 210  581   32  31  77  22 212   9   550   7   2   2  38
foster,greg       uta  C 42  458   52  138   1   4  13   21  28   83   25   6  24   8  63   1   118   2   0   0   1
fox,rick          lal SF 44  944  148  330  32  95  66   89  26   89   89  28  56  10 114   1   394   3   0   3   1
foyle,adonal      gsw  C 44  614   52  121   0   0  25   51  79  194   18  15  31  43  90   0   129   0   0   0   0
fuller,todd       uta  C 42  462   56  124   0   0  30   50  28  101    6   6  27  14  60   0   142   2   0   0   2
funderburke,lawr  sac PF 47  936  167  299   1   5  85  120 101  222   30  22  52  23  77   0   420   3   0   0   2
garnett,kevin     min SF 47 1780  414  900   4  14 145  206 166  489  202  78 135  83 152   5   977   2   0   0  47
garnett,marlon    bos PG 24  205   15   51   6  23  15   20   3   21   18   5  12   1  18   0    51   0   0   0   0
garrett,dean      min  C 49 1054  116  231   0   0  38   51  99  257   28  30  29  45 113   0   270   0   0   0  37
garrity,pat       pho SF 39  538   85  170   7  18  40   56  26   75   18   8  20   3  62   0   217   0   0   0   9
gatling,chris     mil PF 48  775  117  265   1   8  37   93  52  179   32  32  62  10 118   0   272   5   0   2   3
gaze,andrew       san SF 19   58    8   25   5  16   0    0   2    5    6   2   4   1   7   0    21   0   0   0   0
geiger,matt       phi  C 50 1540  266  555   1   5 141  177 137  362   58  39 101  40 157   2   674   4   1   0  40
gill,kendall      njn SG 50 1606  236  593   2  17 114  167  61  244  123 134  71  26 162   4   588   2   0   0  47
gilliam,armen     mil PF 34  668  101  223   0   1  79  101  33  126   19  22  36  12  48   0   281   1   0   1   5
grant,brian       por PF 48 1525  183  382   0   0 184  226 173  470   67  21  96  34 136   1   550   5   0   0  46
grant,gary        por SG  2    7    0    1   0   0   0    0   0    0    3   1   0   0   0   0     0   0   0   0   0
grant,harvey      phi SF 47  798   62  168   1   6  21   29  36  110   23  20  21  16  73   1   146   3   0   0  10
grant,horace      orl PF 50 1660  198  456   0   2  47   70 117  351   90  46  44  60  99   0   443   0   0   1  50
grant,paul        na   C  6   13    2    6   0   0   0    0   1    1    0   1   2   0   4   0     4   0   0   0   0
gray,ed           atl SG 30  337   53  182  12  42  28   37   7   28   12  12  29   1  30   0   146   1   0   0   3
green,a.c.        dal PF 50  924  108  256   0   8  30   52  82  228   25  28  19   8  69   0   246   1   0   0  35
green,litterial   cle PG  1    2    0    1   0   0   0    0   0    0    0   0   0   0   0   0     0   0   0   0   0
gugliotta,tom     pho PF 43 1563  277  573   2   7 173  218 131  381  121  59  88  21 110   0   729  10   0   0  43
hammonds,tom      min PF 49  716   82  179   0   0  48   75  54  136   20   8  32   7  88   1   212   3   0   1   0
hardaway,anferne  orl SG 50 1944  301  717  40 140 149  211  74  284  266 111 150  23 111   0   791   5   0   0  50
hardaway,tim      mia PG 48 1772  301  752 112 311 121  149  15  152  352  57 131   6 102   1   835   5   0   0  48
harper,derek      lal PG 45 1120  120  291  43 117  26   32  13   67  187  44  52   4  66   0   309   2   0   0  29
harper,ron        chi SG 35 1107  147  390  27  85  71  101  49  180  115  60  65  35  80   0   392   6   0   0  35
harpring,matt     orl SF 50 1114  148  320  10  25 102  143  88  214   45  30  73   6 112   0   408   1   0   0  22
harrington,al     ind PF 21  160   18   56   0   5   9   15  20   39    5   4  11   2  26   0    45   1   0   0   0
harrington,othel  hou PF 41  903  156  304   0   0  88  122  72  246   15   6  61  25 103   0   400   3   0   0  10
harris,lucious    njn SG 36  602   73  181  11  50  36   48  21   67   31  18  18   7  52   1   193   0   0   0   5
hawkins,hersey    sea SG 50 1644  171  408  55 180 119  132  51  201  123  80  80  18  90   1   516   0   0   0  34
hawkins,michael   sac PG 24  203   14   40   5  19   3    3  10   25   27   3  13   1  14   0    36   0   0   0   0
henderson,alan    atl PF 38 1142  187  423   0   1 100  149 100  250   28  33  58  19  96   1   474   4   1   0  37
henderson,cedric  cle SF 50 1517  189  453   2  12  74   91  45  197  113  58  97  24 136   2   454   1   0   0  48
henderson,j.r.    van SF 30  331   35   96   2   5  25   45  20   47   22   9  18   4  29   1    97   0   0   1   0
hendrickson,mark  njn PF 22  399   39   88   0   1  42   50  27   68   13  12  15   1  39   0   120   0   0   0   6
henson,steve      det PG  4   25    1    2   0   0   2    2   0    0    3   1   3   0   1   0     4   0   0   0   0
herrera,carl      den PF 28  307   30   76   0   1   5   11  25   62    4  12  16   7  40   0    65   1   0   0   0
hill,grant        det SF 50 1852  384  802   0  14 285  379  65  355  300  80 184  27 114   0  1053   5   0   0  50
hill,tyrone       phi PF 38 1104  122  268   0   0  81  150 115  287   35  34  59  16 145   2   325   2   0   2  23
hoiberg,fred      ind SG 12   87    6   21   1   9   6    6   2   11    4   0   3   0  11   0    19   0   0   0   0
honeycutt,jerald  phi SF 16  102    9   32   5  17   7   10   3   12    3   5   9   2  16   0    30   0   0   0   0
hornacek,jeff     uta SG 48 1435  214  449  34  81 125  140  33  160  192  52  82  14  95   0   587   2   0   0  48
horry,robert      lal PF 38  744   67  146  20  45  34   46  56  152   56  36  49  39 103   2   188   0   0   0   5
houston,allan     nyk SG 50 1815  294  703  57 140 168  195  20  152  137  35 130   9 115   1   813   1   0   0  50
howard,juwan      was PF 36 1430  286  604   0   3 110  146  90  293  107  42  95  14 130   1   682   5   0   0  36
hudson,troy       lac PG 25  524   60  150  15  47  34   38  15   55   92  11  38   2  28   1   169   0   0   0   6
hughes,larry      phi SG 50  988  170  414   8  52 107  151  83  189   77  44  68  14  97   0   455   1   0   0   1
hunter,lindsey    det PG 49 1755  228  524  59 153  67   89  26  168  193  86  92   8 126   2   582   1   0   0  49
ilgauskas,zydrun  cle  C  5  171   29   57   0   0  18   30  17   44    4   4   9   7  24   1    76   0   0   0   5
iverson,allen     phi PG 48 1990  435 1056  58 199 356  474  66  236  223 110 167   7  98   0  1284   5   0   0  48
jackson,bobby     min PG 50  941  141  348  10  27  61   79  43  135  167  39  75   3  75   1   353   0   0   0  12
jackson,jaren     san SG 47  861  108  284  53 147  32   39  21   99   49  41  37   9  63   0   301   1   0   0  13
jackson,jimmy     por SG 49 1175  152  370  25  90  85  101  36  159  128  43  82   6  80   0   414   0   0   0   9
jackson,mark      ind PG 49 1382  138  329  32 103  65   79  33  184  386  42  99   3  58   0   373   2   0   1  49
jackson,randell   was PF 27  271   46  108   1   7  21   32  30   54    8   3  26  11  29   0   114   0   0   0   8
jacobson,sam      lal SG  2   12    3    5   0   1   2    2   0    3    0   0   1   0   2   0     8   0   0   0   0
james,jerome      sac  C 16   42    9   24   0   0   6   12   6   17    1   2   9   6  11   0    24   0   0   0   0
jamison,antawn    gsw SF 47 1058  178  394   3  10  90  153 131  301   34  38  68  16 102   1   449   0   0   0  24
johnson,anthony   atl PG 49  885   91  225   5  19  57   82  16   75  107  35  65   7  67   0   244   2   1   0   2
johnson,avery     san PG 50 1672  218  461   1  12  50   88  22  118  369  51 112  11 101   0   487   1   0   0  50
johnson,eddie     hou SF  3   18    6   13   0   1   0    0   0    2    1   0   2   0   3   0    12   0   0   0   0
johnson,ervin     mil  C 50 1027   96  189   0   0  64  105 120  320   19  29  47  57 151   1   256   0   0   0   7
johnson,larry     nyk PF 49 1639  210  458  33  92 134  164  91  284  119  34  89  10 147   1   587   2   0   0  48
jones,charles     chi SG 29  476   39  123  19  61  11   22   9   42   41  18  29   5  30   0   108   0   0   0   5
jones,damon       bos PG 24  344   43  119  25  62  14   17   6   44   42  13  17   0  23   0   125   0   0   0   0
jones,eddie       cha SG 50 1881  260  595  48 142 212  271  50  194  186 125  93  58 128   1   780   0   0   0  50
jones,popeye      bos PF 18  206   20   51   0   1  14   17  28   52   15   5   7   0  31   0    54   0   0   0   2
jordan,adonis     mil PG  4   18    2    4   0   2   2    4   0    0    3   3   2   0   0   0     6   0   0   0   0
jordan,reggie     min SG 27  296   15   54   0   0  21   38  27   59   41  12  14   5  38   0    51   1   0   0   1
keefe,adam        uta PF 44  642   56  124   0   4  62   89  51  142   28  16  33  12  63   0   174   2   0   1   0
kemp,shawn        cle PF 42 1475  277  575   1   2 307  389 131  388  101  48 127  45 159   2   862   4   0   0  42
kerner,jonathan   orl  C  1    5    0    1   0   0   0    0   0    0    0   0   0   0   2   0     0   0   0   0   0
kerr,steve        san PG 44  734   68  174  25  80  31   35   6   44   49  23  22   3  28   0   192   0   0   0   0
kersey,jerome     san SF 45  699   68  200   3  14   6   14  42  130   41  37  30  14  92   1   145   0   0   0   0
kidd,jason        pho PG 50 2060  310  698  45 123 181  239  87  339  539 114 150  19 108   1   846   0   0   0  50
king,chris        uta SF  8   42    2    7   0   0   0    4   1   11    1   2   4   1   8   0     4   0   0   0   0
king,gerald       san PF 19   63    6   14   0   0  11   18   6   14    4   2   4   1  12   0    23   0   0   0   0
kittles,kerry     njn SG 46 1570  227  613  50 158  88  114  52  191  116  79  66  26  82   0   592   0   0   0  40
kleine,joe        pho  C 31  374   30   74   0   2   8   12  27   67   12   8  10   1  46   0    68   2   0   0   5
knight,brevin     cle PG 39 1186  134  315   0   5 105  141  16  131  302  70 105   7 115   1   373   1   0   0  38
knight,negele     tor PG  6   56    3    8   0   1   2    4   1    6    8   1   7   0   5   0     8   0   0   0   0
knight,travis     lal  C 37  525   67  130   0   1  22   29  34  128   31  21  35  27 108   2   156   0   0   0  23
kukoc,toni        chi SF 44 1654  315  750  39 137 159  215  65  310  235  49 121  11  82   0   828   4   0   0  44
laettner,christi  det PF 16  337   38  106   1   3  44   57  21   54   24  15  19  12  30   0   121   1   1   1   0
lafrentz,raef     den  C 12  387   59  129  12  31  36   48  33   91    8   9   9  17  38   2   166   0   0   0  12
lang,andrew       chi  C 21  386   32   99   0   0  16   23  33   93   13   5  17  12  43   0    80   0   0   0  13
lang,antonio      cle ?? 10   65    4    6   0   0   5    9   6   16    1   2   4   1  13   0    13   0   0   0   0
larue,rusty       chi PG 43  732   78  217  30  89  17   17   9   56   63  33  34   3  66   0   203   0   0   0   6
legler,tim        was SG 30  377   51  115  14  35   3    6   8   40   21   4  14   3  42   0   119   0   0   0   0
lenard,voshon     mia SG 12  190   31   79  12  35   8   11   4   16   10   3   7   1  18   0    82   0   0   0   2
lewis,rashard     sea SF 20  145   19   52   1   6   8   14  13   25    4   8  20   1  19   0    47   0   0   0   7
livingston,randy  pho PG  1   22    5    8   0   0   2    2   0    2    3   2   1   0   1   0    12   0   0   0   0
long,grant        atl PF 50 1380  151  359   3  18 184  235 100  296   53  57  74  16 143   0   489   1   0   0  13
longley,luc       pho  C 39  933  140  290   0   0  59   76  59  221   45  23  53  21 119   0   339   0   0   0  39
lopez,felipe      van SG 47 1218  169  379  12  44  87  135  69  166   62  49  82  14 128   0   437   2   0   0  32
lue,tyronn        lal PG 15  188   28   65   7  16  12   21   2    6   25   5  11   0  28   0    75   0   0   0   0
lynch,george      phi SF 43 1315  147  349   9  23  53   84 110  279   76  85  79  22 142   2   356   1   0   0  43
mack,sam          hou SG 44 1083  167  384  87 219  51   58  14   95   55  35  33   4  94   1   472   1   0   0  15
maclean,don       sea SF 17  365   63  159   9  33  50   80  18   65   16   5  25   5  34   0   185   1   0   0  10
macon,mark        det PG  7   69    4   20   1   3   0    0   3    5    4   5   6   1   6   0     9   0   0   0   3
mahorn,rick       phi PF 16  127    5   18   0   0   3    8   7   23    2   5   6   1  22   0    13   0   0   0   0
majerle,dan       mia SG 48 1624  118  298  68 203  33   46  21  208  150  38  55   7 100   0   337   0   0   0  48
malone,karl       uta PF 49 1832  393  797   0   1 378  480 107  463  201  62 162  28 134   0  1164  10   1   1  49
maloney,matt      hou PG 15  186    5   28   1  15  10   11   2   10   21   4  14   0   7   0    21   0   0   0   7
manning,danny     pho PF 50 1184  187  386   1   9  78  112  62  219  113  36  69  38 129   1   453   3   1   0   5
marbury,stephon   njn PG 49 1895  378  883  66 197 222  278  37  142  437  59 164   8 125   0  1044   0   0   1  49
marks,sean        tor PF  8   28    5    8   0   0   1    2   0    1    0   1   3   0   3   0    11   0   0   0   0
marshall,donyell  gsw SF 48 1250  208  494  26  72  88  121 115  342   66  47  80  37 123   1   530   1   0   0  20
martin,darrick    lac PG 37  941  102  278  31 106  61   76   5   48  144  43  67   4  82   1   296   0   0   0  25
mashburn,jamal    mia SF 24  855  134  297  13  30  75  104  24  146   75  20  60   3  58   0   356   1   0   0  23
massenburg,tony   van PF 43 1143  189  388   0   2 103  155  83  257   23  26  64  39 108   0   481   2   1   1  35
maxwell,vernon    sac SG 46 1007  164  421  80 231  84  114  13   85   76  30  67   3 111   1   492   7   0   0   1
mayberry,lee      van PG  9  126    7   19   2  10   4    5   0    3   23   7  11   0  13   0    20   0   0   0   0
mccarty,kelly     den SG  2    4    2    3   0   0   0    0   2    3    0   0   2   0   0   0     4   0   0   0   0
mccarty,walter    bos SF 32  659   64  177  13  50  40   57  36  115   40  24  40  13  88   0   181   0   0   0   4
mccloud,george    pho SF 48 1245  142  324  69 166  75   87  34  162   79  45  49  14 127   0   428   3   0   0  16
mccoy,jelani      sea  C 26  331   56   76   0   0  21   42  27   79    4  11  10  20  42   0   133   1   0   0   0
mcdyess,antonio   den PF 50 1937  415  882   1   9 230  338 168  537   82  73 138 115 175   5  1061   7   2   0  50
mcgrady,tracy     tor SF 49 1106  168  385   8  35 114  157 120  278  113  52  80  66  94   1   458   4   0   0   2
mcilvaine,jim     njn  C 22  269   22   51   0   0   4    6  31   54    2   9  13  32  59   1    48   0   0   0   1
mcinnis,jeff      was PG 35  427   50  134   9  35  21   28   9   21   73  19  30   1  36   0   130   0   0   0   6
mckey,derrick     ind SF 13  244   23   52   0   1  14   17  18   41   13  12  12   4  24   0    60   0   0   0   0
mckie,aaron       phi SG 50  959   95  237   6  31  44   62  27  140  100  63  57   3  90   1   240   0   0   0   4
mcleod,roshown    atl SF 34  348   62  163   1  10  37   45  12   50   14   2  23   1  24   0   162   0   0   0   0
mercer,ron        bos SF 41 1551  305  707   5  30  83  105  37  155  104  67  89  12  81   1   698   0   0   0  40
meyer,loren       den  C 14   70    7   28   1   5   1    2   4   16    1   0   4   3  22   0    16   0   0   1   0
milic,marko       pho SG 11   53    8   20   0   1   0    0   3    5    2   3   6   1   7   0    16   0   0   0   0
miller,anthony    hou PF 29  249   28   60   0   1  14   22  26   67    7   7   9   5  34   0    70   1   0   0   0
miller,brad       cha  C 38  469   78  138   1   2  81  102  35  117   22   9  32  18  65   0   238   1   0   0   0
miller,oliver     sac  C  4   35    5   11   0   0   0    0   7    8    0   0   4   2   3   0    10   0   0   0   0
miller,reggie     ind SG 50 1787  294  671 106 275 226  247  25  135  112  37  76   9 101   1   920   8   2   0  50
mills,chris       gsw SF 47 1395  186  453  32 115  79   96  49  237  103  39  58  14 125   1   483   3   0   1  24
mills,terry       mia PF  1   29    3    8   2   4   1    2   3    4    0   1   3   0   3   0     9   0   0   0   0
minor,greg        bos SG 44  765   85  204   8  28  36   48  31  117   50  20  38   6  69   1   214   0   0   0   7
mitchell,sam      min SF 50 1344  213  522   9  38 126  165  55  182   98  35  34  16 111   1   561   1   0   0  20
mobley,cuttino    hou SG 49 1456  172  405  53 148  90  110  22  111  121  44  79  23  98   0   487   1   0   0  37
mohammed,nazr     phi  C 26  121   15   42   0   0  12   21  18   37    2   5  12   4  22   0    42   0   0   0   0
montross,eric     det  C 46  577   42   80   0   1  11   32  45  139   14  12  16  27 107   1    95   1   0   0   2
moore,mikki       det  C  2    6    1    1   0   0   2    2   0    1    0   0   0   0   0   0     4   0   0   0   0
morris,chris      pho SF 44  535   64  149  16  56  40   46  54  121   23  16  21  11  54   0   184   0   0   0   2
mourning,alonzo   mia  C 46 1753  324  634   0   2 276  423 166  507   74  34 139 180 161   2   924   6   1   0  46
mullin,chris      ind SF 50 1179  177  371  73 157  80   92  25  160   81  47  60  13 101   0   507   0   0   0  50
murdock,eric      njn PG 15  401   45  114   8  22  21   26   3   35   66  22  29   2  35   1   119   1   0   0   8
muresan,gheorghe  njn  C  1    1    0    1   0   0   0    0   0    0    0   0   1   0   0   0     0   0   0   0   0
murray,lamond     lac SF 50 1317  226  578  34 103 126  157  59  195   61  58  99  20 107   1   612   0   0   0  13
murray,tracy      was SF 36  653   83  237  33 103  34   42  18   81   27  21  29   6  65   0   233   0   0   0   0
mutombo,dikembe   atl  C 50 1829  173  338   0   0 195  285 192  610   57  16  94 147 145   2   541   3   0   0  50
nash,steve        dal PG 40 1269  114  314  49 131  38   46  32  114  219  37  83   2  98   2   315   0   0   0  40
ndiaye,makhtar    van PF  4   27    1    4   0   0   3    4   3    5    1   0   1   1   9   0     5   0   0   0   0
nesby,trent       lac SF 50 1288  182  405  35  96 104  133  57  175   82  77  53  20 143   2   503   2   0   0  36
nesterovic,rados  min  C  2   30    3   12   0   0   2    2   3    8    1   0   1   0   5   0     8   0   0   0   0
newman,johnny     cle SF 50  949  106  251  23  61  68   84  15   75   41  28  41  12 126   2   303   2   0   0   2
norris,moochie    sea PG 12  140   13   40   6  15   6   16   4   20   24   7  16   0  17   0    38   0   0   0   0
nowitzki,dirk     dal SF 47  958  136  336  14  68  99  128  41  162   47  29  73  27 105   5   385   0   0   0  24
o'bannon,charles  det SG 18  165   24   56   0   1   8    8  18   34   12   2   8   3  22   0    56   0   0   0   1
o'neal,jermaine   por PF 35  310   36   83   0   1  18   35  42   97   13   4  14  14  41   0    90   1   0   0   1
o'neal,shaquille  lal  C 49 1705  510  885   0   1 269  498 187  525  114  36 122  82 155   4  1289   6   1   1  49
oakley,charles    tor PF 50 1633  140  327   1   5  67   83  96  374  168  46  96  21 182   4   348   6   0   2  50
olajuwon,hakeem   hou  C 50 1784  373  725   4  13 195  272 106  477   88  82 139 123 160   3   945   3   1   1  50
oliver,jimmy      pho SG  2   11    1    3   1   1   0    0   0    0    0   0   0   0   2   0     3   0   0   0   0
ollie,kevin       orl SG  8   72    4   14   0   0   5    7   0    7    3   3   3   1   9   0    13   0   0   0   0
olowokandi,mich   lac  C 45 1279  172  399   0   0  57  118 120  357   25  27  85  55 137   2   401   2   1   0  36
ostertag,greg     uta  C 48 1340   99  208   0   0  75  121 105  348   23  12  45 131 140   2   273   6   2   2  48
outlaw,charles    orl SF 31  851   84  154   0   3  35   81  54  167   56  40  58  43  79   1   203   2   0   0  22
overton,doug      phi PG 24  244   36   84   2   7  18   20   7   21   23   5  20   1  18   0    92   1   0   0   1
owens,billy       sea SG 21  451   65  165   5  11  28   35  35   80   38  12  33   4  37   0   163   0   0   0  19
pack,robert       dal PG 25  468   75  174   0   4  72   88   9   36   81  20  49   1  41   0   222   0   0   0   0
parker,anthony    phi SG  2    3    1    1   0   0   0    0   0    0    0   0   0   0   0   0     2   0   0   0   0
parks,cherokee    van PF 48 1118  118  275   0   1  30   55  75  243   36  28  49  28 114   0   266   1   0   0  41
patterson,andrae  min PF 35  284   43   97   0   5  28   36  30   65   15  19  22   7  62   1   114   0   0   0   0
patterson,ruben   lal SF 24  144   21   51   1   6  22   31  17   30    2   5  12   3  16   0    65   0   0   0   2
payton,gary       sea PG 50 2008  401  923  83 281 199  276  62  244  436 109 154  12 115   0  1084  22   2   1  50
peeler,anthony    min SG 28  810  103  272  34 114  30   41  30   84   78  35  38   6  60   0   270   1   0   0  28
perdue,will       san  C 37  445   38   60   0   0  14   26  33  138   18   9  22  10  63   0    90   1   0   0   1
perkins,sam       ind  C 48  789   80  200  35  90  43   60  36  138   25  15  22  14  74   0   238   0   0   1   0
perry,elliot      mil PG 35  290   39  103  10  24  10   14   7   34   47  20  34   0  25   0    98   0   0   0   0
person,chuck      cha SF 50  990  112  289  55 157  24   32  17  132   60  20  41   8  90   0   303   3   1   0  21
person,wesley     cle SG 45 1342  198  437  75 200  32   53  19  142   80  37  41  16  52   0   503   0   0   0  42
phills,bobby      cha SG 43 1574  215  497  68 172 115  168  39  174  149  60  92  25 124   1   613   0   0   0  43
piatkowski,eric   lac SG 49 1242  180  417  65 165  88  102  39  140   53  44  53   6  86   0   513   1   0   0  38
pierce,paul       bos SF 48 1632  284  647  84 204 139  195 117  309  115  82 113  50 139   1   791   2   0   0  47
pippen,scottie    hou SF 50 2011  261  604  72 212 132  183  63  323  293  98 159  37 118   0   726   5   1   0  50
pollard,scot      sac  C 16  259   33   61   0   0  16   23  38   82    4   8   5  18  41   0    82   1   0   0   5
polynice,olden    sea  C 48 1481  169  358   1   1  29   94 184  425   43  20  49  30 150   0   368   6   0   1  47
pope,mark         ind PF  4   26    1    7   0   4   0    1   2    4    0   0   1   0   6   0     2   0   0   0   0
porter,terry      mia PG 50 1365  172  370  58 141 123  148  13  140  146  48  74  11  97   0   525   0   0   0   1
potapenko,vitaly  bos  C 50 1394  204  412   0   1  91  155 114  332   75  35 100  36 169   4   499   4   0   0  44
price,brent       hou PG 40  806  100  207  46 112  46   61  18   78  113  33  65   1  90   0   292   0   0   0   6
ratliff,theo      phi PF 50 1627  197  419   0   0 166  229 139  407   30  45  92 149 180   8   560   1   0   0  50
recasner,eldridg  cha SG 44  708   82  184  24  60  34   39  20   77   91  17  58   1  66   0   222   0   0   0   2
reeves,bryant     van  C 25  702  102  251   0   1  67  116  50  138   37  13  47   8 103   3   271   0   0   0  14
reeves,khalid     det PG 11  112    8   21   1   3   8   14   3    7   11   4   7   0  13   0    25   0   0   0   0
reid,don          det PF 47  935   97  174   0   0  48   79  66  170   33  27  36  43 156   2   242   1   0   1  30
reid,j.r.         lal PF 41 1029  132  277   0   1 105  137  45  212   48  37  51  10 135   3   369   3   0   0  26
respert,shawn     pho SG 12   99   13   36   4  13   7   10   2   13    8   5   5   0  10   0    37   0   0   0   1
rhodes,rodrick    van SG 13  156   13   52   1   7  16   25   9   17   11   5  20   2  21   0    43   0   0   0   1
rice,glen         lal SF 27  985  171  396  53 135  77   90   9   99   71  17  45   6  67   1   472   0   0   0  25
richardson,pooh   lac PG 11  130   12   36   0   6   4    4   1   13   30   4   9   0   5   0    28   0   0   0   0
richmond,mitch    was SG 50 1912  331  803  70 221 251  293  30  172  122  64 136  10 121   1   983   0   0   0  50
rider,isaiah      por SG 47 1385  249  605  42 111 111  147  59  196  104  25  95   9 100   0   651   1   0   2  41
riley,eric        bos  C 35  337   28   54   0   0  22   31  36   99   13   9  26  26  73   2    78   1   0   0  11
roberts,stanley   hou  C  6   33    5   13   0   0   4    8   4   11    0   0   4   1   2   0    14   0   0   0   0
robinson,cliff    pho PF 50 1740  299  629  58 139 163  234  69  227  128  75  88  59 154   2   819   5   1   0  35
robinson,david    san  C 49 1554  268  527   0   1 239  363 148  492  103  69 108 119 143   0   775   1   0   0  49
robinson,glenn    mil SF 47 1579  347  756  31  79 140  161  73  276  100  46 106  41 114   1   865   4   0   2  47
robinson,james    min SG 31  506   67  185  21  74  28   41  18   62   56  22  44   8  60   0   183   2   0   0   0
rodman,dennis     lal PF 23  657   16   46   0   2  17   39  62  258   30  10  31  12  71   0    49  13   2   0  11
rogers,carlos     por PF  2    8    2    2   0   0   1    4   0    1    1   0   0   0   2   0     5   0   0   0   0
rogers,rodney     lac SF 47  968  131  297  18  63  68  101  65  179   77  47  66  22 140   2   348   1   0   0   7
rooks,sean        lal  C 36  315   32   79   0   2  34   48  33   72    9   2  21   9  61   0    98   0   0   0   0
rose,jalen        ind SG 49 1238  200  496  17  65 125  158  34  154   93  50  72  15 128   0   542   3   1   0   1
rose,malik        san PF 47  608   93  201   0   1  98  146  90  182   29  40  56  22 120   0   284   1   0   0   0
russell,bryon     uta SF 50 1770  217  468  52 147 136  171  65  266   74  76  76  15 154   3   622   1   0   0  50
sabonis,arvydas   por  C 50 1349  232  478   7  24 135  175  88  393  119  34  85  63 147   2   606   2   0   0  48
sasser,jason      van PF  6   39    5   11   0   0   1    2   2    7    2   2   2   0   4   0    11   0   0   0   0
schayes,danny     orl  C 19  143   11   29   0   0   6    8   3   14    4   1   8   2  23   0    28   0   0   0   1
schintzius,duane  bos  C 16   67    4   16   0   0   3    4   7   19    8   0  10   3  17   0    11   0   0   0   0
schrempf,detlef   sea SF 50 1765  259  549  34  86 200  243  77  370  184  41 103  26 152   0   752   3   0   0  39
scott,dennis      min SF 36  738   87  213  37  97  23   31   8   58   40  15  19   3  49   0   234   1   0   0   9
sealy,malik       min SF 31  731   95  231   6  23  55   61  23   92   36  30  33   5  68   0   251   1   0   0   7
seikaly,rony      njn  C  9   88    4   20   0   0   7   18   5   21    2   4  10   6  15   0    15   0   0   0   0
shackleford,char  cha  C 32  367   44   90   0   0  19   29  41  129   13   5  27  13  66   1   107   0   0   0   4
shaw,brian        por PG  1    5    0    1   0   0   0    0   0    1    1   0   1   0   1   0     0   0   0   0   0
shaw,casey        phi  C  9   14    1    8   0   0   0    0   3    3    0   0   2   0   2   0     2   0   0   0   0
sheppard,jeff     atl SG 18  185   15   39   2   7   8   13   6   22   16   3   7   0  12   0    40   0   0   0   5
simon,miles       orl SG  5   19    1    5   0   2   0    0   1    2    0   1   3   0   1   0     2   0   0   0   0
simpkins,dickey   chi PF 50 1448  150  324   0   1 156  242 110  339   65  36  72  13 128   1   456   3   0   2  35
sims,alvin        pho SG  4   25    4   10   1   1   2    5   3    4    5   2   6   0   2   0    11   0   0   0   0
skinner,brian     lac PF 21  258   33   71   0   0  20   33  20   53    1  10  19  13  20   0    86   1   0   0   0
slater,reggie     tor PF 30  263   31   81   0   0  53   85  36   70    5   3  25   3  50   0   115   0   0   2   0
smith,charlesc    lac SG 23  317   35   97   7  33   7   16   7   24   13  17  20  14  35   0    84   0   0   0  10
smith,joe         min PF 43 1418  223  522   0   3 142  188 154  354   68  32  66  66 147   3   588   0   0   2  42
smith,michael     van PF 48 1098   77  144   0   1  76  128 135  350   48  46  60  18 107   0   230   6   0   1  10
smith,steve       atl SG 36 1314  217  540  47 139 191  225  50  151  118  36  99  11 100   2   672   3   0   1  36
smits,rik         ind  C 49 1271  310  633   0   2 108  132  73  275   52  18  75  52 159   1   728   2   0   0  49
snow,eric         phi PG 48 1716  149  348   5  21 110  150  25  162  301 100 111   1 149   2   413   1   0   0  48
spencer,felton    gsw  C 26  159   15   33   0   0  12   26  18   46    0   5   9  10  41   0    42   0   0   0   0
sprewell,latrell  nyk SF 37 1233  215  518  21  77 155  191  41  156   91  46  79   2  65   0   606   0   0   0   4
stack,ryan        cle PF 18  199   14   37   0   0  19   20  19   34    5   2   9  11  31   0    47   0   0   0   0
stackhouse,jerry  det SG 42 1188  181  488  35 126 210  247  26  107  118  34 121  19  79   0   607   2   0   0   9
starks,john       gsw SG 50 1686  269  728  78 269  74  100  33  163  235  69  83   5 135   3   690   3   0   0  50
stepania,vladimi  sea  C 23  313   53  125   0   3  21   40  27   75   12  10  32  23  58   0   127   0   0   0   6
stewart,michael   tor  C 42  394   22   53   0   0  17   25  43   99    5   4  12  28  76   0    61   0   0   0   2
stith,bryant      den SG 46 1194  114  290  31 106  61   71  30  107   82  28  45  15  65   0   320   1   0   0  32
stockton,john     uta PG 50 1410  200  410  16  50 137  169  31  146  374  81 110  13 107   0   553   2   0   0  50
stojakovic,predr  sac SG 48 1025  141  373  57 178  63   74  43  143   72  41  53   7  43   0   402   0   0   0   1
stoudamire,damon  por PG 50 1673  249  629  44 142  89  122  41  167  312  49 110   4  81   0   631   0   0   0  50
strickland,erick  dal SG 33  567   89  221  18  59  53   65  12   83   64  40  36   2  44   0   249   0   0   0   2
strickland,mark   mia PF 32  357   50  101   0   1  19   26  26   78    9   7  13   8  28   0   119   0   0   0   1
strickland,rod    was PG 44 1632  251  603  12  42 176  236  56  212  434  76 142   5  91   0   690   2   1   0  43
strong,derek      orl PF 44  695   76  180   0   2  71   99  66  161   17  15  37   7  64   0   223   2   0   0   0
sundov,bruno      dal  C  3   11    2    7   0   0   0    0   0    0    1   0   1   0   4   0     4   0   0   0   0
sura,bob          cle PG 50  841   70  210   9  45  65  103  21  102  152  46  67  14  98   1   214   1   1   0   6
taylor,johnny     den SF 36  724   82  198  26  68  17   23  30  101   24  28  34  17  97   1   207   0   0   0   9
taylor,maurice    lac PF 46 1505  311  675   1   6 150  206 100  242   67  16 120  29 179   5   773   2   0   0  45
thomas,john       tor PF 39  593   71  123   0   1  27   48  65  134   15  17  21   9  82   0   169   0   0   0  11
thomas,kurt       nyk PF 50 1182  170  368   0   1  66  108  82  286   55  45  73  17 159   3   406   2   1   1  44
thomas,tim        mil PF 50  812  132  279  21  68  73  112  49  126   46  26  46  12 107   2   358   1   0   0  26
thorpe,otis       was PF 49 1539  240  440   0   2  74  106  96  334  101  42  88  19 196   9   554   1   0   0  38
traylor,robert    mil PF 49  786  108  201   0   1  43   80  80  182   38  44  42  44 140   4   259   2   0   0  43
trent,gary        dal PF 45 1362  287  602   0   5 145  235 127  351   77  29  66  23 122   1   719   0   0   0  23
vanexel,nick      den PG 50 1802  306  769  72 234 142  175  14  113  368  40 121   3  90   0   826   8   1   0  50
vanhorn,keith     njn PF 42 1576  322  752  16  53 256  298 114  358   65  43 133  53 134   2   916   2   0   0  42
vaughn,david      njn PF 10  103   13   24   0   0   8   10  13   34    1   2  11   8  22   0    34   0   0   0   0
vaughn,jacque     uta PG 19   87   11   30   2   8  20   24   1   11   12   5  14   0  14   0    44   0   0   0   0
vaught,loy        det PF 37  481   59  155   0   1   9   14  36  146   11  15  17   6  54   0   127   0   0   0  10
vrankovic,stojko  lac  C  2   12    1    4   0   0   0    0   4    6    0   0   0   0   2   0     2   0   0   0   0
walker,antoine    bos PF 42 1549  303  735  65 176 113  202 106  359  130  63 119  28 142   2   784   8   0   0  41
walker,samaki     dal PF 39  568   88  190   0   1  53   98  46  143    6   9  37  16  87   3   229   1   0   0   2
wallace,ben       was PF 46 1231  115  199   0   0  47  132 137  384   18  50  36  90 111   0   277   1   0   1  16
wallace,john      tor SF 48  812  153  354   0   0 105  150  54  171   46  12  70  43  92   0   411   2   2   2   3
wallace,rasheed   por PF 49 1414  242  476  13  31 131  179  57  241   60  48  80  54 175   6   628  12   2   1  18
walters,rex       mia SG 33  506   35   95  12  38  19   23  10   50   58  10  32   3  63   1   101   0   0   1  13
ward,charlie      nyk PG 50 1556  135  334  53 149  55   78  23  172  271 103 131   8 105   0   378   0   0   0  50
washington,eric   den SG 38  761   73  184  37  97  22   32  35   89   30  25  34  18  87   2   205   0   0   0   6
watson,jamie      mia SF  3   18    1    2   0   0   0    0   0    1    1   0   1   0   1   0     2   0   0   0   0
weatherspoon,cla  mia SF 49 1040  141  264   0   0 115  143  72  243   34  28  61  17 107   0   397   1   0   0   3
webber,chris      sac PF 42 1719  378  778   4  34  79  174 149  545  173  60 148  89 145   1   839   3   0   0  42
wells,bonzi       por SG  7   35   11   20   1   3   8   18   4    9    3   1   6   1   5   0    31   0   0   0   0
wennington,bill   chi  C 38  451   62  178   1   1  18   22  20   79   18  13  17  12  79   1   143   0   0   0   3
wesley,david      cha PG 50 1848  243  545  61 170 159  191  23  161  322 100 142  10 130   2   706   1   0   1  50
west,doug         van SG 14  294   31   65   0   2  19   25   5   25   19  16  12   7  38   1    81   0   0   1   2
west,mark         atl  C 49  499   22   59   0   0  16   45  49  125   13   4  17  22  81   0    60   0   0   0   0
wheat,dejuan      van SG 46  590   73  193  22  60  40   55  11   45  102  26  48   2  59   0   208   0   0   0   0
wheeler,tyson     den PG  1    3    1    1   1   1   1    2   0    0    2   0   0   0   1   0     4   0   0   0   0
white,jahidi      was PF 20  191   17   32   0   0  15   35  23   58    1   3  16  11  39   1    49   0   0   0   0
whitney,chris     was PG 39  441   64  156  32  95  27   31   8   47   69  18  36   2  49   0   187   0   0   0   1
wilkins,dominiqu  orl SF 27  252   50  132   5  19  29   42  30   71   16   4  23   1  19   0   134   0   0   0   2
wilkins,gerald    orl SG  3   28    0    9   0   0   2    2   0    1    1   0   3   0   3   0     2   0   0   0   0
williams,aaron    sea PF 40  458   52  123   0   1  54   74  54  128   22  14  30  24  75   1   158   1   0   0   2
williams,alvin    tor PG 50 1051   95  237  14  42  44   52  19   82  130  51  56  12  94   1   248   0   0   0  45
williams,brandon  san SF  3    4    0    0   0   0   2    4   1    1    0   0   0   0   0   0     2   0   0   0   0
williams,eric     den SF 38  780   80  219   6  26 111  139  34   81   37  27  49   8  76   0   277   0   0   0   8
williams,herb     nyk  C  6   34    4    8   0   0   2    2   3    6    0   0   2   2   2   0    10   0   0   0   0
williams,hotrod   dal  C 25  403   11   33   0   0   7   10  36   83   15  13  13  18  49   0    29   0   0   0  11
williams,jason    sac PG 50 1805  231  617 100 323  79  105  14  153  299  95 143   1  91   0   641   3   0   0  50
williams,jayson   njn  C 30 1020   97  218   0   2  48   85 147  360   33  24  46  60 126   3   242   1   0   1  30
williams,jerome   det PF 50 1154  124  248   0   0 107  159 158  349   23  63  41   7 108   0   355   2   0   0  10
williams,michael  tor PG  2   15    1    5   0   0   0    0   1    1    0   0   1   0   1   0     2   0   0   0   0
williams,monty    den SF  1    6    0    2   0   0   1    2   0    0    0   0   0   0   0   0     1   0   0   0   0
williams,scott    mil  C  7   46    5   17   0   0   4    7   3   14    1   3   4   2   9   0    14   2   1   0   0
williams,shammon  atl PG  2    4    0    1   0   0   3    4   0    0    1   0   0   0   0   0     3   0   0   0   0
williams,travis   cha SF  8   62    6   13   0   0   3    4   6   19    2   2   6   1  10   0    15   0   0   0   0
williams,walt     por SG 48 1044  147  347  63 144  89  107  36  143   80  37  63  28 101   2   446   3   0   0  16
williamson,corli  sac SF 50 1374  269  555   1   5 120  188  85  206   66  30  75   8 118   1   659   2   0   0  50
willis,kevin      tor PF 42 1216  187  447   0   2 130  155 109  350   67  28  86  28 134   1   504   7   1   2  38
wingate,david     nyk SG 20   92    7   16   0   0   0    0   3    8    5   4   6   0  10   0    14   0   0   0   0
winter,trevor     min  C  1    5    0    0   0   0   0    0   1    3    0   0   0   0   5   0     0   0   0   0   0
wolf,joe          cha  C  3   12    0    1   0   0   0    2   0    1    0   0   0   0   6   0     0   0   0   0   0
workman,haywoode  mil PG 29  815   73  170  17  47  37   47  14  102  172  32  63   1  53   0   200   1   0   0  29
wright,lorenzen   lac  C 48 1135  119  260   0   1  81  117 142  361   33  26  48  36 162   2   319   2   0   0  15
young,korleone    det SF  3   15    5   10   1   4   2    2   2    4    1   0   1   0   3   0    13   0   0   0   0
