Player           Team PS GP  Min  FGM  FGA  3M  3A FTM  FTA  OR   TR   AS  ST  TO  BK  PF  DQ   PTS  TC  EJ  FF Sta
abdul-wahad,tari  den SG 61 1578  274  646   3  23 146  193 101  291   98  59 106  28 147   1   697   0   0   0  56
abdur-rahim,shar  van SF 82 3223  594 1277  29  96 446  551 218  825  271  89 249  87 244   3  1663  10   0   0  82
alexander,cory    den PG 29  329   28   98   9  35  17   22   8   42   58  24  28   2  39   0    82   0   0   0   2
allen,ray         mil SG 82 3070  642 1411 172 407 353  398  83  359  308 110 183  19 187   1  1809   2   0   0  82
alston,rafer      mil PG 27  361   27   95   3  14   3    4   5   23   70  12  29   0  29   0    60   0   0   0   0
amaechi,john      orl  C 80 1684  306  700   1   6 223  291  62  266   95  35 139  37 161   1   836   0   0   0  53
anderson,derek    lac SG 64 2201  377  860  55 178 271  309  80  258  220  90 167  11 149   2  1080   0   0   0  58
anderson,kenny    bos PG 82 2593  434  986  85 220 196  253  55  225  420 139 130   8 230   4  1149  11   0   0  82
anderson,nick     sac SG 72 2094  306  782 132 397  37   76  83  339  123  94  95  16 118   0   781   5   0   0  72
anderson,shandon  hou SG 82 2700  368  778  79 225 194  253  91  384  239  96 194  32 182   0  1009   0   0   0  82
anstey,chris      chi  C 73 1007  161  364   1   6 116  147  90  280   65  29  80  25 180   4   439   0   0   1  11
anthony,greg      por PG 82 1548  169  416  88 233  88  114  17  133  208  59  85   9 143   0   514   4   0   1   3
armstrong,b.j.    chi PG 27  583   83  186  13  29  22   25   2   47   78   7  40   1  34   0   201   0   0   0  18
armstrong,darrel  orl PG 82 2590  484 1119 137 403 225  247  65  270  501 169 248   9 137   0  1330   5   1   0  82
artest,ron        chi SF 72 2238  309  759  60 191 188  279  62  308  202 119 166  39 159   0   866   0   0   0  63
atkins,chucky     orl PG 82 1626  314  741  57 163  97  133  20  126  306  52 142   3 137   1   782   0   0   0   0
augmon,stacey     por SG 59  692   83  175   0   2  37   55  42  116   53  27  38  11  69   0   203   0   0   1   0
austin,isaac      was  C 59 1173  151  352   1   4  94  137  64  282   74  17 107  38 128   0   397   2   0   1  23
avent,anthony     lac PF 49  377   29   96   0   0  23   32  23   74   11  16  24  15  62   1    81   0   0   0   3
avery,william     min PG 59  484   56  181  18  63  24   36   8   40   88  14  42   2  60   0   154   0   0   0   1
bailey,toby       pho SG 46  449   58  140   2  10  45   65  26   72   30  13  24   4  55   0   163   0   0   0   2
baker,vin         sea PF 79 2849  514 1129   2   8 281  412 227  605  148  47 213  66 288   6  1311   7   1   0  75
barkley,charles   hou PF 20  620  106  222   6  26  71  110  71  209   63  14  44   4  48   0   289   2   1   0  18
barros,dana       bos PG 72 1139  196  435  59 144  66   76  13   99  133  31  66   4  80   0   517   0   0   0   0
barry,brent       sea SG 80 2726  327  707 164 399 127  157  50  372  291 103 142  31 228   4   945   4   1   2  74
barry,drew        atl SG 16  159   15   33   7  18   4    5   0   12   33   2  13   0  23   0    41   0   0   0   0
barry,jon         sac SF 62 1281  161  346  66 154 107  116  38  159  150  75  85   7 104   1   495   6   1   0   1
battie,tony       bos PF 82 1505  219  459   1   8 102  151 152  410   63  47  67  70 249   4   541   2   0   2   4
bender,jonathan   ind PF 24  130   23   70   2  12  16   24   4   21    3   1   7   5  18   0    64   0   0   0   1
benjamin,benoit   cle  C  3    8    1    3   0   0   0    0   0    1    0   0   0   1   1   0     2   0   0   0   0
benjamin,corey    chi SG 48  862  145  350  31  89  49   82  21   88   54  31  74  22 122   2   370   1   0   2  10
bennett,mario     lac PF  1    3    0    3   0   0   0    0   1    2    0   0   0   0   1   0     0   0   0   0   0
best,travis       ind PG 82 1691  271  561  35  93 156  190  16  142  272  76 107   5 204   1   733   0   0   1   0
bibby,mike        van PG 82 3155  459 1031  77 212 195  250  73  306  665 132 247  15 171   1  1190   1   0   0  82
billups,chauncey  den PG 13  305   34  101   7  41  37   44   8   34   39  10  24   2  27   0   112   0   0   0   5
blaylock,mookie   gsw PG 73 2459  327  837 101 301  67   95  55  270  489 146 143  22 122   0   822   1   0   0  72
blount,corie      pho PF 38  446   44   89   0   2  19   33  52  113   10  15  28   7  78   0   107   0   0   0   1
bogues,muggsy     tor PG 80 1731  157  358  17  51  79   87  25  135  299  65  59   4 119   0   410   2   0   0   5
bohannon,etdrick  cli PF 13  118    7   13   0   0  15   24  13   31    5   2  10   6  25   0    29   0   0   0   0
booth,calvin      was  C 11  143   16   46   0   0  10   14  15   32    7   3   6  14  23   0    42   0   0   0   0
borrell,lazaro    sea SF 17  167   28   63   0   3   6   11  14   40   10   6   6   3   9   0    62   0   0   0   6
bowdler,cal       atl  C 46  423   49  115   0   1  24   38  22   85   14  14  21   9  46   1   122   0   0   0   0
bowen,bruce       mia SG 69  878   72  194  27  58  25   43  27   96   34  23  19  15 118   0   196   0   0   0   2
bowen,ryan        den SF 52  589   46  117   1   9  38   53  75  114   20  39  14  13  95   0   131   0   0   0   0
bowman,ira        phi SG 11   20    2    2   0   0   1    2   0    2    1   1   1   0   0   0     5   0   0   0   0
boykins,earl      cle PG 26  261   56  116   8  20  18   23  12   26   48  12  17   1  23   0   138   0   0   0   0
bradley,shawn     dal  C 77 1901  266  555   1   5 114  149 160  497   60  71  74 190 260   7   647  12   3   1  54
bramlett,a.j.     cle  C  8   61    4   21   0   0   0    0  12   22    0   1   3   0  13   0     8   0   0   0   0
brand,elton       chi PF 81 2999  630 1306   0   2 367  536 348  810  155  66 228 132 259   3  1627   0   0   1  80
brandon,terrell   min PG 71 2587  486 1042  53 132 187  208  44  238  629 134 184  30 158   1  1212   2   0   0  71
brown,chucky      cha SF 63 1096  148  328   2  10  36   52  35  167   66  20  45  18 114   1   334   0   0   0  29
brown,dee         tor PG 38  673   93  258  67 187  11   16   9   54   86  24  39   5  62   1   264   1   0   0  12
brown,marcus      det PG  6   45    4   14   0   7   2    2   3    7    3   0   3   0   8   0    10   0   0   0   0
brown,p.j.        mia PF 80 2302  322  671   0   1 120  159 216  600  145  65 100  61 264   5   764   0   0   1  80
brown,randy       chi PG 59 1625  157  435   3   6  62   84  23  144  202  61 105  15 120   1   379   5   0   0  55
brunson,rick      nyk SG 37  289   29   70   2  13  11   18   3   27   49   9  31   1  35   0    71   0   0   1   0
bryant,kobe       lal SG 66 2524  554 1183  46 144 331  403 108  416  323 106 182  62 220   4  1485   3   1   0  62
bryant,mark       cle  C 75 1712  174  346   0   0  76   94 126  352   61  31  87  31 250   5   424   9   2   1  50
buckner,greg      dal PG 48  923  111  233  10  26  43   63  56  174   55  38  36  20 148   1   275   1   0   0   1
buechler,jud      det SF 58  657   55  156  18  83   2    7  30   91   33  25  13  16  50   1   130   0   0   0   5
buford,rodney     mia SG 34  386   62  151   7  29  16   22  10   48   21  10   9   8  44   0   147   0   0   0   0
bullard,matt      hou PF 56 1024  139  340  79 177  25   30  13  138   63  19  36  13  85   0   382   1   0   0  27
burrell,scott     njn SF 74 1336  165  419  82 232  39   50  65  256   72  67  38  44 173   1   451   3   0   0   9
caffey,jason      gsw PF 71 2159  323  675   0   2 206  345 189  482  119  62 170  20 269  11   852   2   0   0  56
cage,michael      njn  C 20  242   12   24   0   0   3    3  33   81    9   8   4   8  30   0    27   2   0   0   7
camby,marcus      nyk  C 59 1548  226  471   1   2 148  221 174  461   49  43  72 116 204   5   601   5   0   0  11
campbell,elden    cha  C 78 2538  370  829   0   6 247  358 168  590  129  56 127 150 269   6   987   9   0   2  77
carr,antoine      van PF 21  221   28   64   0   0  11   14   8   32    7   3   9   6  42   0    67   2   0   1   0
carr,chris        chi SG 57 1166  196  496  32 101 107  125  41  173   84  30 117  15 113   0   531   1   0   0   2
carter,anthony    mia PG 79 1859  201  509   3  23  93  124  48  199  378  93 173   5 167   0   498   1   1   5  30
carter,vince      tor SF 82 3126  788 1696  95 236 436  551 150  476  322 110 178  92 263   2  2107   7   0   0  82
cassell,sam       mil PG 81 2899  545 1170  26  90 390  445  69  301  729 102 267   8 255   5  1506   8   0   0  81
cato,kelvin       hou  C 65 1581  216  402   0   4 135  208 102  389   26  33  71 124 175   1   567   5   1   0  32
causwell,duane    mia  C 25  185   20   37   0   0  26   38  11   47    2   2  10  16  42   0    66   1   0   1   2
ceballos,cedric   dal SF 69 2064  447 1002  44 134 209  248 172  462   90  56 125  24 165   3  1147   6   0   0  25
celestand,john    lal PG 16  185   15   45   2   9   5    6   1   11   20   7  16   0  22   0    37   0   0   0   0
chapman,rex       pho SG 53  957  124  320  41 123  59   78  10   80   62  22  38   1  70   0   348   3   1   0  19
cheaney,calbert   bos SF 67 1309  120  273  18  54   9   21  23  138   80  44  46  14 158   3   267   0   0   0  19
chilcutt,pete     cle PF 56  601   53  127   6  26   8    8  46  131   27  15  20  10  73   2   120   0   0   0   2
childs,chris      nyk PG 71 1675  146  357  37 104  47   59  17  147  285  36 105   4 240   3   376   7   1   0   2
christie,doug     tor SG 73 2264  311  764  99 275 182  216  63  285  321 102 144  43 167   1   903   3   0   0  73
clark,keon        den PF 81 1850  286  528   1   8 121  176 162  505   71  45 125 114 231   1   694   0   0   0  20
closs,keith       lac  C 57  820   96  197   0   3  46   78  65  179   25  13  34  73  80   0   238   1   0   0   6
coleman,derrick   cha PF 74 2347  446  979  51 141 296  377 124  632  175  34 173 130 195   2  1239   7   1   3  64
coles,bimbo       atl PG 80 1924  276  607   8  39  85  104  30  172  290  58 103  11 178   1   645   6   1   1  54
conlon,marty      lac  C  3    9    1    2   0   0   0    0   1    2    0   0   0   0   1   0     2   0   0   0   0
corbin,tyrone     sac SF 54  941   88  247  10  44  33   39  40  165   60  36  29   5  99   2   219   1   0   0   5
crawford,chris    atl PF 55  668   91  229   7  27  63   81  51   99   33  17  37  16  83   1   252   1   0   0  11
croshere,austin   ind PF 81 1885  288  653  63 174 196  231 135  516   89  44 121  60 203   2   835   0   0   0  14
crotty,john       det PG 69  937  106  251  33  80  80   93  17   75  128  27  54   5 104   0   325   0   0   0   0
cummings,terry    gsw PF 22  398   76  177   0   0  32   39  45  107   21  13  27   8  74   0   184   4   1   3   0
cummings,vonteeg  gsw PG 75 1793  265  655  49 151 127  169  57  184  247  91 132  13 174   4   706   1   1   2  11
curley,bill       gsw PF 28  309   29   68   0   1  18   25  18   50   14  13  21   4  61   2    76   1   0   0   0
curry,dell        tor SG 67 1095  194  454  95 242  24   32  11  100   89  32  40   9  66   0   507   0   0   0   9
curry,michael     det SG 82 1611  182  379   1   5 141  168  21  104   87  33  73   5 209   3   506   2   1   1   3
dampier,erick     gsw  C 21  495   70  173   0   0  27   51  48  134   19   8  29  15  75   1   167   1   0   0  12
daniels,antonio   san PG 68 1195  163  344  22  66  72  101  16   86  177  55  58   5  73   0   420   0   0   0   1
david,kornel      cle PF 32  474   67  157   0   3  45   56  26   81   17  17  33   3  56   0   179   0   0   0   5
davis,antonio     tor  C 79 2479  313  712   0   0 284  371 235  696  105  38 121 100 267   2   910   6   1   0  78
davis,baron       cha PG 82 1523  182  433  25 111  97  153  48  165  309  97 140  19 201   1   486   2   0   1   0
davis,ben         pho PF  5   22    2    6   0   0   0    0   3    9    2   1   3   1   2   0     4   0   0   0   0
davis,dale        ind PF 74 2127  302  602   0   0 139  203 256  729   64  52  91  94 203   1   743  10   1   2  72
davis,emanuel     sea SG 54  701   80  220  31 103  26   38  15  100   70  38  44   5  72   0   217   0   0   1   2
davis,hubert      dal SG 79 1817  217  464  82 167  67   77  17  134  141  24  70   3 109   0   583   0   0   0  15
davis,mark        gsw SF 23  464   56  137   0   2  31   47  31   84   38  25  40   4  52   0   143   2   1   0   7
davis,ricky       cha SG 48  570   94  187   0   4  39   51  29   83   62  30  46   8  39   0   227   1   0   0   4
day,todd          pho SG 58  941  130  330  64 165  72  108  31  129   65  44  50  22 127   1   396   1   1   0   1
declercq,andrew   cle  C 82 1831  225  443   0   0  94  160 156  439   58  63 108  66 275   6   544   1   0   0  31
delk,tony         sac PG 46  682  120  279   9  40  47   59  36   88   55  35  32   5  58   0   296   0   0   0   1
delnegro,vinnie   mil SG 67 1211  153  325   8  24  35   39   9  107  160  36  48   0  81   0   349   0   0   0   0
dial,derrick      san SG  8   95   17   46   3  12   3    5  14   26    5   1   6   1  10   0    40   0   0   0   0
dickerson,michae  van SG 82 3103  554 1270 119 291 269  324  78  279  208 116 165  45 226   0  1496   0   0   0  82
divac,vlade       sac  C 82 2374  384  764   7  26 230  333 174  656  244 103 190 103 251   2  1005  17   0   1  81
doleac,michael    orl  C 81 1335  242  535   1   2  80   95  89  334   63  29  65  34 224   3   565   0   0   0  29
douglas,sherman   njn PG 20  309   45   90   5  16  25   28  13   29   34  17  24   0  26   0   120   1   0   0   2
drew,bryce        hou PG 72 1293  158  413  59 163  45   53  23  103  162  41  66   1  79   0   420   0   0   0   5
dudley,chris      nyk  C 47  459   23   67   0   0   9   27  63  136    5   7  18  21  95   2    55   0   0   1   3
duncan,tim        san PF 74 2875  628 1281   1  11 459  603 262  918  234  66 242 165 210   1  1716   0   0   0  74
eisley,howard     uta PG 82 2096  282  675  60 163  84  102  23  170  347  59 132   9 223   2   708   3   0   0   5
ekezie,obinna     van  C 39  351   41   88   0   0  43   64  34   92    8   9  26   4  61   0   125   0   0   0   0
elie,mario        san SG 79 2217  195  457  74 186 126  149  48  249  193  73 130   9 156   0   590   8   1   0  79
elliott,sean      san SF 19  391   38  106  13  37  25   32   6   47   28  12  19   2  34   0   114   0   0   0  19
ellis,dale        cha SG 42  564   66  159  37 100   9   13  13   56   14  13  20   0  45   0   178   0   0   0   5
ellis,laphonso    atl SF 58 1309  209  464   3  21  66   95  98  290   59  32  52  25 133   1   487   2   0   1   8
ellison,pervis    bos  C 30  269   19   43   0   0  15   21  29   67   13  10  13   8  67   1    53   1   0   0   5
eschmeyer,evan    njn PF 31  373   38   72   0   0  15   30  40  108   21   8  21  21  84   2    91   0   0   0   5
ewing,patrick     nyk  C 62 2035  361  775   0   2 207  283 140  604   58  36 142  84 196   1   929   4   0   0  62
farmer,tony       gsw PF 74 1199  127  312   8  44 203  265 118  295   74  66  82  16 167   1   465   3   0   1   9
feick,jamie       njn PF 81 2241  181  423   3   3  94  133 264  755   68  43  59  38 206   2   459   1   0   0  17
ferry,danny       cle PF 63 1326  189  380  33  75  52   57  55  238   67  22  55  24 181   1   463   4   0   2   3
finley,michael    dal SG 82 3464  748 1636  99 247 260  317 122  518  438 109 196  32 171   1  1855   1   0   0  82
fisher,derek      lal PG 78 1803  167  483  52 166 105  145  22  143  216  80  75   3 150   1   491   1   0   0  22
fortson,danny     bos PF 55  856  140  265   0   0 139  189 141  366   29  20  67   5 180   4   419   4   0   2   5
foster,greg       sea  C 60  718   91  224   3  15  18   28  16  107   41  10  28  18 105   0   203   1   0   0   5
foster,jeff       ind  C 19   86   13   23   0   1  17   25  12   32    5   5   2   1  18   0    43   0   0   0   0
fox,rick          lal SF 82 1473  206  498  59 181  63   78  63  198  138  52  87  26 203   1   534   4   1   1   1
foyle,adonal      gsw  C 76 1654  193  380   0   0  34   90 174  424   42  26  71 136 218   2   420   0   0   1  59
francis,steve     hou PG 77 2776  497 1117 107 310 287  365 152  409  507 118 306  29 231   2  1388  14   3   4  77
fuller,todd       cha  C 41  399   51  122   0   0  32   53  36  110    5   9  27   8  46   0   134   0   0   0   2
funderburke,lawr  sac PF 75 1026  184  352   0   2 115  163  98  234   33  32  40  20  91   0   483   3   0   0   1
garnett,kevin     min PF 81 3243  759 1526  30  81 309  404 223  956  401 120 268 126 205   1  1857   7   0   0  81
garrett,dean      min  C 56  604   48  108   0   0  18   26  41  140   19   8  21  40  94   1   114   0   0   0  23
garris,kiwane     orl PG  3   23    2   10   0   1   0    0   0    1    2   0   1   0   0   0     4   0   0   0   0
garrity,pat       orl SF 82 1479  258  585  79 197  80  111  44  210   58  31  85  19 197   1   675   1   0   1   1
gatling,chris     den PF 85 1811  365  802  18  70 266  373 154  502   71  82 169  23 246   2  1014  11   1   1   0
geiger,matt       phi  C 65 1406  260  589   0   4 109  140 154  387   39  29  91  22 194   1   629   4   0   1  20
george,devean     lal SF 49  345   56  144  16  47  27   41  29   75   12  10  21   4  54   0   155   0   0   0   1
gill,kendall      njn SG 76 2355  396  956  20  78 181  255  82  283  210 139  89  41 211   3   993   3   1   0  75
gilliam,armon     uta PF 50  782  133  305   0   1  67   86  72  209   42  12  55  16  83   0   333   2   0   1   0
glover,dion       atl SG 30  446   66  171  12  45  51   70  15   38   27  15  28   4  28   0   195   0   0   0   1
grant,brian       por PF 63 1322  173  352   1   2 112  166 121  344   64  32  84  28 166   2   459   3   0   0  14
grant,gary        por PG  3   24    6   14   0   0   0    0   0    3    1   1   2   0   3   0    12   0   0   0   0
grant,horace      sea PF 76 2688  266  599   0   4  80  111 167  591  188  55  61  60 192   0   612   0   0   0  76
gray,devin        hou SG 21  124   15   37   0   0  19   29  11   25    5   5   4   3  22   0    49   0   0   0   2
green,a.c.        lal PF 82 1929  173  387   1   4  66   95 160  486   80  53  53  18 127   0   413   0   0   0  82
griffin,adrian    bos SF 72 1927  175  413  16  57 119  158 128  372  177 116  93  15 222   3   485   0   0   1  47
gugliotta,tom     pho PF 54 1767  310  645   1   8 117  151 141  425  124  80 106  31 152   2   738   8   0   1  54
ham,darvin        mil SF 35  792   71  128   0   1  35   78  85  172   42  29  29  29 102   1   177   2   0   0  21
hamilton,richard  was SG 71 1373  254  605  28  77 103  133  38  129  108  28  84   6 142   2   639   0   0   0  12
hamilton,thomas   hou  C 22  273   35   79   0   0  12   23  31   90   15   4  28  14  25   0    82   0   0   0   7
hammonds,tom      min PF 56  372   42   97   0   0  33   56  34  101   10   8  21   3  55   0   117   1   0   0   0
hardaway,anferne  pho SG 60 2253  378  798  33 102 226  286  91  347  315  94 153  38 164   1  1015   4   0   0  60
hardaway,tim      mia PG 52 1672  246  638  94 256 110  133  25  150  385  49 119   4 112   0   696   5   0   2  52
harper,ron        lal SG 80 2042  212  531  33 106 100  147  96  337  270  85 132  39 164   0   557   3   0   2  78
harpring,matt     orl SF  4   63    4   17   2   2   6    7   5   12    8   5   1   1   7   0    16   0   0   0   0
harrington,al     ind PF 50  854  121  264   8  34  78  111  47  159   38  25  65   9 130   0   328   2   0   0   0
harrington,othel  van PF 82 2677  420  830   0   2 236  298 196  563   97  36 217  58 287   3  1076  13   1   1  82
harris,lucious    njn SG 77 1510  198  463  38 115  79   99  53  187  100  65  42   6  98   0   513   0   0   0  11
harvey,antonio    por PF 19  137   17   30   0   0   7   12   8   33    5   1  12   6  20   0    41   1   0   0   0
hawkins,hersey    chi SG 61 1622  159  375  55 141 107  119  31  175  134  74 100  15 146   1   480   1   0   0  49
hawkins,michael   cha PG 12   36    3   13   1   5   1    2   0    7   13   0   3   0   2   0     8   0   0   0   0
henderson,alan    atl PF 82 2775  429  930   1  10 224  334 265  571   77  81 139  54 233   3  1083   7   1   0  82
henderson,cedric  cle SF 61 1107  129  326   1  15  69  104  34  140   55  39  68  17  99   0   328   0   0   1   7
hendrickson,mark  njn PF 15   71    5    8   0   0   3    4   3   13    6   2   3   1   8   0    13   0   0   0   0
herren,chris      den PG 45  597   45  124  24  67  27   40  12   52  111  15  42   2  74   0   141   0   0   1   1
hill,grant        det SF 74 2776  696 1422  34  98 480  604  97  490  385 103 240  43 190   0  1906   2   0   0  74
hill,tyrone       phi PF 68 2155  318  656   0   1 179  259 220  625   52  64 124  27 243   3   815   8   1   0  65
hoiberg,fred      chi SG 31  845   89  230  32  94  69   76   7  110   85  40  43   2  66   0   279   0   0   0  11
hood,derek        cha SF  2    4    0    3   0   0   0    0   0    1    0   0   0   0   0   0     0   0   0   0   0
hornacek,jeff     uta SG 77 2133  358  728  66 138 171  180  49  182  202  66 113  16 149   1   953   2   0   0  77
horry,robert      lal PF 76 1685  159  363  29  94  89  113 133  361  118  84  73  80 189   0   436   5   0   0   0
houston,allan     nyk SG 82 3169  614 1271 106 243 280  334  38  271  224  65 186  14 219   1  1614   1   0   0  82
howard,juwan      was PF 82 2909  509 1108   0   7 202  275 132  470  247  67 225  21 299   2  1220   4   0   5  82
hudson,troy       lac PG 62 1592  204  541  60 193  77   95  28  148  242  43 108   0  65   0   545   0   0   0  38
hughes,larry      gsw SG 82 2324  459 1147  29 125 279  377 113  349  205 115 195  28 191   2  1226   6   0   0  37
hughes,rick       dal PF 21  224   35   72   0   1  12   26  24   49    9   3  14   1  30   0    82   0   0   0   0
hunter,lindsey    det PG 82 2919  379  892 168 389 117  154  35  250  327 129 145  22 216   2  1043   1   0   0  82
iverson,allen     phi PG 70 2853  729 1733  89 261 442  620  71  267  328 144 230   5 162   1  1989  12   0   0  70
jackson,bobby     min PG 73 1034  140  346  13  46  76   98  50  153  172  48  58   7 114   0   369   1   0   0  10
jackson,jaren     san SG 81 1691  186  488 108 306  33   51  34  181  118  54  66   7 157   1   513   1   0   0  12
jackson,jermane   det PG  7   73    1   11   0   1   5    8   1   11    4   3   7   0   7   0     7   0   0   0   0
jackson,jimmy     atl SG 79 2767  507 1235 117 303 186  212 101  394  230  57 185  10 167   0  1317   5   0   0  76
jackson,mark      ind PG 81 2190  246  570  89 221  79   98  63  296  650  76 174  10 111   0   660   1   0   0  81
jackson,randall   dal SF  1    1    0    0   0   0   0    0   0    0    0   0   0   0   0   0     0   0   0   0   0
jacobson,sam      gsw SG 52  681  108  212   9  24  30   41  25   71   32  30  33   3 113   3   255   0   0   0   5
james,tim         mia SF  4   23    5   14   0   0   1    3   3    4    2   0   2   3   1   0    11   0   0   0   0
jamison,antawn    gsw SF 43 1556  356  756   2   7 127  208 172  359   90  30 113  15 115   0   841   1   0   0  41
jamison,harold    mia SF 12   74    7   20   0   0   4   18  16   21    4   2   4   1  17   0    18   0   0   1   0
johnson,anthony   orl PG 55  636   62  164   2  11  28   39  21   51   72  33  32   4  58   0   154   0   0   0   6
johnson,avery     san PG 82 2571  402  850   1   9 114  155  33  158  491  76 140  18 150   0   919   0   0   0  82
johnson,demarco   nyk PF  5   37    3    9   0   0   0    0   3    7    0   1   3   0   5   0     6   0   0   0   0
johnson,ervin     mil  C 80 2129  144  279   0   1  95  157 233  648   44  81  80 127 298   6   383   5   0   0  74
johnson,kevin     pho PG  6  113   16   28   1   1   7    7   0   16   24   2   7   0   6   0    40   0   0   0   0
johnson,larry     nyk PF 70 2281  282  652  58 174 128  167  87  380  175  42  94   7 205   1   750   3   0   1  68
jones,charles     lac PG 56  662   66  201  39 118  17   23  17   62   94  30  28   5  46   0   188   0   0   0   0
jones,damon       dal PG 55  612   80  208  41 114  32   48  12   55   96  18  40   1  34   0   233   0   0   0   1
jones,eddie       cha SG 72 2807  478 1119 128 341 362  419  81  343  305 192 160  49 176   1  1446   0   0   0  72
jones,jumaine     phi SF 33  138   22   58   2   4  11   18  16   38    5   6  14   5  10   0    57   0   0   0   0
jones,popeye      den PF 40  330   44  104   2   3  14   19  41  103   19   3  13   6  50   1   104   0   0   0   1
jordan,reggie     was SG 36  243   17   53   0   1   7   13  16   41   32  12  19   2  29   0    41   0   0   0   0
keefe,adam        uta PF 62  604   53  130   0   1  29   36  45  136   34  17  46  13  90   0   135   0   0   0   3
kemp,shawn        cle PF 82 2492  484 1160   2   6 493  635 231  725  138 100 291  96 371  13  1463  15   4   0  82
kerr,steve        san PG 32  268   32   74  16  31   9   11   3   19   12   4   7   0  14   0    89   0   0   0   0
kersey,jerome     san SF 72 1310  146  354   0   9  29   41  58  225   69  67  51  47 161   0   321  10   0   1  18
ketner,lari       cle PF 22  132   13   32   0   0   8   12  12   34    1   4  10   3  20   1    34   0   0   0   0
kidd,jason        pho PG 67 2616  350  855  56 166 203  245  96  483  678 134 226  28 148   2   959   1   0   0  67
king,gerard       was PF 62 1060  139  277   0   0  49   66  84  250   49  34  41  15 132   1   327   0   0   0  28
kittles,kerry     njn SG 62 1896  305  698  96 240 101  127  46  225  142  79  56  19 120   0   807   0   0   0  61
kleine,joe        por  C  7   31    4   11   0   0   3    3   0    6    2   1   2   0   7   0    11   0   0   0   0
knight,brevin     cle PG 65 1754  230  558   2  10 140  184  38  193  458 107 157  21 185   2   602   7   0   0  46
knight,travis     lal  C 63  410   46  118   0   0  17   28  46  129   23   6  26  23  88   1   109   0   0   0   0
kukoc,toni        phi SF 56 1784  297  728  44 168 192  265  75  273  265  77 146  28 112   0   830   2   0   0  31
laettner,christi  det PF 82 2443  379  801   7  24 237  292 175  553  186  83 186  45 326  10  1002   5   0   0  82
lafrentz,raef     den  C 81 2435  392  879  60 183 162  236 170  641   97  42  96 180 292   6  1006   0   0   1  80
lang,andrew       nyk  C 19  244   28   64   0   0   3    7  16   60    3   8   5   6  31   0    59   0   0   1  10
lang,antonio      phi SF 10   38    1    6   0   0   4    5   0    5    2   4   2   1   8   0     6   0   0   0   0
langdon,trajan    cle SG 10  145   15   40   8  19  11   11   4   15   11   5   6   0  16   0    49   0   0   0   0
larue,rusty       chi SG  4  129   15   43   2  14   5    7   1   10   11   7   7   0   9   0    37   0   0   0   1
legler,tim        gsw SG 23  284   28   78   7  21  14   18   4   23   24   4   6   1  33   0    77   0   0   0   4
lenard,voshon     mia SG 53 1434  228  560  89 228  84  106  37  153  136  41  80  15 127   2   629   1   0   0  13
lewis,quincy      uta SG 74  896  111  298  23  63  38   52  46  113   40  24  46  15 158   0   283   0   0   0   0
lewis,rashard     sea SF 82 1575  275  566  40 120  84  123 127  336   70  62  78  36 163   0   674   0   0   1   8
livingston,randy  pho PG 79 1081  155  373  19  55  52   62  25  130  170  49  92  13 129   1   381   0   0   0  15
long,grant        van PF 42  920   74  167   0   4  55   71  86  234   43  45  49  10 108   1   203   1   0   0   1
longley,luc       pho  C 72 1417  186  399   0   0  80   97 100  323   77  22 136  42 221   1   452   1   0   0  68
lopez,felipe      van SG 65  781  111  261   3  18  67  109  59  124   44  32  53  17  94   0   292   0   0   0   0
lue,tyronn        lal PG  8  146   19   39   4   8   6    8   2   12   17   3   9   0  17   0    48   0   0   0   0
lynch,george      phi SF 75 2416  297  644  15  36 113  183 216  582  136 119 120  38 231   2   722   2   0   0  75
macculloch,todd   phi  C 56  528   89  161   0   0  28   54  48  146   13  11  26  37  94   0   206   0   0   0   6
mack,sam          gsw SG 23  333   37  122  21  64  19   20   7   39   24  18  19   1  45   0   114   0   0   0   5
maclean,don       pho SF 16  143   18   49   2   6   4    6   6   23    8   2   8   1  24   0    42   0   0   0   0
maggette,corey    orl SF 77 1370  224  469   2  11 196  261 123  303   61  24 138  26 169   1   646   0   0   0   5
majerle,dan       mia SG 69 2308  170  422 110 304  56   69  27  333  206  89  62  17 156   1   506   0   0   0  69
malone,karl       uta PF 82 2947  752 1476   2   8 589  739 169  779  304  79 231  71 229   1  2095  17   0   0  82
maloney,matt      chi PG 51 1175  114  318  62 174  37   45  10   64  138  32  63   3  42   0   327   0   0   0  12
manning,danny     mil SF 72 1217  149  339   1   4  34   52  50  208   73  62  55  29 183   2   333   2   0   0   0
marbury,stephon   njn PG 74 2881  569 1317  66 233 436  536  61  240  622 112 270  15 195   4  1640   4   0   0  74
marion,shawn      pho SF 51 1260  222  471   4  22  72   85 105  332   69  38  51  53 113   0   520   0   0   0  38
marks,sean        tor PF  5   12    2    6   0   1   4    4   0    2    0   1   3   1   3   0     8   0   0   0   0
marshall,donny    cle SF  6   39    3   11   0   3   5    6   0    1    0   2   3   0   7   0    11   0   0   0   0
marshall,donyell  gsw SF 64 2071  331  840  49 138 199  255 189  637  167  68 123  68 180   1   910   6   1   1  51
martin,darrick    sac PG 71  893  133  350  38 124  98  119   7   44  122  28  62   2  89   0   402   4   1   0   1
mashburn,jamal    mia SF 76 2828  515 1158 112 278 186  239  64  381  298  79 180  14 215   3  1328   3   0   1  76
mason,anthony     cha PF 82 3133  317  661   0   1 314  421 145  699  367  74 160  29 220   0   948  15   1   0  81
massenburg,tony   hou PF 10  109   16   36   0   0  14   16   7   27    3   2   9   5  13   0    46   0   0   0   0
maxwell,vernon    sea SG 47  989  169  490  67 223 108  148  15   79   75  38  53   9  83   0   513   4   0   1   0
mccarty,walter    bos SF 61  879   78  230  34 110  39   54  33  110   70  24  67  23  83   1   229   1   0   0   5
mccloud,george    den SF 78 2118  266  638 107 283 148  181  72  285  246  48 134  26 180   2   787   1   0   0  11
mccoy,jelani      sea  C 58  746  102  177   0   0  45   91  54  179   24  15  45  46 127   0   249   2   0   0   2
mcdyess,antonio   den PF 81 2698  614 1211   0   2 323  516 234  685  159  69 230 139 316  12  1551   5   0   0  81
mcgrady,tracy     tor SF 79 2462  459 1018  18  65 277  392 188  501  263  90 160 151 201   2  1213   5   0   1  34
mcilvaine,jim     njn  C 66 1048   64  154   0   0  29   56 106  230   36  26  38 117 205   2   157   0   0   0  53
mcinnis,jeff      lac PG 25  597   80  186   7  21  13   17  18   72   89  15  27   2  55   0   180   0   0   0  10
mckey,derrick     ind SF 32  634   43  108  10  23  43   56  29  135   35  29  19  13  81   0   139   1   0   2   0
mckie,aaron       phi SG 82 1952  244  593  44 121 121  146  47  246  240 108 113  18 194   3   653   1   0   0  14
mcleod,roshown    atl SF 44  860  131  332   2  13  54   70  41  138   52  16  59   5  84   0   318   0   0   0  20
mercer,ron        orl SG 68 2377  460 1080  15  48 213  270  64  250  158  75 151  23 151   2  1148   1   0   0  68
miller,andre      cle PG 82 2093  339  755  10  49 226  292  85  280  476  84 166  17 194   1   914   1   0   1  36
miller,anthony    hou PF 35  476   52   97   0   0  26   51  49  164   16  11  19  10  68   1   130   0   0   0  14
miller,brad       cha  C 55  961  135  293   0   2 153  195 113  293   45  23  48  35 111   1   423   2   0   0   4
miller,oliver     pho  C 51 1088  137  233   0   0  49   73  87  261   68  42  74  80 132   1   323   4   1   0   9
miller,reggie     ind SG 81 2987  466 1041 165 404 373  406  50  239  187  85 129  25 126   0  1470  10   2   0  81
mills,chris       gsw SF 20  649  123  292   8  30  68   84  46  123   47  18  25   4  60   0   322   5   1   2  11
mills,terry       det  C 82 1842  214  488  95 242  25   34  50  390   85  38  46  24 242   4   548   1   0   0  78
miskiri,jason     cha PG  1    3    0    1   0   1   0    0   0    0    1   0   0   0   2   0     0   0   0   0   0
mitchell,sam      min SF 66 1227  168  376  10  23  81   92  28  138  111  27  44  14 116   0   427   3   1   0  24
mobley,cuttino    hou SG 81 2496  437 1016 104 292 299  353  59  288  208  87 186  32 171   0  1277   4   0   0   8
mohammed,nazr     phi  C 28  190   21   54   0   0  12   22  16   50    2   4  18  12  29   0    54   0   0   0   3
montross,eric     det  C 51  332   17   55   0   0   6   12  18   72    7   6  22   9  81   0    40   1   1   0   0
moore,mikki       det  C 29  488   87  140   0   0  54   68  44  112   17   9  23  31 104   5   228   1   0   1   0
mourning,alonzo   mia  C 79 2748  652 1184   0   4 414  582 215  753  123  40 217 294 308   8  1718   4   0   1  78
mullin,chris      ind SF 47  582   80  187  45 110  37   41  14   76   37  28  28   9  60   0   242   0   0   0   2
murdock,eric      lac PG 40  693   79  205  16  42  51   80  15   77  108  47  58   5  67   0   225   0   0   0  15
muresan,gheorghe  njn  C 30  267   41   90   0   0  23   38  24   68    9   0  16  12  52   0   105   1   0   0   2
murray,lamond     cle SF 74 2365  460 1019  51 139 204  268 127  423  132 105 184  36 208   2  1175   3   0   1  72
murray,tracy      was SF 80 1831  290  670 113 263 120  141  63  271   72  45  84  24 185   2   813   0   0   0   8
mutombo,dikembe   atl  C 82 2984  322  573   0   0 298  421 304 1157  105  27 174 269 248   3   942   5   0   1  82
nash,steve        dal PG 56 1532  173  363  60 149  75   85  34  121  272  37 102   3 122   1   481   1   1   0  27
nesby,tyrone      lac SG 73 2317  364  915  94 281 151  191  82  275  121  75 102  31 205   5   973  12   2   0  39
nesterovic,rados  min  C 82 1723  206  433   0   2  59  103 135  379   93  21  71  85 262   9   471   0   0   0  55
newman,johnny     njn SF 82 1763  278  623  72 190 192  229  39  154   65  53  89  11 207   0   820   3   0   0   9
norris,moochie    hou PG 30  502   69  159  12  29  57   73  16   68   94  23  30   1  32   0   207   0   0   0   0
nowitzki,dirk     dal PF 82 2938  515 1118 116 306 289  348 102  532  203  63 141  68 256   4  1435   3   0   0  81
o'neal,jermaine   por PF 70  859  108  222   0   1  57   98  97  229   18  11  47  55 127   1   273   0   0   2   8
o'neal,shaquille  lal  C 79 3163  956 1665   0   1 432  824 336 1078  299  36 223 239 255   2  2344  10   2   1  79
oakley,charles    tor PF 80 2431  234  560  14  41  66   85 117  540  253 102 154  45 294   5   548  11   1   6  80
odom,lamar        lac SF 76 2767  449 1024  59 164 302  420 159  595  317  91 258  95 291  13  1259   9   1   1  70
olajuwon,hakeem   hou  C 44 1049  193  421   0   2  69  112  65  274   61  41  73  70  88   0   455   0   0   0  28
ollie,kevin       phi SG 40  290   22   49   0   0  28   37   4   31   46  10  10   0  27   0    72   0   0   1   0
olowokandi,mich   lac  C 80 2493  330  756   0   0 123  189 194  656   38  35 177 140 304  10   783   7   1   0  77
ostertag,greg     uta  C 81 1606  124  267   0   1 119  187 172  482   18  20  79 172 196   2   367   5   1   0   3
outlaw,charles    orl SF 82 2336  206  343   0   3  79  159 204  540  245 114 129 148 201   0   491   3   0   0  55
overton,doug      bos PG 48  432   61  154  10  28  20   21  14   33   53  10  20   0  46   0   152   0   0   0   0
owens,billy       gsw SF 62 1305  150  358  11  34  63  106  99  301   97  33  85  21 166   1   374   0   0   0  11
pack,robert       dal PG 29  665   96  230   4  11  63   78   7   42  168  31  76   3  44   0   259   2   0   0  22
padgett,scott     uta SF 47  432   44  140  13  44  19   27  24   88   25  14  22   8  55   1   120   0   0   0   9
palacio,milt      van PG 53  394   43   98   0   2  22   37  17   51   48  20  44   0  32   0   108   0   0   0   0
parker,anthony    orl SG 17  186   24   57   1  14   8   11   5   27   10   8  11   4  13   0    57   0   0   0   0
parks,cherokee    van PF 56  808   72  145   0   1  24   37  55  183   35  29  28  45 115   2   168   3   0   0  14
patterson,andrae  min PF  5   20    3    4   0   0   0    0   1    2    1   1   1   0   4   0     6   0   0   0   0
patterson,ruben   sea SF 81 2097  354  661  12  27 222  321 218  434  126  94 144  40 190   0   942   2   0   0  74
payton,gary       sea PG 82 3425  747 1666 177 520 311  423 100  529  732 153 224  18 178   0  1982  16   2   0  82
peeler,anthony    min SG 82 2073  316  725  85 255  87  109  58  232  195  62  85  10 171   1   804   2   0   0  22
perdue,will       chi  C 67 1012   59  168   0   0  50  105  88  262   65  14  78  42 126   1   168   5   0   2  15
perkins,sam       ind  C 81 1620  184  441  89 218  80   97  64  289   68  31  63  33 136   0   537   1   0   1   0
perry,elliot      njn PG 60  803  128  294  11  39  50   62  13   61  139  39  60   1  47   0   317   0   0   0   5
person,chuck      sea SF 37  340   37  123  24  95   4    8   6   53   22   5  12   2  56   1   102   0   0   1   0
person,wesley     cle SG 79 2056  280  654 106 250  61   77  44  267  146  40  60  19 119   1   727   1   0   1  38
phills,bobby      cha SG 28  825  152  335  30  91  47   65  17   71   79  41  48   8  72   2   381   0   0   0   9
piatkowski,eric   lac SG 75 1712  238  573  93 243  85  100  74  222   81  44  57  13 140   0   654   1   0   0  23
pierce,paul       bos SG 73 2583  486 1099  96 280 359  450  83  396  221 152 178  62 237   5  1427   2   0   0  72
pippen,scottie    por SF 82 2749  388  860  86 263 160  223 114  513  406 117 208  41 208   0  1022   6   0   0  82
pollard,scot      sac  C 76 1336  149  283   0   0 114  159 168  404   43  55  50  59 213   3   412   0   0   0   5
polynice,olden    uta  C 82 1819  203  398   1   2  28   90 166  453   37  30  70  84 260   1   435   3   0   2  79
porter,terry      san PG 68 1613  207  463  90 207 137  170  24  191  221  50 100   9  79   0   641   1   0   0   8
posey,james       den SF 81 2052  230  536  82 220 120  150  85  317  146  98  95  33 207   1   662   1   0   2  77
potapenko,vitaly  bos  C 79 1797  307  615   0   1 109  160 182  499   77  41 145  29 239   4   723   9   1   2  72
price,brent       van PG 41  424   41  119  25  68  34   39   8   37   69  17  47   1  63   0   141   0   0   0   0
profit,laron      was SG 33  225   21   59   3  17   4   10   2   26   25   7  19   4  26   0    49   0   0   0   1
radojevic,alex    tor  C  3   24    2    7   0   0   3    6   2    8    1   2   5   1   5   0     7   0   0   0   0
ratliff,theo      phi  C 57 1795  247  491   0   0 182  236 140  435   36  32 108 171 185   3   676   2   0   0  56
recasner,eldridg  cha SG  7   28    3    7   1   4   0    0   0    4    5   0   0   0   1   0     7   0   0   0   0
reeves,bryant     van  C 69 1773  252  562   0   4 107  165 126  390   82  33 119  38 245   8   611   2   0   0  67
reeves,khalid     chi PG  3   48    3   12   0   3   5    5   2    4   13   2   6   0   8   0    11   0   0   0   0
reid,don          was  C 38  498   60  112   0   0  24   34  31  102   11  24  23  31 118   5   144   0   0   0   3
reid,j.r.         mil PF 34  602   53  127   1   7  43   56  29  117   18  19  20   5  81   2   150   3   1   0   7
rhodes,rodrick    dal SG  1    8    0    3   0   0   0    0   1    1    0   2   2   0   0   0     0   0   0   0   0
rice,glen         lal SF 80 2530  421  980  84 229 346  396  56  327  176  47 114  12 179   0  1272   0   0   1  80
richmond,mitch    was SG 74 2397  447 1049  93 241 298  340  37  213  185 110 154  13 191   2  1285   5   1   0  69
rider,isaiah      atl SG 60 2084  449 1072  56 180 204  260  63  258  219  41 168   6 132   3  1158   1   0   0  47
roberts,stanley   phi  C  5   51    5   16   0   1   0    3   6   15    3   1   2   1  15   0    10   0   0   0   1
robertson,ryan    sac SG  1   25    2    6   0   2   1    1   0    0    0   0   0   0   0   0     5   0   0   0   0
robinson,cliff    pho PF 80 2839  530 1142 120 324 298  381 105  359  224  90 166  61 239   3  1478   2   0   0  67
robinson,david    san  C 80 2557  528 1031   0   2 371  511 193  770  142  97 164 183 247   1  1427   4   1   0  80
robinson,eddie    cha SF 67 1112  212  386   0   4  47   64  54  184   32  48  39  25  67   0   471   0   0   0   8
robinson,glenn    mil SF 81 2909  690 1461  86 237 227  283 107  485  193  78 223  41 212   4  1693   3   1   1  81
rodman,dennis     dal PF 12  389   12   31   0   1  10   14  48  171   14   2  19   1  41   2    34   7   3   0  12
rogers,carlos     hou PF 53 1101  170  324   1  14  81  137  98  275   42  14  63  34  77   0   422   6   1   2  15
rogers,rodney     pho SF 82 2286  428  881 115 262 159  249 138  447  170  94 163  47 290   5  1130   6   0   0   7
rogers,roy        den  C 40  355   35   88   0   1  19   41  33   80    9   2  10  38  36   0    89   0   0   0   0
rooks,sean        dal  C 71 1001  122  283   0   0  65   89  82  248   68  29  70  52 169   0   309   3   1   0  13
rose,jalen        ind SF 80 2978  563 1196  77 196 254  307  42  387  320  84 188  49 234   1  1457   4   1   1  80
rose,malik        san PF 74 1341  176  385   1   3 143  198 133  335   47  35  99  52 232   2   496   2   1   0   3
ruffin,michael    chi PF 71  975   58  138   0   0  43   88 117  250   44  26  59  26 170   1   159   0   0   0   6
russell,bryon     uta SF 82 2900  408  914 106 268 237  316  99  427  158 128 101  23 255   3  1159   2   1   0  70
sabonis,arvydas   por  C 66 1688  302  598   7  19 167  198  97  513  118  43  97  78 184   3   778   2   0   0  61
salley,john       lal PF 45  303   25   69   0   0  21   28  20   65   26   8  18  14  67   1    71   1   0   0   3
schrempf,detlef   por SF 77 1662  187  433  21  52 179  215  79  332  197  37 100  17 182   0   574   3   0   1   6
scott,dennis      van SF 66 1263  125  333  71 189  48   57  16  106   69  28  30   9 104   0   369   0   0   0   0
sealy,malik       min SG 82 2392  371  780  10  35 177  218 119  352  197  76 110  19 197   1   929   3   0   0  61
shaw,brian        lal PG 74 1249  123  322  18  58  41   54  45  216  201  35  75  14 105   0   305   0   0   0   2
simpkins,dickey   chi PF 69 1651  111  274   0   1  65  120 124  372  100  22 128  22 217   4   287   4   1   3  48
skinner,brian     lac PF 33  775   68  134   0   0  43   65  63  201   11  16  37  44  75   0   179   0   0   0   9
smith,joe         min PF 78 1975  289  623   1   1 195  258 186  484   88  45 119  85 302   9   774   3   0   1   9
smith,michael     was PF 46 1145  108  192   0   1  73  101 121  331   56  27  45  23 127   0   289   3   0   1  46
smith,steve       por SG 82 2689  420  900  96 241 289  340 123  313  209  71 117  31 214   0  1225   3   0   1  81
smits,rik         ind  C 79 1852  431  890   0   1 156  211  94  401   85  20 108 100 249   1  1018   2   0   1  79
snow,eric         phi PG 82 2866  257  597  11  45 126  177  42  261  624 140 162   8 243   2   651   2   0   0  80
spencer,felton    san  C 26  149   15   33   0   0  20   30  15   39    3   6   9   8  32   0    50   0   0   0   0
sprewell,latrell  nyk SF 82 3276  568 1305  44 127 344  397  49  349  332 109 226  22 184   0  1524   2   0   0  82
stack,ryan        cle PF 25  198   17   51   0   1  18   27  15   45    5   4  17  11  47   3    52   0   0   0   0
stackhouse,jerry  det SG 82 3148  619 1447  83 288 618  758 118  315  365 103 311  36 188   1  1939  10   2   2  82
starks,john       chi SG 37 1190  203  542  59 171  50   59  10  101  181  42  67   4 102   1   515   2   0   1  30
stepania,vladimi  sea  C 30  202   29   79   0   6  17   36  21   47    3  10  22  11  44   0    75   0   0   0   1
stephens,joe      van PF 13  181   19   51   0   8   3    4  13   36   11   7   6   3   9   0    41   0   0   0   0
stewart,michael   tor  C 42  389   20   53   0   0  18   32  33   94    6   5  17  19  81   3    58   1   0   0   1
stith,bryant      den SG 45  691   86  189  17  56  64   77  23   84   61  18  33  12  56   0   253   0   0   0   6
stockton,john     uta PG 82 2432  363  725  43 121 221  257  45  215  703 143 179  15 192   0   990   2   0   0  82
stojakovic,predr  sac SG 74 1749  321  717 100 267 135  153  74  276  106  52  88   7  97   0   877   0   0   0  11
stoudamire,damon  por PG 78 2372  386  894  80 212 122  145  61  243  405  77 149   1 173   0   974   1   0   0  78
strickland,erick  dal SG 68 2025  316  730  73 186 162  195  69  323  211 105 102  13 190   3   867   4   0   0  67
strickland,mark   mia PF 58  663  122  224   0   0  40   56  44  140   22  15  24  18  68   0   284   2   0   0   5
strickland,rod    was PG 69 2188  327  762   1  21 214  305  73  259  519  94 187  18 147   1   869   6   1   0  67
strong,derek      orl PF 20  148   21   48   1   4  11   14  11   44    4   5  12   2  15   0    54   0   0   0   0
sundov,bruno      dal  C 14   61   12   31   0   0   2    2   5   12    2   2   4   2  16   0    26   0   0   0   0
sura,bob          cle SG 73 2216  356  815 122 332 175  251  50  288  284  91 148  19 201   0  1009   5   0   1  45
szczerbiak,wally  min SF 73 2171  342  669  28  78 133  161  89  272  201  58  83  23 175   3   845   0   0   0  53
tabak,zan         ind  C 18  114   16   34   0   0   5    8  16   32    4   3  11   9  13   0    37   0   0   0   0
taylor,johnny     orl SF  6   34    5   14   1   1   0    0   2    6    1   1   2   1   5   0    11   0   0   0   0
taylor,maurice    lac PF 62 2227  458  988   1   8 143  201  96  400  101  51 169  48 217   4  1060   1   0   0  60
terry,jason       atl PG 81 1888  249  600  46 157 113  140  24  166  346  90 156  10 133   0   657   0   0   0  27
thomas,jamel      gsw SF  7   46    8   18   0   3   1    1   1    5    6   1   5   0   2   0    17   0   0   0   0
thomas,john       tor PF 55  477   49  107   0   1  16   41  37   75    9  12  14  14 106   1   114   0   0   1   6
thomas,kenny      hou SF 72 1797  212  531  32 122 138  209 147  437  113  54 112  22 167   0   594   5   1   0  29
thomas,kurt       nyk PF 80 1971  270  535   1   3 100  128 144  505   82  51 105  42 278   6   641   7   2   1  21
thomas,tim        mil SF 80 2093  347  753  63 182 188  243 100  332  113  59 129  31 227   3   945   6   1   1   1
thorpe,otis       mia PF 51  777  125  243   0   3  29   48  56  166   33  26  59   9 136   4   279   0   0   1   1
traylor,robert    mil PF 44  447   58  122   0   4  41   68  50  115   20  25  27  25  79   0   157   0   0   0  16
trent,gary        dal PF 11  301   70  142   0   2  11   21  20   52   22   8  25   3  28   0   151   0   0   0  11
turkcan,mirsad    mil SF 17   90   14   38   0   6   5    8  13   33    5   3   8   1  14   0    33   0   0   0   0
turner,wayne      bos PG  3   41    1    6   0   0   2    6   1    3    5   0   3   0   4   0     4   0   0   0   0
vanexel,nick      den PG 79 2950  473 1213 133 401 196  240  34  311  714  68 221  11 148   0  1275  16   3   1  79
vanhorn,keith     njn PF 80 2782  559 1257  84 228 333  393 200  676  158  64 245  60 258   5  1535   2   0   1  80
vaughn,jacque     uta PG 78  884  109  262  14  34  57   76  11   65  121  32  77   0  92   0   289   1   0   0   0
vaught,loy        det PF 43  292   32   89   0   3  11   16  26   91   11   6  11   4  45   0    75   0   0   0   0
vinson,fred       sea PG  8   40    5   17   2   7   1    2   0    1    0   3   4   0   2   0    13   0   0   0   0
walker,antoine    bos PF 82 3003  648 1506  73 285 311  445 199  652  305 117 259  32 263   4  1680  17   3   0  82
walker,samaki     san PF 71  980  137  305   0   0  86  126  77  272   38  10  64  35 108   1   360   3   0   0   7
wallace,ben       orl PF 81 1951  166  330   0   0  57  117 209  650   67  71  71 130 164   0   389   4   0   0  81
wallace,john      nyk SF 60  798  155  332   0   3  82  102  42  135   22  10  63  14 103   0   392   2   0   0   0
wallace,rasheed   por PF 81 2845  542 1045   8  50 233  331 129  566  142  87 157 107 216   2  1325  38   7   0  77
walters,rex       mia SG 33  389   38   91   5  20  12   16   8   36   65   6  29   0  44   0    93   2   0   1   0
ward,charlie      nyk PG 72 1986  189  447 102 264  48   58  22  228  300  95 102  16 176   3   528   0   0   0  69
weatherspoon,cla  mia SF 78 1615  215  419   0   0 135  183 128  449   93  51 100  49 165   1   565   0   0   0   2
webber,chris      sac PF 75 2880  748 1548  27  95 311  414 190  788  345 120 218 128 264   7  1834  13   0   0  75
wells,bonzi       por SG 66 1162  236  480  20  53  88  129  78  182   97  69  97  12 153   3   580   7   0   0   0
wennington,bill   sac  C  7   56    6   20   0   0   2    2   5   19    1   2   1   2  13   0    14   0   0   0   0
wesley,david      cha PG 82 2760  407  955  88 248 214  275  39  225  463 109 159  11 186   2  1116   2   0   0  82
west,doug         van SG 38  581   59  145   0   3  34   40  18   71   43  12  19   8  80   1   152   0   0   0   0
west,mark         pho  C 22  127    5   12   0   0   5    8   6   31    2   2   6   4  23   0    15   0   0   0   2
white,jahidi      was  C 80 1537  228  450   0   0 113  211 202  553   15  31  94  83 234   2   569   0   0   0  59
whitney,chris     was PG 82 1627  217  521  96 255 112  132  20  134  313  55 107   5 166   1   642   0   0   0  15
williams,aaron    was PF 81 1545  235  450   0   3 146  201 159  409   58  41  80  92 234   3   616   3   1   0   0
williams,alvin    tor PG 55  779  114  287  16  55  48   65  27   85  126  34  47  11  78   0   292   0   0   0  28
williams,eric     bos SF 68 1378  165  386  25  72 134  169  55  156   93  44  66  16 165   3   489   1   0   0  17
williams,jason    sac PG 81 2760  363  973 145 505 128  170  22  230  589 117 296   8 140   0   999  13   2   0  81
williams,jerome   det PF 82 2102  257  456   0   3 175  284 277  789   68  95 105  21 196   0   689   2   0   0   1
williams,lorenzo  was PF  8   76    7    9   0   0   0    0  12   25    1   3   3   6  13   0    14   0   0   0   0
williams,monty    orl SF 75 1501  263  538   2   5 123  166  96  250  106  46 109  17 187   1   651   1   0   0  23
williams,scott    mil  C 68 1488  212  425   0   0  94  129 177  448   28  40  65  66 230   3   518  11   0   0  46
williams,shammon  sea PG 43  517   84  225  24  81  33   51  12   52   78  18  40   0  39   0   225   1   0   1   5
williams,walt     hou SF 76 1859  312  681 102 261 101  123  69  306  157  49 113  44 190   2   827   3   1   1  66
williamson,corli  sac SF 76 1707  311  622   0   0 163  212 122  290   82  38 110  19 192   0   785   3   1   1  76
willis,kevin      tor  C 79 1679  236  569   1   3 131  164 201  482   49  36  98  48 256   3   604   9   0   0   1
willoughby,dedri  chi PG 25  508   61  179  29  98  39   51  11   51   66  23  37   2  32   0   190   0   0   0   1
wingate,david     nyk SG  7   32    1    9   0   0   0    0   1    2    3   1   2   2   7   0     2   0   0   0   0
workman,haywoode  tor PG 36  350   31   90  14  43  10   15   1   26   61  20  18   0  37   1    86   0   0   0   2
wright,lorenzen   atl PF 75 1205  180  361   1   3  87  135 117  305   21  29  66  40 203   3   448   3   0   0   0
young,tim         gsw PF 25  137   13   39   0   0  28   36  13   35    5   2   9   1  18   0    54   0   0   0   0
